/*--------------------------------*- C++ -*----------------------------------*\
  =========                 |
  \\      /  F ield         | OpenFOAM: The Open Source CFD Toolbox
   \\    /   O peration     | Website:  https://openfoam.org
    \\  /    A nd           | Version:  7
     \\/     M anipulation  |
\*---------------------------------------------------------------------------*/
FoamFile
{
    version     2.0;
    format      ascii;
    class       volVectorField;
    location    "57.5";
    object      U;
}
// * * * * * * * * * * * * * * * * * * * * * * * * * * * * * * * * * * * * * //

dimensions      [0 1 -1 0 0 0 0];

internalField   nonuniform List<vector> 
2000
(
(-0.000400775 -0.0087294 -5.9038e-22)
(-0.00101098 -0.0156217 0)
(-0.00100291 -0.0162309 0)
(0.000199357 -0.0121781 -2.93934e-21)
(0.00261093 -0.00429776 9.17916e-22)
(0.00616181 0.00692887 1.55963e-23)
(0.010709 0.0211178 -1.58197e-21)
(0.0160303 0.0378386 0)
(0.0217709 0.0565322 0)
(0.0275787 0.0764614 0)
(8.67923e-05 -0.00814397 0)
(-0.00018905 -0.0152116 -2.28562e-21)
(-0.000312104 -0.016501 2.10782e-21)
(0.000410145 -0.0134354 3.91455e-21)
(0.00206382 -0.00676427 0)
(0.00465276 0.00310563 3.46677e-21)
(0.00811577 0.0158912 -3.2238e-21)
(0.0123146 0.0312901 0)
(0.016953 0.0488882 5.80352e-21)
(0.0216805 0.0681139 -1.11911e-20)
(0.000535549 -0.00745527 0)
(0.000796952 -0.0146286 1.85097e-20)
(0.00087253 -0.0165297 0)
(0.00144737 -0.0143967 1.61131e-20)
(0.00264404 -0.00891668 0)
(0.00451605 -0.000451541 -1.4161e-20)
(0.00706916 0.0107941 0)
(0.0102449 0.024642 1.25035e-20)
(0.0138229 0.0408457 -1.171e-20)
(0.0174299 0.0590457 -1.14509e-20)
(0.000966757 -0.00673292 -4.88475e-21)
(0.00201733 -0.013956 -9.19229e-21)
(0.00267353 -0.0163516 -4.31216e-21)
(0.00348661 -0.0150162 -7.94641e-21)
(0.00458681 -0.0106029 -7.54339e-21)
(0.00605273 -0.00346499 6.97819e-21)
(0.00793787 0.00623319 6.67895e-21)
(0.0102534 0.0184135 5.29651e-23)
(0.0128716 0.0330027 1.19287e-20)
(0.0153754 0.0498847 1.14518e-20)
(0.00142355 -0.00605707 -4.90087e-21)
(0.003565 -0.0132866 -9.43414e-21)
(0.00521929 -0.0160138 -1.77102e-20)
(0.00668969 -0.0152642 8.13557e-21)
(0.00809593 -0.0116893 0)
(0.00952137 -0.00566833 0)
(0.0110489 0.00262907 -1.3738e-20)
(0.0127431 0.0131794 -1.29598e-20)
(0.0145843 0.0260644 1.22889e-20)
(0.0161152 0.0414134 3.53594e-20)
(0.0019696 -0.00550488 4.93831e-21)
(0.00554687 -0.0127085 4.80985e-21)
(0.00862633 -0.0155684 -2.66008e-20)
(0.0111756 -0.0151395 4.1595e-20)
(0.0132973 -0.0120936 -7.71408e-21)
(0.0150731 -0.00686289 0)
(0.0165998 0.000332687 0)
(0.0179793 0.00946645 6.56092e-20)
(0.0193113 0.0207304 -6.1759e-20)
(0.0201451 0.0344617 1.17662e-20)
(0.00268576 -0.00513982 3.92784e-20)
(0.00807343 -0.0122898 0)
(0.0129795 -0.0150675 3.54241e-20)
(0.0169904 -0.0146724 -3.32443e-20)
(0.0201983 -0.0118065 0)
(0.0226876 -0.00697199 1.49221e-20)
(0.0245674 -0.000469108 -4.1941e-20)
(0.0259651 0.00761552 -5.29177e-20)
(0.0271027 0.0175151 2.49173e-20)
(0.0276294 0.0297073 2.39777e-20)
(0.00366072 -0.00499665 -7.8476e-20)
(0.0112463 -0.0120683 -9.59753e-21)
(0.0183171 -0.0145537 -1.79262e-20)
(0.024087 -0.0139175 -4.19596e-20)
(0.0286573 -0.0109008 -1.59439e-20)
(0.0321319 -0.006074 -1.50901e-20)
(0.0346422 0.000176114 -1.29066e-22)
(0.0363383 0.00766304 0)
(0.0375591 0.0165837 0)
(0.0381826 0.0274732 2.24239e-22)
(0.00497806 -0.00507622 3.91984e-20)
(0.0151394 -0.0120393 -3.8221e-20)
(0.024616 -0.0140452 2.674e-20)
(0.0323144 -0.0129443 5.90154e-20)
(0.0383797 -0.00952239 -1.57209e-20)
(0.0429634 -0.00440129 1.50149e-20)
(0.0462368 0.00196871 1.41836e-20)
(0.0483702 0.00930691 0)
(0.0497817 0.0177314 0)
(0.0507082 0.0277145 -2.11345e-22)
(0.00670868 -0.00534529 -4.87991e-21)
(0.0197821 -0.0121479 4.78875e-20)
(0.0317776 -0.0135287 -8.90827e-21)
(0.0414143 -0.0118241 0)
(0.048933 -0.00786851 0)
(0.0545783 -0.00231293 2.99188e-20)
(0.0586009 0.00437565 0)
(0.0612128 0.0118956 -2.6716e-20)
(0.0628003 0.0203277 -2.58038e-22)
(0.0637867 0.0299226 2.41376e-20)
(0.0420677 0.122076 4.4602e-22)
(0.0584157 0.196513 -4.51386e-22)
(0.060934 0.254811 -5.28816e-22)
(0.057605 0.309359 -5.93205e-22)
(0.049652 0.368478 -6.98053e-22)
(0.0438014 0.435882 -1.87452e-23)
(0.0302659 0.513006 3.67439e-22)
(0.0265802 0.60366 1.25281e-21)
(0.00404364 0.723339 0)
(0.00864786 0.863514 -9.06615e-22)
(0.0340137 0.113517 1.66047e-21)
(0.0523633 0.191308 -1.98211e-21)
(0.0567233 0.253291 3.56643e-21)
(0.054458 0.309638 5.94224e-22)
(0.0471851 0.369571 1.27254e-21)
(0.0418291 0.4375 2.12109e-21)
(0.028921 0.515124 -7.77125e-22)
(0.0254638 0.606289 -8.38471e-22)
(0.00387067 0.725843 1.66795e-21)
(0.0081553 0.864929 9.04461e-22)
(0.0268376 0.103637 0)
(0.0465743 0.184103 -1.87707e-21)
(0.0528413 0.250245 -1.04257e-21)
(0.0516479 0.308728 0)
(0.0450049 0.369604 -3.89505e-21)
(0.0401122 0.438155 1.23985e-21)
(0.0277584 0.516379 1.36856e-21)
(0.0244845 0.608165 4.63752e-21)
(0.00375984 0.727949 -1.66255e-21)
(0.00770968 0.866145 3.33624e-21)
(0.0210547 0.0929245 0)
(0.0410456 0.174852 1.89298e-21)
(0.0492753 0.2456 0)
(0.049152 0.306584 4.66223e-21)
(0.0430968 0.368555 -4.68626e-21)
(0.0386349 0.437786 -2.7405e-21)
(0.0267659 0.516617 -1.31586e-22)
(0.02365 0.60903 -4.54659e-21)
(0.00371477 0.729218 -7.5143e-22)
(0.00728901 0.866966 -4.11378e-21)
(0.0174598 0.0820516 2.42472e-22)
(0.0358537 0.163654 -5.42353e-21)
(0.0460099 0.239294 2.71822e-22)
(0.0469428 0.303177 -4.21425e-21)
(0.0414423 0.366494 0)
(0.0373737 0.436572 -2.65227e-21)
(0.025921 0.516177 -1.66445e-22)
(0.0229312 0.609431 5.80969e-21)
(0.00370151 0.730286 7.62626e-22)
(0.00690496 0.867693 -7.65359e-22)
(0.017012 0.0718103 -1.48889e-20)
(0.0312246 0.150868 9.48777e-21)
(0.0430324 0.231294 4.16079e-21)
(0.045 0.298431 -4.15853e-21)
(0.0400318 0.363278 -2.28223e-21)
(0.0363229 0.4342 0)
(0.0252256 0.514508 -5.32175e-21)
(0.0223462 0.60852 2.64405e-21)
(0.0037488 0.730175 2.84269e-21)
(0.00652995 0.867937 2.92476e-21)
(0.0204849 0.0629947 -1.86525e-21)
(0.0275975 0.13719 0)
(0.0403337 0.2216 0)
(0.0432917 0.292463 0)
(0.0388469 0.359322 -2.40317e-21)
(0.0354548 0.431436 4.67812e-21)
(0.024647 0.512764 5.22343e-21)
(0.0218288 0.607846 -8.02811e-21)
(0.00378172 0.730492 1.4014e-21)
(0.00619605 0.868309 -4.2846e-21)
(0.0280044 0.0561218 1.16357e-20)
(0.0256223 0.123587 8.06799e-21)
(0.0379649 0.210277 -7.99531e-21)
(0.0418199 0.284806 8.66985e-21)
(0.0378699 0.353636 -1.07788e-20)
(0.0347806 0.426753 0)
(0.0242161 0.508865 -2.42531e-21)
(0.0214688 0.604859 8.43798e-23)
(0.00391069 0.728818 -2.59873e-21)
(0.00585215 0.868003 -2.66988e-21)
(0.0386735 0.0509694 -1.0021e-20)
(0.0260393 0.110495 0)
(0.0359695 0.197898 -9.28158e-21)
(0.040577 0.277067 1.67473e-20)
(0.0371235 0.348838 -6.26266e-21)
(0.0342441 0.423617 -1.1292e-21)
(0.0238455 0.50693 2.42016e-21)
(0.0210729 0.604085 8.84517e-24)
(0.0039272 0.729036 3.78089e-21)
(0.00556356 0.868212 3.89902e-21)
(0.0503118 0.0478446 -8.36312e-21)
(0.0294932 0.0977512 8.16552e-21)
(0.0347984 0.181451 1.02034e-21)
(0.0394179 0.263643 0)
(0.0364598 0.338157 0)
(0.0339511 0.414632 1.09336e-21)
(0.0237075 0.499228 4.53338e-21)
(0.0209921 0.597911 -4.40144e-21)
(0.00418085 0.725203 -1.14772e-21)
(0.00523548 0.867342 1.11226e-21)
(0.0678854 0.0568523 0)
(0.0396387 0.0936866 0)
(0.0363271 0.170249 0)
(0.0394948 0.258431 0)
(0.0358591 0.337691 0)
(0.0329077 0.416458 0)
(0.0229053 0.501728 0)
(0.0198231 0.601359 0)
(0.00386288 0.728222 0)
(0.00466787 0.86813 0)
(0.082727 0.0868944 0)
(0.0574303 0.121368 0)
(0.0415478 0.178391 0)
(0.0402414 0.26091 0)
(0.0354179 0.342494 0)
(0.0308039 0.423577 0)
(0.0211176 0.510788 0)
(0.0179426 0.612281 0)
(0.00359485 0.738956 0)
(0.0040599 0.874555 0)
(0.0873943 0.0994375 0)
(0.0711793 0.142566 0)
(0.0507343 0.191803 0)
(0.0432372 0.266399 0)
(0.0378938 0.347708 0)
(0.0324627 0.428875 0)
(0.0221114 0.51581 0)
(0.0176645 0.61717 0)
(0.00388368 0.743047 0)
(0.00373025 0.875249 0)
(0.0852389 0.105097 0)
(0.0774466 0.15853 0)
(0.0591266 0.207433 0)
(0.0464481 0.276044 0)
(0.0380083 0.35644 0)
(0.0315479 0.438648 0)
(0.0217089 0.526709 0)
(0.0170787 0.629218 0)
(0.00427244 0.754512 0)
(0.00348715 0.882314 0)
(0.0793869 0.106236 0)
(0.0775398 0.168977 0)
(0.0644215 0.220996 0)
(0.051825 0.285501 0)
(0.0424304 0.363714 0)
(0.0343234 0.444872 0)
(0.0233229 0.531496 0)
(0.0174821 0.632942 0)
(0.00483121 0.757357 0)
(0.00336219 0.88247 0)
(0.0701106 0.104513 0)
(0.0725055 0.175027 0)
(0.0644153 0.23333 0)
(0.0521549 0.297298 0)
(0.0419061 0.374511 0)
(0.0338018 0.456781 0)
(0.0234401 0.544638 0)
(0.0175187 0.646678 0)
(0.00557554 0.769796 0)
(0.0033251 0.89051 0)
(0.0585008 0.0999108 0)
(0.0644748 0.175303 0)
(0.0632511 0.240374 0)
(0.0557912 0.306932 0)
(0.0459193 0.383034 0)
(0.036315 0.463067 0)
(0.0247324 0.548737 0)
(0.0177763 0.64946 0)
(0.00591696 0.771807 0)
(0.00324252 0.890541 0)
(0.045621 0.0931729 0)
(0.0536035 0.171921 0)
(0.0554091 0.242728 0)
(0.0512746 0.313877 0)
(0.0440597 0.393584 0)
(0.0360806 0.476995 0)
(0.0255173 0.564403 0)
(0.0183346 0.665299 0)
(0.00683296 0.785868 0)
(0.00328632 0.900093 0)
(0.0342841 0.0844878 0)
(0.0460801 0.166247 0)
(0.0535295 0.244269 0)
(0.0530463 0.320208 0)
(0.0462356 0.399901 0)
(0.0372931 0.481243 0)
(0.0260406 0.566886 0)
(0.0183979 0.666721 0)
(0.00701362 0.786934 0)
(0.00325491 0.900126 0)
(0.0199663 0.0671982 0)
(0.0316806 0.148005 0)
(0.0422589 0.231995 0)
(0.0473156 0.31895 0)
(0.0451515 0.408944 0)
(0.0384751 0.497126 0)
(0.0279048 0.58527 0)
(0.0195036 0.684911 0)
(0.00815601 0.802705 0)
(0.00337137 0.91102 0)
(0.0874244 0.0462255 7.39591e-21)
(0.0939819 0.0611611 -7.27096e-21)
(0.0929405 0.0650837 6.66881e-22)
(0.0877873 0.0651787 0)
(0.0797811 0.0623181 0)
(0.0684564 0.0578714 2.13384e-22)
(0.0548647 0.0516687 -2.72327e-22)
(0.0402834 0.0439459 2.67913e-22)
(0.0274299 0.0357431 -2.43499e-23)
(0.0141798 0.0203458 2.40126e-23)
(0.0929768 0.0417021 -9.41314e-21)
(0.0948852 0.050547 0)
(0.0915551 0.0507921 3.81715e-21)
(0.085296 0.0485566 -7.6619e-21)
(0.0767343 0.0440063 3.8602e-21)
(0.0651761 0.0383946 -2.09624e-22)
(0.0515995 0.0314437 1.77476e-22)
(0.0371977 0.0233475 4.14009e-23)
(0.0242407 0.0152947 -6.07634e-23)
(0.0119484 0.000759922 -5.03804e-23)
(0.0959999 0.0359766 1.06157e-20)
(0.0946932 0.0395502 -5.27603e-21)
(0.0900406 0.0367411 5.22515e-21)
(0.0830047 0.0323491 -3.02794e-21)
(0.0739521 0.0260694 2.36248e-21)
(0.0621071 0.0191859 0)
(0.0484791 0.0113491 -1.77881e-22)
(0.0342402 0.00287226 -7.37623e-24)
(0.0211925 -0.00509874 2.83487e-23)
(0.00947443 -0.0183961 7.73604e-23)
(0.0973502 0.028191 -1.64215e-21)
(0.0934786 0.0272366 0)
(0.0879539 0.0219777 0)
(0.0803571 0.0157871 0)
(0.0709838 0.00801039 1.48962e-21)
(0.0589965 3.70665e-05 -9.19314e-22)
(0.0454208 -0.00857514 6.13688e-23)
(0.0314042 -0.0173049 3.6168e-23)
(0.0184335 -0.0252066 2.41623e-23)
(0.00766301 -0.0369297 3.70917e-23)
(0.0970894 0.0184444 -8.58379e-22)
(0.0912649 0.0137541 -4.36362e-21)
(0.085221 0.00649329 -1.8507e-21)
(0.0772298 -0.00117269 1.84931e-21)
(0.0676506 -0.0101995 -5.63131e-22)
(0.055709 -0.0190294 0)
(0.0422877 -0.0282239 -1.52251e-22)
(0.0285957 -0.0370377 2.64731e-23)
(0.0159514 -0.0447628 -2.03333e-25)
(0.00604072 -0.0547692 -6.18819e-23)
(0.095462 0.00711361 -1.16024e-20)
(0.0882663 -0.000522787 1.8917e-21)
(0.0819809 -0.00947447 4.83305e-22)
(0.0737469 -0.0183319 1.77806e-21)
(0.0640824 -0.0284 0)
(0.0522799 -0.037857 0)
(0.039121 -0.0474212 0)
(0.0258535 -0.0561558 3.61685e-23)
(0.0137198 -0.0635426 0)
(0.00465289 -0.071837 0)
(0.0926991 -0.00537066 0)
(0.0846386 -0.0152095 3.37358e-21)
(0.0783536 -0.0256452 -2.18892e-21)
(0.0699759 -0.0354397 -1.26074e-21)
(0.0603641 -0.0463474 1.26718e-21)
(0.0487439 -0.0562247 2.33781e-22)
(0.0359771 -0.0659754 -2.96044e-22)
(0.0232306 -0.074471 -1.87902e-22)
(0.0117387 -0.0813628 1.3092e-23)
(0.00353209 -0.0880404 2.31327e-23)
(0.0889949 -0.0186097 0)
(0.0805391 -0.029969 -1.18559e-21)
(0.0743894 -0.0417332 -4.78538e-22)
(0.0659646 -0.0522179 0)
(0.0565193 -0.0637908 1.57258e-22)
(0.0451913 -0.073907 -5.81307e-22)
(0.0329031 -0.0836766 2.11863e-22)
(0.020766 -0.0917962 -7.19415e-24)
(0.0100081 -0.098071 -2.79087e-24)
(0.00265454 -0.103287 -2.90177e-23)
(0.0844868 -0.0322762 1.46652e-21)
(0.0760749 -0.0445002 1.05233e-21)
(0.0701238 -0.0574673 -3.46501e-22)
(0.0617833 -0.0684195 1.82785e-22)
(0.0526071 -0.0804904 2.58645e-22)
(0.0416756 -0.0906855 2.45821e-22)
(0.0299392 -0.100324 -4.61793e-23)
(0.0184886 -0.107964 -1.92235e-23)
(0.00851905 -0.113547 2.8e-24)
(0.00198162 -0.117494 -2.19217e-24)
(0.0793284 -0.0460303 -3.13074e-22)
(0.0713057 -0.0585614 3.16012e-22)
(0.0656492 -0.0726143 -2.37429e-22)
(0.0575056 -0.0838246 -1.82503e-22)
(0.0486832 -0.0962317 1.0854e-22)
(0.0382432 -0.10637 -1.9341e-22)
(0.0271212 -0.115747 6.35582e-23)
(0.0164172 -0.122843 1.72217e-24)
(0.00725489 -0.127709 0)
(0.00147478 -0.130599 2.19651e-24)
(0.0737584 -0.0596085 3.1561e-22)
(0.0663652 -0.0719687 -3.18358e-22)
(0.0610776 -0.0869814 -2.4167e-22)
(0.0532349 -0.0982592 -1.87787e-22)
(0.0448234 -0.110842 -1.12558e-22)
(0.0349527 -0.120819 2.09006e-23)
(0.0244856 -0.129825 3.60618e-23)
(0.014563 -0.136352 4.83754e-23)
(0.00619391 -0.140518 0)
(0.00109823 -0.142562 -2.12695e-24)
(0.0680327 -0.0728244 0)
(0.0614253 -0.0845976 -1.07362e-21)
(0.0565404 -0.100418 1.81699e-21)
(0.0490915 -0.111605 1.8806e-22)
(0.0411121 -0.1242 2.86448e-22)
(0.0318639 -0.133943 2.88912e-22)
(0.0220642 -0.14249 -5.57619e-23)
(0.0129285 -0.148466 -2.84442e-23)
(0.00531187 -0.151978 3.02107e-23)
(0.000820562 -0.153376 2.12164e-24)
(0.0623462 -0.0855528 0)
(0.0566154 -0.0963877 -1.21326e-21)
(0.0521276 -0.112819 -4.94463e-22)
(0.0451581 -0.123807 0)
(0.0376057 -0.136239 -7.79609e-22)
(0.0290128 -0.14572 2.99868e-22)
(0.019873 -0.153738 1.67956e-22)
(0.0115052 -0.159213 2.53464e-22)
(0.00458365 -0.162136 -3.01121e-23)
(0.000615855 -0.16307 2.27097e-23)
(0.0568384 -0.0977125 0)
(0.0520243 -0.107353 1.22329e-21)
(0.0478917 -0.12413 0)
(0.0414807 -0.13488 1.4138e-21)
(0.0343345 -0.146959 -1.42115e-21)
(0.0264121 -0.156188 -3.52847e-22)
(0.0179135 -0.163626 8.76045e-23)
(0.0102762 -0.168675 -2.64867e-22)
(0.00398517 -0.17108 -4.78145e-23)
(0.000463513 -0.171704 -3.58937e-23)
(0.0516224 -0.109255 1.21079e-20)
(0.0477328 -0.117582 -4.55085e-21)
(0.0438809 -0.134343 -4.39422e-22)
(0.0380921 -0.144902 -1.90123e-21)
(0.0313221 -0.156421 0)
(0.0240628 -0.165443 -3.77734e-22)
(0.0161793 -0.172262 1.37164e-22)
(0.00922006 -0.176975 4.14506e-22)
(0.00349506 -0.178928 1.56777e-23)
(0.000347697 -0.179371 -1.56493e-23)
(0.0467762 -0.120143 9.36836e-22)
(0.0438162 -0.127237 7.10463e-21)
(0.0401479 -0.143495 1.97279e-21)
(0.0350172 -0.154001 -1.97163e-21)
(0.0285915 -0.164737 -6.80918e-22)
(0.02196 -0.173621 0)
(0.0146608 -0.179794 -5.99419e-22)
(0.0083154 -0.18426 3.19597e-22)
(0.00309558 -0.18582 1.53622e-22)
(0.000256648 -0.186187 3.88324e-23)
(0.042374 -0.13031 -1.6769e-21)
(0.0403758 -0.136541 0)
(0.0367765 -0.151665 0)
(0.0322871 -0.162333 0)
(0.0261752 -0.172064 -5.25167e-22)
(0.0201022 -0.180883 1.20481e-21)
(0.0133504 -0.186391 6.19602e-22)
(0.00754401 -0.190694 -7.2011e-22)
(0.00277326 -0.191911 3.98422e-23)
(0.000181679 -0.192283 -7.78493e-23)
(0.0384392 -0.139629 -3.84605e-21)
(0.0374586 -0.14575 5.28324e-21)
(0.0338146 -0.158965 -5.23357e-21)
(0.0298899 -0.170058 3.38351e-21)
(0.0240804 -0.178582 -4.10181e-21)
(0.0184707 -0.187398 0)
(0.0122313 -0.19223 -3.82221e-22)
(0.00688619 -0.196438 -1.86976e-23)
(0.00251609 -0.197354 -1.35416e-22)
(0.000114923 -0.197797 -4.68243e-23)
(0.0344572 -0.147819 -1.81497e-21)
(0.034603 -0.155101 0)
(0.0309897 -0.165547 -5.17982e-21)
(0.0275624 -0.17733 8.04427e-21)
(0.0221416 -0.184492 -2.76267e-21)
(0.0169386 -0.193341 -2.9081e-22)
(0.0112252 -0.19749 3.81352e-22)
(0.00629428 -0.201651 4.63339e-23)
(0.00230173 -0.2023 2.81651e-22)
(5.02511e-05 -0.202869 9.25736e-23)
(0.0304919 -0.154234 -7.377e-21)
(0.0316572 -0.164808 7.20144e-21)
(0.0283866 -0.171667 6.69245e-22)
(0.0252985 -0.184324 0)
(0.0203514 -0.190036 0)
(0.0155009 -0.198914 2.99746e-22)
(0.0103172 -0.202367 7.07677e-22)
(0.00575838 -0.206493 -6.94271e-22)
(0.00212044 -0.206893 -5.17455e-23)
(1.07434e-05 -0.207635 5.05734e-23)
(0.0321126 -0.162863 0)
(0.0318906 -0.187535 0)
(0.0281384 -0.185347 0)
(0.0242166 -0.200394 0)
(0.0192667 -0.202875 0)
(0.0142247 -0.211882 0)
(0.00945291 -0.21367 0)
(0.00518184 -0.217659 0)
(0.00200035 -0.217396 0)
(5.96321e-05 -0.218502 0)
(0.024132 -0.198982 0)
(0.0198744 -0.223 0)
(0.0181903 -0.2159 0)
(0.0146275 -0.229688 0)
(0.012047 -0.228156 0)
(0.00867814 -0.235957 0)
(0.00600249 -0.235222 0)
(0.00331203 -0.238663 0)
(0.00142938 -0.237311 0)
(0.000100888 -0.238649 0)
(0.0227702 -0.236686 0)
(0.0177657 -0.259886 0)
(0.0155158 -0.249161 0)
(0.0117512 -0.262522 0)
(0.00958086 -0.257939 0)
(0.00660853 -0.265497 0)
(0.0047167 -0.262828 0)
(0.00259783 -0.266307 0)
(0.001284 -0.263976 0)
(0.000110736 -0.265683 0)
(0.0204696 -0.280159 0)
(0.015177 -0.303465 0)
(0.0130664 -0.289958 0)
(0.00944566 -0.303677 0)
(0.00781063 -0.29662 0)
(0.00521288 -0.304618 0)
(0.00394084 -0.300294 0)
(0.00217096 -0.304264 0)
(0.00123771 -0.300949 0)
(0.000103892 -0.303222 0)
(0.0186944 -0.332946 0)
(0.0135599 -0.356467 0)
(0.0113376 -0.341501 0)
(0.00793879 -0.355884 0)
(0.00656734 -0.347201 0)
(0.00426565 -0.355999 0)
(0.00337654 -0.350421 0)
(0.00182013 -0.35515 0)
(0.00115297 -0.350966 0)
(6.18705e-05 -0.354005 0)
(0.0168309 -0.39607 0)
(0.0119245 -0.41811 0)
(0.00982021 -0.404082 0)
(0.00663385 -0.418267 0)
(0.00549428 -0.40947 0)
(0.00340058 -0.418606 0)
(0.00275108 -0.412599 0)
(0.0013238 -0.417873 0)
(0.000889838 -0.413275 0)
(-4.3824e-05 -0.41698 0)
(0.0140633 -0.46412 0)
(0.00975242 -0.482047 0)
(0.00798756 -0.471793 0)
(0.00521472 -0.483928 0)
(0.00428688 -0.476949 0)
(0.00243366 -0.485081 0)
(0.00190805 -0.479877 0)
(0.000642263 -0.484804 0)
(0.00043453 -0.480632 0)
(-0.000171234 -0.484395 0)
(0.0105894 -0.525395 0)
(0.00728335 -0.537898 0)
(0.00583229 -0.5328 0)
(0.00367574 -0.541329 0)
(0.00292009 -0.537314 0)
(0.00143433 -0.543068 0)
(0.00099423 -0.539598 0)
(-6.76201e-06 -0.543099 0)
(-3.28365e-06 -0.540099 0)
(-0.000242082 -0.542964 0)
(0.00647062 -0.569414 0)
(0.00433372 -0.576733 0)
(0.00345073 -0.576164 0)
(0.002105 -0.581094 0)
(0.0016378 -0.579971 0)
(0.000667691 -0.583023 0)
(0.000369798 -0.581416 0)
(-0.000278178 -0.583074 0)
(-0.000178665 -0.581443 0)
(-0.000206412 -0.582901 0)
(0.00208291 -0.591415 0)
(0.0013018 -0.596478 0)
(0.00110564 -0.598377 0)
(0.000655222 -0.601227 0)
(0.000537181 -0.601636 0)
(0.000188426 -0.60308 0)
(9.34411e-05 -0.602531 0)
(-0.00014082 -0.603088 0)
(-8.6197e-05 -0.602283 0)
(-7.9302e-05 -0.602861 0)
(0.0297878 -0.175057 8.51142e-21)
(0.0249288 -0.212094 -8.34975e-21)
(0.0247701 -0.25137 1.05912e-21)
(0.0227234 -0.296332 0)
(0.0212366 -0.349359 0)
(0.019169 -0.410548 1.17129e-21)
(0.0161462 -0.474199 -4.96467e-21)
(0.0122194 -0.529909 4.90744e-21)
(0.00767419 -0.569358 1.32267e-21)
(0.00262282 -0.588803 -1.30265e-21)
(0.0293716 -0.181139 -1.00614e-20)
(0.0256454 -0.217668 0)
(0.0257378 -0.256785 7.06414e-21)
(0.0237654 -0.301791 -1.61839e-20)
(0.0223684 -0.354599 1.02845e-20)
(0.0202007 -0.414937 -1.07027e-21)
(0.0170694 -0.476973 2.34978e-21)
(0.0129586 -0.530889 4.91422e-21)
(0.00821329 -0.568824 1.36872e-21)
(0.00285022 -0.587729 1.33331e-21)
(0.0293941 -0.187425 1.17689e-20)
(0.0268622 -0.223746 -7.91089e-21)
(0.0270465 -0.262374 7.83596e-21)
(0.0250995 -0.306994 -8.48666e-21)
(0.0237191 -0.359294 6.293e-21)
(0.0213898 -0.418596 0)
(0.0180771 -0.478991 -2.35557e-21)
(0.0137255 -0.531252 1.1674e-22)
(0.00870231 -0.567871 -2.56668e-21)
(0.00301587 -0.586425 -2.62004e-21)
(0.0298803 -0.192818 -1.90021e-21)
(0.0284601 -0.229254 0)
(0.0286726 -0.267616 0)
(0.0267346 -0.311912 0)
(0.0253054 -0.363719 6.8932e-21)
(0.0227672 -0.421982 -4.60053e-21)
(0.0192137 -0.480786 -2.25983e-23)
(0.0145607 -0.531398 -2.74267e-21)
(0.00918703 -0.566741 -1.4021e-21)
(0.00314984 -0.584769 -1.49232e-21)
(0.0309406 -0.197546 5.97953e-23)
(0.0303983 -0.233884 -5.70804e-21)
(0.0305649 -0.272048 -4.19536e-21)
(0.028625 -0.316153 4.19278e-21)
(0.0270974 -0.367571 -2.26189e-21)
(0.0243239 -0.424908 0)
(0.0204991 -0.482279 -2.58654e-21)
(0.0155037 -0.531346 5.6044e-21)
(0.0097313 -0.565476 -2.86298e-21)
(0.00329704 -0.58285 2.92862e-21)
(0.0326371 -0.201791 -1.52855e-20)
(0.0327134 -0.237759 1.7356e-21)
(0.0327369 -0.275604 -2.3357e-22)
(0.0307567 -0.319516 4.29775e-21)
(0.0290781 -0.370583 0)
(0.0260468 -0.427104 0)
(0.0219314 -0.483234 0)
(0.0165678 -0.530956 2.99458e-21)
(0.010366 -0.56402 0)
(0.00348191 -0.580763 0)
(0.0349802 -0.205432 0)
(0.0354333 -0.240911 6.1334e-21)
(0.0352306 -0.278323 -4.13276e-21)
(0.0331501 -0.321987 -4.73338e-21)
(0.0312606 -0.372684 4.75805e-21)
(0.0279416 -0.428459 2.76012e-21)
(0.0235094 -0.483521 -2.74628e-21)
(0.0177505 -0.530121 -1.06905e-20)
(0.0110912 -0.56231 7.61882e-22)
(0.00370788 -0.57854 -2.57957e-21)
(0.0379731 -0.208285 0)
(0.0385621 -0.243239 -2.00527e-21)
(0.038075 -0.280178 -1.10804e-21)
(0.0358285 -0.323568 0)
(0.0336698 -0.373883 1.35132e-21)
(0.0300282 -0.428976 -4.08981e-21)
(0.0252425 -0.483124 4.48389e-21)
(0.0190519 -0.528807 1.5868e-21)
(0.0118995 -0.560311 -1.72869e-21)
(0.00397081 -0.576164 3.42484e-21)
(0.0416256 -0.21022 1.88047e-21)
(0.0420991 -0.244649 2.14826e-21)
(0.0412852 -0.281095 -4.92262e-22)
(0.0388047 -0.324232 6.2015e-22)
(0.0363263 -0.374184 1.3019e-21)
(0.0323264 -0.428687 2.1523e-21)
(0.0271441 -0.482077 -7.99496e-22)
(0.0204762 -0.527036 -8.57686e-22)
(0.0127855 -0.558022 1.7344e-21)
(0.00426707 -0.573612 9.36004e-22)
(0.0459477 -0.211137 -5.07491e-22)
(0.0460476 -0.245096 5.11906e-22)
(0.0448721 -0.281009 -5.68897e-22)
(0.0420837 -0.323945 -6.19372e-22)
(0.0392437 -0.373567 7.17642e-22)
(0.0348505 -0.427594 -1.46126e-21)
(0.029229 -0.480395 1.22136e-21)
(0.0220349 -0.524817 4.33338e-22)
(0.013754 -0.555444 0)
(0.00459782 -0.570868 -9.38084e-22)
(0.0509441 -0.210951 5.19407e-22)
(0.0504093 -0.244582 -5.24139e-22)
(0.0488481 -0.279885 -6.07716e-22)
(0.0456693 -0.322693 -6.65604e-22)
(0.0424329 -0.372022 -7.46834e-22)
(0.0376086 -0.425711 -4.58763e-23)
(0.0315044 -0.478102 4.30021e-22)
(0.0237321 -0.522177 1.37779e-21)
(0.0148061 -0.552587 0)
(0.0049632 -0.567928 -1.01986e-21)
(0.0566147 -0.209634 0)
(0.0551812 -0.243118 -2.34787e-21)
(0.0532238 -0.277732 4.23503e-21)
(0.0495611 -0.320482 6.66753e-22)
(0.045904 -0.369541 1.52044e-21)
(0.0406097 -0.423019 2.46402e-21)
(0.0339854 -0.475168 -8.69375e-22)
(0.0255848 -0.519089 -9.33382e-22)
(0.0159544 -0.549436 2.05268e-21)
(0.00536789 -0.564781 1.01747e-21)
(0.0629549 -0.207243 0)
(0.0603559 -0.240703 -2.33544e-21)
(0.0580062 -0.274604 -1.26442e-21)
(0.0537648 -0.317334 0)
(0.0496656 -0.366179 -4.76175e-21)
(0.0438554 -0.419568 1.59577e-21)
(0.0366671 -0.471658 1.86199e-21)
(0.0275823 -0.515598 5.96918e-21)
(0.0171894 -0.546004 -2.04603e-21)
(0.00580648 -0.561427 4.40043e-21)
(0.0699597 -0.203898 0)
(0.0659296 -0.237323 2.35544e-21)
(0.0631837 -0.270658 0)
(0.0582774 -0.313252 6.14043e-21)
(0.0537256 -0.361934 -6.1719e-21)
(0.0473626 -0.415304 -3.67756e-21)
(0.0395755 -0.467489 -6.97704e-23)
(0.0297606 -0.511619 -6.13252e-21)
(0.0185375 -0.542234 -1.02253e-21)
(0.00628842 -0.557823 -5.47327e-21)
(0.0776138 -0.199832 1.76848e-20)
(0.0718839 -0.232922 -6.72598e-21)
(0.0687569 -0.265906 5.63508e-22)
(0.0631401 -0.308237 -5.82178e-21)
(0.0580801 -0.35686 0)
(0.0511232 -0.41034 -3.82714e-21)
(0.0426859 -0.462801 -2.88897e-22)
(0.0320849 -0.507287 8.32441e-21)
(0.0199684 -0.538218 1.13425e-21)
(0.00679687 -0.554022 -1.13853e-21)
(0.0859033 -0.195124 -1.30091e-21)
(0.0782745 -0.227471 1.23225e-20)
(0.0746774 -0.260294 6.04505e-21)
(0.0683476 -0.302352 -6.04094e-21)
(0.0627389 -0.350916 -3.54795e-21)
(0.0551718 -0.404531 0)
(0.0460564 -0.457372 -8.5028e-21)
(0.0346282 -0.502402 4.26302e-21)
(0.0215458 -0.533834 4.52802e-21)
(0.00736203 -0.549942 4.84156e-21)
(0.0946445 -0.189818 -2.42116e-21)
(0.0851123 -0.221235 0)
(0.0808935 -0.254071 0)
(0.0738676 -0.295902 0)
(0.0676623 -0.344513 -4.03444e-21)
(0.0594386 -0.398409 7.56939e-21)
(0.0495758 -0.451768 8.65362e-21)
(0.0372561 -0.497398 -1.3573e-20)
(0.0231583 -0.529319 2.41729e-21)
(0.00792502 -0.545721 -7.19054e-21)
(0.103718 -0.183895 -4.00429e-21)
(0.0923928 -0.214125 1.18136e-20)
(0.0874137 -0.246984 -1.17009e-20)
(0.0797552 -0.288394 1.44199e-20)
(0.072956 -0.336886 -1.81029e-20)
(0.0641021 -0.390968 0)
(0.0534942 -0.444953 -4.51619e-21)
(0.0402448 -0.491492 -1.7647e-22)
(0.0250268 -0.524242 -5.01465e-21)
(0.00859381 -0.541084 -5.10249e-21)
(0.112888 -0.178276 -2.5771e-21)
(0.0999293 -0.207206 0)
(0.0939962 -0.240409 -1.52708e-20)
(0.0857229 -0.281633 2.84501e-20)
(0.0782717 -0.330303 -1.09429e-20)
(0.0687146 -0.384742 -2.15246e-21)
(0.0572759 -0.439247 4.50652e-21)
(0.0430546 -0.48629 -2.14324e-22)
(0.0267417 -0.519422 7.32664e-21)
(0.0091596 -0.536499 7.5507e-21)
(0.122575 -0.17019 -1.1345e-20)
(0.108932 -0.196998 1.11024e-20)
(0.101668 -0.230296 1.63408e-21)
(0.0927465 -0.270997 0)
(0.0846008 -0.319577 0)
(0.074379 -0.374486 2.09573e-21)
(0.0621042 -0.430234 9.46018e-21)
(0.0467941 -0.478918 -9.24269e-21)
(0.0291154 -0.513428 -2.51278e-21)
(0.0100229 -0.53109 2.47e-21)
(0.133824 -0.171149 0)
(0.128285 -0.193461 0)
(0.117074 -0.228065 0)
(0.106591 -0.268061 0)
(0.0968514 -0.315702 0)
(0.0847827 -0.368878 0)
(0.0704517 -0.422473 0)
(0.0528822 -0.469075 0)
(0.0327548 -0.502298 0)
(0.0109649 -0.519755 0)
(0.156854 -0.155591 0)
(0.161785 -0.18281 0)
(0.144072 -0.22046 0)
(0.133309 -0.259856 0)
(0.120751 -0.306687 0)
(0.105447 -0.357395 0)
(0.0873864 -0.407349 0)
(0.0655434 -0.44986 0)
(0.0407903 -0.479237 0)
(0.0142887 -0.493479 0)
(0.188142 -0.140269 0)
(0.197796 -0.16887 0)
(0.173152 -0.206034 0)
(0.163508 -0.243853 0)
(0.14679 -0.28928 0)
(0.127676 -0.336699 0)
(0.105076 -0.382984 0)
(0.0782671 -0.422515 0)
(0.0481826 -0.450736 0)
(0.0158084 -0.466212 0)
(0.22765 -0.129596 0)
(0.238905 -0.157183 0)
(0.207888 -0.192983 0)
(0.200262 -0.229626 0)
(0.177602 -0.27333 0)
(0.154545 -0.316507 0)
(0.126538 -0.358497 0)
(0.093964 -0.393344 0)
(0.0581343 -0.41692 0)
(0.0205465 -0.427478 0)
(0.274532 -0.115755 0)
(0.283967 -0.140935 0)
(0.247605 -0.174155 0)
(0.240496 -0.207902 0)
(0.208853 -0.246917 0)
(0.181433 -0.283996 0)
(0.146337 -0.321341 0)
(0.107494 -0.352522 0)
(0.0652772 -0.375693 0)
(0.0205036 -0.390177 0)
(0.330442 -0.106425 0)
(0.335655 -0.128553 0)
(0.295319 -0.159233 0)
(0.285974 -0.188588 0)
(0.244329 -0.222465 0)
(0.214064 -0.254411 0)
(0.170833 -0.287601 0)
(0.12534 -0.313421 0)
(0.0768544 -0.331286 0)
(0.0284182 -0.336869 0)
(0.388828 -0.0868623 0)
(0.385504 -0.104334 0)
(0.342274 -0.129903 0)
(0.326438 -0.152388 0)
(0.275386 -0.179932 0)
(0.241634 -0.205381 0)
(0.18603 -0.231865 0)
(0.134298 -0.252705 0)
(0.0783502 -0.273017 0)
(0.0205135 -0.2924 0)
(0.450185 -0.0735966 0)
(0.43777 -0.0862139 0)
(0.395439 -0.10698 0)
(0.370695 -0.123387 0)
(0.316237 -0.146238 0)
(0.276615 -0.165625 0)
(0.211843 -0.187679 0)
(0.156522 -0.206595 0)
(0.0938987 -0.225467 0)
(0.0428877 -0.224303 0)
(0.494822 -0.0397665 0)
(0.475108 -0.0458752 0)
(0.424486 -0.0583725 0)
(0.390195 -0.0664241 0)
(0.326644 -0.080192 0)
(0.276605 -0.0892608 0)
(0.198588 -0.102231 0)
(0.133785 -0.113083 0)
(0.0570471 -0.134793 0)
(-0.0224945 -0.183322 0)
(0.708757 -0.0200979 0)
(0.684217 -0.0235062 0)
(0.639843 -0.0286875 0)
(0.601029 -0.0332806 0)
(0.542504 -0.0402644 0)
(0.487323 -0.0469745 0)
(0.410364 -0.0575815 0)
(0.331279 -0.0717618 0)
(0.225653 -0.100358 0)
(0.15799 -0.15687 0)
(0.160434 -0.150973 1.18859e-20)
(0.186149 -0.134313 -1.171e-20)
(0.218615 -0.119778 1.81575e-21)
(0.257723 -0.109844 0)
(0.304165 -0.0976351 0)
(0.357645 -0.0893792 2.60364e-21)
(0.414094 -0.0723342 -1.22377e-20)
(0.471523 -0.0618156 1.21005e-20)
(0.521721 -0.0325651 3.43373e-21)
(0.730092 -0.0172915 -3.46031e-21)
(0.168723 -0.14245 -1.16803e-20)
(0.193655 -0.125388 0)
(0.225927 -0.111554 1.27017e-20)
(0.265067 -0.102018 -3.03831e-20)
(0.311617 -0.0904684 2.02426e-20)
(0.364912 -0.0826471 -2.40145e-21)
(0.42125 -0.066547 5.21838e-21)
(0.478198 -0.0571254 1.16085e-20)
(0.531343 -0.0297018 3.18722e-21)
(0.738172 -0.0160966 3.12112e-21)
(0.175863 -0.132958 1.35828e-20)
(0.199904 -0.116024 -1.23989e-20)
(0.231369 -0.103174 1.22816e-20)
(0.270248 -0.0941445 -1.60568e-20)
(0.31668 -0.0833444 1.16908e-20)
(0.369915 -0.0760737 0)
(0.426306 -0.061019 -5.23112e-21)
(0.483389 -0.052795 -7.54629e-23)
(0.539505 -0.0271494 -6.01458e-21)
(0.745461 -0.0149644 -6.25517e-21)
(0.183102 -0.12286 -2.31213e-21)
(0.207016 -0.106405 0)
(0.237661 -0.0946329 0)
(0.276233 -0.0861975 0)
(0.322408 -0.0762215 1.30632e-20)
(0.375407 -0.0696167 -8.86569e-21)
(0.431683 -0.0557071 -2.93812e-22)
(0.488728 -0.0487292 -5.91171e-21)
(0.547177 -0.0248605 -3.02286e-21)
(0.752369 -0.0139172 -3.07308e-21)
(0.189806 -0.112414 1.74895e-21)
(0.21384 -0.0967148 -7.23552e-21)
(0.243877 -0.0860328 -6.82264e-21)
(0.282284 -0.0782761 6.81842e-21)
(0.328342 -0.0691545 -4.13896e-21)
(0.381197 -0.0632923 0)
(0.437345 -0.0505683 -5.14571e-21)
(0.494263 -0.0448202 1.1376e-20)
(0.554582 -0.0227405 -5.72947e-21)
(0.758947 -0.0129426 6.15494e-21)
(0.195731 -0.101652 -1.76155e-20)
(0.219684 -0.0870044 1.27103e-21)
(0.249267 -0.077427 -8.93208e-22)
(0.287537 -0.0704353 6.70949e-21)
(0.333534 -0.0622165 0)
(0.386433 -0.0571484 0)
(0.442562 -0.0456113 0)
(0.499487 -0.0410435 5.48187e-21)
(0.561503 -0.0207386 0)
(0.765076 -0.0120242 0)
(0.200843 -0.0905817 0)
(0.224533 -0.0772577 8.2946e-21)
(0.253684 -0.0688214 -5.70705e-21)
(0.291818 -0.0626613 -7.5211e-21)
(0.337693 -0.0554061 7.56024e-21)
(0.390728 -0.0512002 4.73088e-21)
(0.446875 -0.0408429 -4.50281e-21)
(0.504044 -0.0374074 -1.8948e-20)
(0.567691 -0.0188443 1.34459e-21)
(0.770652 -0.0111583 -4.46552e-21)
(0.205052 -0.0792332 0)
(0.228432 -0.0674548 -2.59537e-21)
(0.257161 -0.0602025 -1.50913e-21)
(0.29513 -0.0549357 0)
(0.340892 -0.0486942 2.22424e-21)
(0.394039 -0.0454039 -6.45587e-21)
(0.4502 -0.0362491 7.52735e-21)
(0.507831 -0.0339177 2.84688e-21)
(0.572972 -0.017048 -2.82944e-21)
(0.775605 -0.0103451 5.97116e-21)
(0.208228 -0.0676314 1.84217e-21)
(0.231333 -0.0575834 2.76266e-21)
(0.259688 -0.0515555 -5.34905e-22)
(0.297458 -0.0472458 8.63742e-22)
(0.343166 -0.0420523 1.97362e-21)
(0.396399 -0.0397126 3.32862e-21)
(0.452657 -0.031801 -1.21894e-21)
(0.510816 -0.0305511 -1.33224e-21)
(0.577383 -0.0153404 2.83878e-21)
(0.779955 -0.00959517 1.46177e-21)
(0.210238 -0.0557833 -5.6706e-22)
(0.233162 -0.0476304 5.74205e-22)
(0.26121 -0.0428667 -7.45905e-22)
(0.298759 -0.0395772 -8.6264e-22)
(0.344463 -0.0354574 1.03473e-21)
(0.397808 -0.0340991 -2.14847e-21)
(0.454292 -0.0274596 1.85255e-21)
(0.512981 -0.0272775 6.94953e-22)
(0.580975 -0.0137062 0)
(0.783679 -0.00889815 -1.46496e-21)
(0.211006 -0.0436792 5.63617e-22)
(0.233901 -0.0375813 -5.70772e-22)
(0.261696 -0.0341206 -7.40208e-22)
(0.299015 -0.0319092 -8.56954e-22)
(0.344741 -0.0288864 -1.03113e-21)
(0.398253 -0.0285415 -5.56327e-23)
(0.455088 -0.0231895 5.79407e-22)
(0.51435 -0.0240765 1.9542e-21)
(0.583779 -0.0121295 0)
(0.786786 -0.00824365 -1.44487e-21)
(0.210544 -0.0313172 0)
(0.233602 -0.0274179 -2.7253e-21)
(0.261166 -0.0252966 4.97014e-21)
(0.298238 -0.0242156 8.58419e-22)
(0.343984 -0.0223126 1.9486e-21)
(0.39771 -0.023013 3.28789e-21)
(0.454992 -0.0189572 -1.20897e-21)
(0.514896 -0.020926 -1.31741e-21)
(0.585731 -0.0105872 2.77697e-21)
(0.789273 -0.00761 1.44148e-21)
(0.208877 -0.0187261 0)
(0.232318 -0.0171151 -2.50941e-21)
(0.259659 -0.0163658 -1.48723e-21)
(0.296463 -0.0164643 0)
(0.342216 -0.0157025 -6.08308e-21)
(0.396191 -0.0174808 1.96697e-21)
(0.454017 -0.0147344 2.32527e-21)
(0.514661 -0.0178102 7.78494e-21)
(0.586879 -0.00906855 -2.76797e-21)
(0.791178 -0.0070006 5.72876e-21)
(0.206004 -0.00595415 0)
(0.230044 -0.00664861 2.53088e-21)
(0.257186 -0.00730015 0)
(0.293704 -0.00862416 7.36262e-21)
(0.339433 -0.00902048 -7.40036e-21)
(0.393663 -0.0119071 -4.60739e-21)
(0.452101 -0.0104828 -2.00194e-22)
(0.513558 -0.0146947 -7.81684e-21)
(0.587099 -0.00754569 -1.29821e-21)
(0.792483 -0.00639027 -7.09362e-21)
(0.201955 0.00693226 1.62768e-20)
(0.226768 0.0040021 -6.20935e-21)
(0.25378 0.00191993 9.25886e-22)
(0.290011 -0.000667896 -6.51239e-21)
(0.335695 -0.00223595 0)
(0.390226 -0.00626631 -4.63527e-21)
(0.449385 -0.0061888 -4.01024e-22)
(0.511752 -0.0115797 1.03024e-20)
(0.586625 -0.00602567 1.39883e-21)
(0.793255 -0.0058034 -1.39791e-21)
(0.196817 0.0198353 -2.10944e-21)
(0.222467 0.0148517 1.18927e-20)
(0.249453 0.0113064 6.58178e-21)
(0.285367 0.00743344 -6.57718e-21)
(0.330927 0.00468855 -4.00303e-21)
(0.385722 -0.000509485 0)
(0.44561 -0.00178737 -9.98523e-21)
(0.508957 -0.00840032 4.97854e-21)
(0.585095 -0.00445987 5.38979e-21)
(0.793428 -0.00519044 5.68235e-21)
(0.190803 0.0326176 -2.08381e-21)
(0.217265 0.0259012 0)
(0.2444 0.0208478 0)
(0.280013 0.015682 0)
(0.325465 0.0117469 -4.53947e-21)
(0.38063 0.00533889 8.52801e-21)
(0.441365 0.00266562 1.00167e-20)
(0.505776 -0.0052271 -1.56877e-20)
(0.583225 -0.00289426 2.79951e-21)
(0.793134 -0.00461336 -8.3904e-21)
(0.183935 0.0450651 -3.1114e-21)
(0.210892 0.0371724 1.16858e-20)
(0.238307 0.0305904 -1.15739e-20)
(0.273512 0.0241629 1.55262e-20)
(0.318647 0.0190547 -1.94981e-20)
(0.373997 0.0114384 0)
(0.435507 0.00737098 -4.99981e-21)
(0.501149 -0.00187531 -6.94283e-23)
(0.579832 -0.00121644 -5.56734e-21)
(0.792213 -0.00396603 -5.67404e-21)
(0.177479 0.0568486 -2.17112e-21)
(0.204744 0.0483897 0)
(0.23266 0.0402271 -1.55339e-20)
(0.267603 0.0325829 2.95663e-20)
(0.31262 0.0263036 -1.14679e-20)
(0.368357 0.0174524 -2.3215e-21)
(0.430633 0.0119523 4.98906e-21)
(0.497242 0.00133545 -1.64012e-22)
(0.577142 0.000429711 8.10685e-21)
(0.790931 -0.00339006 8.35609e-21)
(0.166875 0.0687352 -9.87965e-21)
(0.194297 0.0612879 9.67595e-21)
(0.223022 0.0512265 1.61598e-21)
(0.257659 0.0421189 0)
(0.302242 0.0345248 0)
(0.358255 0.0243291 2.26536e-21)
(0.421676 0.0173066 1.02072e-20)
(0.490156 0.0050717 -9.94662e-21)
(0.571327 0.00231955 -2.68572e-21)
(0.788958 -0.00266229 2.56866e-21)
(0.171829 0.0926475 0)
(0.19425 0.0895484 0)
(0.222471 0.0742869 0)
(0.256093 0.0624375 0)
(0.299292 0.0517923 0)
(0.353862 0.0386632 0)
(0.415577 0.0281428 0)
(0.483125 0.0126442 0)
(0.565797 0.00663531 0)
(0.783592 -0.00128092 0)
(0.156006 0.127172 0)
(0.180584 0.133763 0)
(0.211755 0.110554 0)
(0.245741 0.0971546 0)
(0.289472 0.0817347 0)
(0.343411 0.0638096 0)
(0.404563 0.0472602 0)
(0.473549 0.0261322 0)
(0.563933 0.0140992 0)
(0.785701 0.00148102 0)
(0.13873 0.169837 0)
(0.162188 0.17915 0)
(0.192272 0.147891 0)
(0.225044 0.134957 0)
(0.268277 0.114273 0)
(0.319788 0.0916472 0)
(0.37831 0.0687215 0)
(0.445979 0.0411791 0)
(0.539648 0.0219322 0)
(0.764648 0.00330076 0)
(0.124901 0.218035 0)
(0.144745 0.227837 0)
(0.174078 0.189232 0)
(0.206359 0.17855 0)
(0.249191 0.150783 0)
(0.297941 0.123358 0)
(0.355337 0.0930556 0)
(0.424861 0.0582166 0)
(0.527897 0.0308306 0)
(0.760063 0.00637585 0)
(0.106768 0.274843 0)
(0.122896 0.282747 0)
(0.150659 0.239351 0)
(0.179295 0.230378 0)
(0.217129 0.192714 0)
(0.259438 0.161164 0)
(0.312257 0.122535 0)
(0.378978 0.079475 0)
(0.484049 0.0422023 0)
(0.721674 0.0087322 0)
(0.0935068 0.340919 0)
(0.10635 0.345966 0)
(0.132434 0.298617 0)
(0.155871 0.288615 0)
(0.190204 0.239869 0)
(0.228137 0.207168 0)
(0.279012 0.158649 0)
(0.346103 0.107432 0)
(0.459996 0.0585133 0)
(0.707004 0.0143136 0)
(0.0670471 0.41886 0)
(0.0763243 0.418013 0)
(0.0966423 0.36955 0)
(0.11337 0.355974 0)
(0.141303 0.30046 0)
(0.170461 0.268603 0)
(0.213016 0.207954 0)
(0.273133 0.150548 0)
(0.385043 0.0875289 0)
(0.635607 0.0217073 0)
(0.0567588 0.507709 0)
(0.062775 0.502147 0)
(0.079097 0.453541 0)
(0.0909817 0.435723 0)
(0.11382 0.377728 0)
(0.136315 0.345101 0)
(0.175656 0.274862 0)
(0.233627 0.219242 0)
(0.347699 0.139987 0)
(0.593763 0.0407817 0)
(0.0134124 0.639958 0)
(0.0142347 0.630941 0)
(0.0210324 0.588691 0)
(0.0248896 0.569586 0)
(0.0359066 0.518494 0)
(0.047547 0.486603 0)
(0.0739011 0.42009 0)
(0.116111 0.365326 0)
(0.208798 0.256291 0)
(0.429699 0.0764381 0)
(0.0173917 0.823009 0)
(0.0213997 0.810969 0)
(0.0265885 0.786189 0)
(0.0332973 0.767825 0)
(0.0427098 0.733287 0)
(0.0557632 0.701602 0)
(0.0762336 0.645846 0)
(0.108403 0.577576 0)
(0.168444 0.433765 0)
(0.307107 0.150624 0)
(0.14407 0.116713 9.56613e-21)
(0.135992 0.160279 -9.45765e-21)
(0.121123 0.203889 1.50252e-21)
(0.10837 0.251969 0)
(0.0922843 0.308333 0)
(0.0802931 0.372129 2.17235e-21)
(0.0571619 0.448607 -1.0096e-20)
(0.0483858 0.535379 1.00238e-20)
(0.0109879 0.663239 2.7742e-21)
(0.0160745 0.835727 -2.79118e-21)
(0.133021 0.123968 -9.27874e-21)
(0.127593 0.169881 0)
(0.114139 0.212942 1.05171e-20)
(0.102043 0.261301 -2.51833e-20)
(0.0867021 0.31791 1.67606e-20)
(0.0752258 0.381725 -1.99922e-21)
(0.0533016 0.458177 4.20168e-21)
(0.0450704 0.544926 9.2825e-21)
(0.0100443 0.671743 2.42768e-21)
(0.015516 0.83898 2.4191e-21)
(0.121835 0.129343 1.07985e-20)
(0.118894 0.177353 -1.00361e-20)
(0.107146 0.220144 9.93996e-21)
(0.0959096 0.268508 -1.3143e-20)
(0.0813596 0.325199 9.55198e-21)
(0.0704656 0.389358 0)
(0.0497105 0.465864 -4.21196e-21)
(0.0420523 0.553113 -1.30718e-22)
(0.00901042 0.679168 -4.73109e-21)
(0.0147642 0.841033 -4.88581e-21)
(0.110737 0.133874 -1.82012e-21)
(0.110189 0.184606 0)
(0.100239 0.227986 0)
(0.0899485 0.276257 0)
(0.076235 0.332926 1.04601e-20)
(0.0659833 0.397277 -7.11272e-21)
(0.0463785 0.473675 -2.5848e-22)
(0.0393093 0.561299 -4.60491e-21)
(0.00793785 0.686437 -2.33116e-21)
(0.0138667 0.843778 -2.35653e-21)
(0.0999086 0.137096 1.1787e-21)
(0.101746 0.190922 -5.71224e-21)
(0.0935719 0.235516 -5.4323e-21)
(0.084248 0.283943 5.42866e-21)
(0.0713965 0.340738 -3.30033e-21)
(0.0617988 0.405335 0)
(0.0432928 0.481637 -4.00197e-21)
(0.0368075 0.569495 8.71305e-21)
(0.00694201 0.693649 -4.34416e-21)
(0.0129344 0.847317 4.74336e-21)
(0.0893826 0.13882 -1.41516e-20)
(0.0936461 0.195808 1.02514e-21)
(0.0872287 0.241893 -7.03862e-22)
(0.0788848 0.290906 5.25589e-21)
(0.0669069 0.347799 0)
(0.0579632 0.41281 0)
(0.0404732 0.489136 0)
(0.0345498 0.577224 4.05683e-21)
(0.00610949 0.700476 0)
(0.0120498 0.85105 0)
(0.0791751 0.138976 0)
(0.085891 0.199195 6.41421e-21)
(0.0812548 0.246993 -4.4147e-21)
(0.0738778 0.296842 -5.74098e-21)
(0.0627648 0.353845 5.77073e-21)
(0.0545067 0.419355 3.51352e-21)
(0.0379278 0.495784 -3.30977e-21)
(0.032541 0.584184 -1.38324e-20)
(0.00545955 0.70665 9.78462e-22)
(0.0112389 0.854471 -3.16576e-21)
(0.0693117 0.137453 0)
(0.0784884 0.201052 -2.00525e-21)
(0.0756435 0.250879 -1.13736e-21)
(0.0692428 0.301649 0)
(0.0589673 0.358965 1.64758e-21)
(0.0513947 0.424948 -4.72585e-21)
(0.0356465 0.501406 5.43069e-21)
(0.0307749 0.590231 2.07466e-21)
(0.00497366 0.711985 -1.92932e-21)
(0.0104985 0.857351 4.24741e-21)
(0.0598157 0.134146 1.60441e-21)
(0.0714484 0.201293 2.08603e-21)
(0.0703875 0.253532 -4.16564e-22)
(0.0649872 0.305342 6.28356e-22)
(0.0555238 0.363142 1.44612e-21)
(0.0485793 0.429596 2.3829e-21)
(0.033607 0.506101 -8.36174e-22)
(0.0292207 0.59557 -9.07446e-22)
(0.00459351 0.716526 1.9357e-21)
(0.00981264 0.859754 9.79887e-22)
(0.050714 0.129006 -4.47411e-22)
(0.0647652 0.19981 4.52776e-22)
(0.0654857 0.254868 -5.52647e-22)
(0.0611102 0.307919 -6.27559e-22)
(0.0524253 0.366324 7.21895e-22)
(0.046049 0.433244 -1.50398e-21)
(0.0318199 0.509963 1.26247e-21)
(0.0278347 0.600052 4.78722e-22)
(0.0042877 0.720198 0)
(0.00919372 0.861757 -9.82034e-22)
(0.00889904 -0.00573585 0)
(0.0251458 -0.0122931 0)
(0.0396205 -0.0129602 -3.61293e-20)
(0.0510273 -0.0106191 0)
(0.0597679 -0.00615877 1.59899e-20)
(0.0662439 -0.000243298 -1.48178e-20)
(0.0708651 0.00668159 0)
(0.0740448 0.0143712 0)
(0.0763832 0.0228585 -2.46625e-20)
(0.0786887 0.031672 4.67347e-20)
(0.011551 -0.00614525 0)
(0.0311242 -0.0123376 -2.88748e-20)
(0.0478737 -0.0122727 -9.07662e-21)
(0.0607046 -0.00937908 -3.39398e-20)
(0.0702519 -0.00459937 -1.57613e-20)
(0.0771247 0.00139638 -4.43295e-20)
(0.0819118 0.00817192 0)
(0.0851811 0.015462 0)
(0.0876323 0.0231762 0)
(0.0899846 0.0308529 -4.96156e-22)
(0.0146068 -0.00645189 0)
(0.0375134 -0.0121338 -9.97567e-21)
(0.0561765 -0.011402 1.79943e-20)
(0.0699424 -0.00815203 2.55158e-20)
(0.0797576 -0.00335793 7.84078e-23)
(0.0864834 0.00233135 2.03538e-22)
(0.0908936 0.0085127 2.72403e-20)
(0.0936673 0.0149369 -2.52676e-20)
(0.0955139 0.0215516 4.70787e-20)
(0.0970733 0.0282095 -4.45944e-20)
(0.0179633 -0.00654191 -4.9154e-21)
(0.0440408 -0.0115582 2.90063e-20)
(0.0641242 -0.0103123 4.54658e-20)
(0.0782501 -0.00699883 -5.11263e-20)
(0.0877592 -0.00257455 3.15896e-20)
(0.0938095 0.00238043 2.94058e-20)
(0.0973723 0.0075386 -1.36689e-20)
(0.099235 0.0127206 5.01978e-20)
(0.100114 0.017979 -7.65407e-22)
(0.100603 0.0233727 -2.19971e-20)
(0.0214688 -0.00631978 -5.06885e-21)
(0.0503761 -0.0105319 4.81575e-21)
(0.0713006 -0.00901214 0)
(0.0851989 -0.00600186 4.26111e-20)
(0.093885 -0.00236738 -7.88548e-21)
(0.0988479 0.00143739 -4.58256e-23)
(0.101264 0.0052011 -1.34673e-20)
(0.10203 0.00884783 -3.67586e-20)
(0.101877 0.0125348 -5.11907e-23)
(0.101368 0.0163912 3.1507e-20)
(0.0249296 -0.00572242 0)
(0.0561597 -0.00903773 -3.00436e-20)
(0.0773191 -0.00756224 9.21936e-21)
(0.0904651 -0.00526179 -2.57919e-20)
(0.0979411 -0.0028255 7.9118e-21)
(0.101579 -0.000526299 1.24752e-22)
(0.102747 0.00156823 1.22823e-22)
(0.102431 0.00349413 2.43383e-20)
(0.101367 0.00548069 -3.34438e-20)
(0.100085 0.00764453 3.11126e-20)
(0.028125 -0.00473139 2.58452e-21)
(0.0610368 -0.00712969 2.0045e-20)
(0.0818626 -0.00607139 0)
(0.0938546 -0.00488654 2.58456e-20)
(0.0999041 -0.00400175 -2.38901e-20)
(0.102162 -0.00346893 -7.18808e-21)
(0.102153 -0.00320453 1.99567e-20)
(0.100909 -0.00307611 0)
(0.0991407 -0.00282898 0)
(0.0973379 -0.00238651 0)
(0.0308248 -0.00337936 -2.682e-21)
(0.0646915 -0.00492959 -7.86652e-21)
(0.0847088 -0.00468378 9.62136e-21)
(0.0953047 -0.00497923 1.31697e-20)
(0.0998867 -0.0059127 1.19064e-20)
(0.100869 -0.00729891 7.31232e-21)
(0.0998706 -0.00891728 0)
(0.0979211 -0.0105709 1.18974e-20)
(0.0956653 -0.0120247 -5.65205e-21)
(0.0935275 -0.0132416 0)
(0.0328094 -0.00175114 0)
(0.0668758 -0.00261667 1.57474e-20)
(0.0857429 -0.00356389 -9.6197e-21)
(0.0948673 -0.00563032 -8.81668e-21)
(0.0980925 -0.0085469 7.0857e-23)
(0.0980133 -0.0119014 -3.60187e-21)
(0.0962743 -0.0153673 3.34453e-21)
(0.0938549 -0.0187185 0)
(0.0913136 -0.021764 -5.4909e-21)
(0.0889891 -0.0245492 -5.00241e-21)
(0.0339119 1.98953e-05 3.55178e-22)
(0.067442 -0.000411918 -6.00701e-21)
(0.0849608 -0.00288235 -6.12061e-22)
(0.0926851 -0.00691479 1.67211e-23)
(0.0947735 -0.0118766 -3.0373e-21)
(0.0939051 -0.0171613 0)
(0.0916873 -0.0223772 -3.34386e-21)
(0.0890127 -0.0273081 0)
(0.0863472 -0.031833 0)
(0.0839516 -0.0360469 0)
(0.0340878 0.00177067 -7.37519e-22)
(0.0663766 0.00145215 0)
(0.082465 -0.00279683 0)
(0.0889664 -0.00888855 -3.52774e-21)
(0.0901996 -0.0158651 1.00596e-21)
(0.0888308 -0.0229737 -5.30191e-23)
(0.0863782 -0.0298002 -1.72731e-21)
(0.0836297 -0.0361684 0)
(0.0809602 -0.0420318 0)
(0.0785519 -0.0475027 0)
(0.0332995 0.00334239 0)
(0.0637303 0.00277591 -2.84533e-21)
(0.0784159 -0.0034352 2.62413e-21)
(0.08394 -0.0115933 4.67031e-21)
(0.084622 -0.0204826 0)
(0.0830295 -0.0292622 3.7746e-21)
(0.0805581 -0.0375341 -3.51026e-21)
(0.0778875 -0.0451819 0)
(0.0753126 -0.0522252 5.52052e-21)
(0.0729458 -0.058777 -5.35368e-21)
(0.0314911 0.00455736 0)
(0.0595749 0.00334644 2.39175e-20)
(0.0729975 -0.00492343 0)
(0.0778444 -0.0150667 1.9537e-20)
(0.0782847 -0.0257036 0)
(0.0767218 -0.0359652 -1.57558e-20)
(0.0744151 -0.0455011 0)
(0.0719474 -0.0542633 1.2422e-20)
(0.06955 -0.0623243 -1.16343e-20)
(0.0672791 -0.0697886 -1.07617e-20)
(0.0287213 0.00523815 -6.49916e-21)
(0.0540939 0.00296844 -1.17315e-20)
(0.0664557 -0.00736675 -5.54377e-21)
(0.0709356 -0.0193365 -9.80122e-21)
(0.0714194 -0.0315066 -8.99456e-21)
(0.0701017 -0.0430365 7.94018e-21)
(0.068108 -0.0536453 7.26884e-21)
(0.0659438 -0.0633545 3.37261e-22)
(0.0637945 -0.0722733 1.18231e-20)
(0.0616713 -0.0804902 1.0779e-20)
(0.0251209 0.00523047 -6.83314e-21)
(0.0475367 0.00148537 -1.23233e-20)
(0.0590669 -0.0108417 -2.24346e-20)
(0.0634734 -0.024418 1.02249e-20)
(0.0642467 -0.0378711 0)
(0.0633465 -0.0504388 0)
(0.0617781 -0.061924 -1.42632e-20)
(0.0599943 -0.0724131 -1.28156e-20)
(0.0581523 -0.0820358 1.18861e-20)
(0.0562254 -0.0908545 -1.05661e-20)
(0.0208681 0.00441408 6.87366e-21)
(0.0401947 -0.00121373 6.0609e-21)
(0.0511251 -0.0153947 -3.5158e-20)
(0.0557169 -0.0303134 5.1449e-20)
(0.0569793 -0.0447755 -9.33017e-21)
(0.0566243 -0.0581396 0)
(0.0555572 -0.0702997 0)
(0.0542043 -0.0814014 6.59513e-20)
(0.0527117 -0.0915804 -5.9855e-20)
(0.0510213 -0.10086 -3.31312e-20)
(0.0161761 0.0027112 5.80975e-20)
(0.0323873 -0.00518941 0)
(0.0429321 -0.021041 4.62583e-20)
(0.0479235 -0.0370117 -4.13524e-20)
(0.0498271 -0.0521964 0)
(0.0501032 -0.0661091 1.63578e-20)
(0.0495764 -0.0787369 -4.52516e-20)
(0.0486707 -0.0902789 -5.31622e-20)
(0.0475421 -0.100869 2.47655e-20)
(0.0461168 -0.110473 2.2772e-20)
(0.0112798 9.20219e-05 -1.16991e-19)
(0.0244464 -0.010449 -1.29751e-20)
(0.0347887 -0.0277639 -2.37621e-20)
(0.0403458 -0.0444887 -5.29303e-20)
(0.043002 -0.0601108 -1.84716e-20)
(0.0439638 -0.0743255 -1.66314e-20)
(0.0439845 -0.0872077 -2.85197e-22)
(0.0435024 -0.0990064 0)
(0.0427133 -0.109857 0)
(0.0415669 -0.119649 4.64284e-20)
(0.00642118 -0.00342356 5.88952e-20)
(0.0167007 -0.0169459 -5.3021e-20)
(0.0269839 -0.0355142 3.5659e-20)
(0.0332267 -0.0527088 7.38344e-20)
(0.0367198 -0.0685022 -1.92439e-20)
(0.0384167 -0.082788 1.64743e-20)
(0.0389979 -0.0957131 1.48379e-20)
(0.038916 -0.107567 0)
(0.0384268 -0.118509 0)
(0.0374938 -0.128336 -2.34725e-20)
(0.00183363 -0.00776782 -7.41853e-21)
(0.00945971 -0.0245809 6.6111e-20)
(0.0197824 -0.0442103 -1.20647e-20)
(0.0267845 -0.0616264 0)
(0.0311829 -0.0773736 0)
(0.0336982 -0.0915585 3.39401e-20)
(0.034953 -0.104374 0)
(0.0354252 -0.116107 -2.72331e-20)
(0.0353918 -0.126917 7.34902e-22)
(0.0345976 -0.136452 2.41668e-20)
(-0.00227265 -0.0128323 0)
(0.0029986 -0.0332084 0)
(0.0134092 -0.0537365 -4.70543e-20)
(0.0211871 -0.0711779 0)
(0.0265198 -0.0867446 1.86518e-20)
(0.0299292 -0.100822 -1.7286e-20)
(0.032013 -0.113732 0)
(0.0332828 -0.125901 0)
(0.0339745 -0.137759 -2.5221e-20)
(0.0336106 -0.149393 4.91682e-20)
(-0.00570607 -0.0184612 0)
(-0.00243858 -0.0426298 -3.86783e-20)
(0.00805248 -0.0639276 -1.12131e-20)
(0.0165467 -0.0812322 -4.16726e-20)
(0.0227449 -0.0964923 -1.89037e-20)
(0.0269671 -0.110394 -5.1101e-20)
(0.0297451 -0.123343 0)
(0.0315431 -0.135724 0)
(0.0325282 -0.147785 0)
(0.0323223 -0.159211 2.99617e-23)
(-0.00830428 -0.0244439 0)
(-0.00664545 -0.0525802 -1.14141e-20)
(0.00386856 -0.0745586 2.39235e-20)
(0.0129535 -0.0915875 3.11952e-20)
(0.0198773 -0.106387 4.30902e-22)
(0.0247588 -0.119933 2.52156e-22)
(0.0280479 -0.132654 3.06683e-20)
(0.0301622 -0.144802 -2.81085e-20)
(0.0312841 -0.15642 5.1581e-20)
(0.0312748 -0.167125 -4.98065e-20)
(-0.00995947 -0.0305505 -6.89931e-21)
(-0.00947562 -0.0627668 3.8033e-20)
(0.000975046 -0.0853783 5.68805e-20)
(0.0104871 -0.102019 -6.03334e-20)
(0.0179681 -0.116194 3.74305e-20)
(0.0233546 -0.129162 3.3939e-20)
(0.0270234 -0.141361 -1.52358e-20)
(0.0293756 -0.152928 5.60206e-20)
(0.030655 -0.163805 -2.47772e-22)
(0.0309097 -0.173697 -2.51673e-20)
(-0.0106178 -0.03654 -6.47743e-21)
(-0.0108403 -0.0728785 6.15526e-21)
(-0.000545681 -0.0961207 0)
(0.00921418 -0.112302 5.0067e-20)
(0.0170773 -0.125711 -9.11344e-21)
(0.022827 -0.137905 2.13719e-23)
(0.0267782 -0.149358 -1.52852e-20)
(0.0293303 -0.160152 -4.1901e-20)
(0.0307897 -0.170216 1.56642e-22)
(0.0313161 -0.179376 3.77181e-20)
(-0.0102797 -0.0421729 0)
(-0.0107101 -0.0825991 -3.39823e-20)
(-0.000649842 -0.106516 1.05935e-20)
(0.00918139 -0.12222 -2.86648e-20)
(0.0172555 -0.134769 8.89523e-21)
(0.023237 -0.146049 1.76613e-22)
(0.0273865 -0.156616 1.32602e-22)
(0.0300999 -0.166552 2.79267e-20)
(0.0317255 -0.175817 -3.90596e-20)
(0.0324862 -0.184351 3.79721e-20)
(-0.00899901 -0.0472252 2.99424e-21)
(-0.00911612 -0.0916222 2.24948e-20)
(0.000664424 -0.116302 0)
(0.0104088 -0.131569 2.83991e-20)
(0.0185349 -0.143222 -2.57242e-20)
(0.0246267 -0.153512 -8.00476e-21)
(0.0288959 -0.163118 2.24102e-20)
(0.0317254 -0.172167 0)
(0.0334811 -0.180665 0)
(0.0344192 -0.188633 0)
(-0.00687778 -0.0514983 -2.7782e-21)
(-0.00614861 -0.0996641 -7.48433e-21)
(0.00335556 -0.12523 9.49526e-21)
(0.0128866 -0.14016 1.34227e-20)
(0.0209246 -0.150943 1.28738e-20)
(0.0270164 -0.160218 7.7803e-21)
(0.0313307 -0.168838 0)
(0.0342277 -0.177 1.3866e-20)
(0.0360704 -0.184756 -6.46868e-21)
(0.0371272 -0.192176 0)
(-0.00405971 -0.0548231 0)
(-0.00195394 -0.106471 1.48903e-20)
(0.00733845 -0.133069 -9.49284e-21)
(0.0165733 -0.147814 -8.8796e-21)
(0.024409 -0.15781 -8.9379e-23)
(0.030404 -0.1661 -3.95648e-21)
(0.0346939 -0.173741 3.60853e-21)
(0.0376102 -0.181027 0)
(0.0394986 -0.188056 -6.51671e-21)
(0.0406224 -0.194921 -6.44652e-21)
(-0.000724218 -0.0570966 3.05325e-22)
(0.00326598 -0.111841 -5.35386e-21)
(0.0124827 -0.139617 -5.76332e-22)
(0.021394 -0.15437 -3.02482e-23)
(0.0289472 -0.16371 -3.05306e-21)
(0.0347661 -0.171082 0)
(0.0389705 -0.17778 -3.60732e-21)
(0.0418619 -0.184212 0)
(0.0437618 -0.190518 0)
(0.0449129 -0.196804 0)
(0.0029372 -0.0584071 -5.67322e-22)
(0.00927412 -0.11573 0)
(0.0186206 -0.144766 0)
(0.0272441 -0.159716 -2.91484e-21)
(0.0344755 -0.168559 1.01449e-21)
(0.0400614 -0.175114 5.84075e-23)
(0.04413 -0.180922 -1.74384e-21)
(0.0469597 -0.186522 0)
(0.0488479 -0.192104 0)
(0.0500048 -0.19777 0)
(0.00677219 -0.0587738 0)
(0.0158666 -0.118044 -2.08772e-21)
(0.0255731 -0.148378 1.92539e-21)
(0.0339897 -0.163721 3.93835e-21)
(0.0408999 -0.172253 0)
(0.046223 -0.17812 3.68955e-21)
(0.0501228 -0.183113 -3.43109e-21)
(0.0528664 -0.187916 0)
(0.0547369 -0.192773 6.64927e-21)
(0.0559044 -0.197778 -6.41786e-21)
(0.0106184 -0.0581367 0)
(0.0228085 -0.118703 1.47226e-20)
(0.03314 -0.150352 0)
(0.0414818 -0.166279 1.44962e-20)
(0.0481127 -0.174706 0)
(0.0531713 -0.180038 -1.40504e-20)
(0.056886 -0.184312 0)
(0.0595288 -0.188365 1.37342e-20)
(0.0613884 -0.192507 -1.2863e-20)
(0.0625997 -0.196825 -1.31798e-20)
(0.0143113 -0.0565469 -3.65845e-21)
(0.0298408 -0.117714 -7.54368e-21)
(0.0410889 -0.150625 -3.41441e-21)
(0.0495459 -0.16731 -7.1363e-21)
(0.055982 -0.175842 -6.79799e-21)
(0.0608053 -0.18081 6.89821e-21)
(0.0643379 -0.18448 6.65019e-21)
(0.066873 -0.187849 -3.31963e-22)
(0.068729 -0.191302 1.28498e-20)
(0.0700449 -0.194933 1.31653e-20)
(0.0177086 -0.0541191 -3.30743e-21)
(0.0367196 -0.11515 -6.98903e-21)
(0.0491779 -0.149185 -1.37686e-20)
(0.0579791 -0.166762 6.50956e-21)
(0.0643563 -0.175602 0)
(0.0690052 -0.180388 0)
(0.0723793 -0.183584 -1.39156e-20)
(0.0748077 -0.186353 -1.37334e-20)
(0.0766457 -0.189165 1.31741e-20)
(0.0781468 -0.192164 -1.39783e-20)
(0.0206943 -0.0509862 3.18991e-21)
(0.0432145 -0.111126 3.58622e-21)
(0.0571686 -0.146076 -1.80119e-20)
(0.066568 -0.164614 3.26391e-20)
(0.073062 -0.173942 -6.3529e-21)
(0.0776331 -0.178727 0)
(0.0808927 -0.181591 0)
(0.083228 -0.183866 6.72563e-20)
(0.0849849 -0.186136 -6.58437e-20)
(0.0866445 -0.188443 -4.14893e-20)
(0.0231817 -0.0472929 2.23085e-20)
(0.0491185 -0.105797 0)
(0.0648248 -0.141379 2.50628e-20)
(0.0750944 -0.160884 -2.57621e-20)
(0.0819141 -0.170843 0)
(0.0865372 -0.175794 1.36899e-20)
(0.0897403 -0.178469 -3.90758e-20)
(0.091998 -0.18036 -5.38637e-20)
(0.0937604 -0.182127 2.55795e-20)
(0.095564 -0.183744 2.66924e-20)
(0.0251146 -0.0431904 -4.34173e-20)
(0.0542576 -0.0993538 -6.01102e-21)
(0.0719226 -0.13522 -1.12436e-20)
(0.083337 -0.155628 -2.98095e-20)
(0.0907194 -0.166309 -1.32842e-20)
(0.0955584 -0.171569 -1.33292e-20)
(0.0987947 -0.174181 2.76536e-22)
(0.100992 -0.175774 0)
(0.102726 -0.177105 0)
(0.104696 -0.178189 5.4591e-20)
(0.0264671 -0.0388292 2.11093e-20)
(0.0584964 -0.0920137 -2.14362e-20)
(0.0782603 -0.127766 1.69993e-20)
(0.0910797 -0.148938 4.21991e-20)
(0.0992811 -0.160378 -1.16238e-20)
(0.104535 -0.166052 1.37502e-20)
(0.10794 -0.168712 1.36857e-20)
(0.110138 -0.170097 0)
(0.111765 -0.171098 0)
(0.113787 -0.171825 -2.68113e-20)
(0.0272426 -0.0343544 -2.47087e-21)
(0.0617422 -0.0840096 2.70318e-20)
(0.0836661 -0.119215 -5.15712e-21)
(0.0981186 -0.140948 0)
(0.107401 -0.153123 0)
(0.113289 -0.159276 2.52091e-20)
(0.117009 -0.162044 0)
(0.119231 -0.1632 -2.71126e-20)
(0.120408 -0.163706 -1.81019e-21)
(0.121661 -0.163854 2.61053e-20)
(0.0274712 -0.0298952 0)
(0.0639467 -0.0755716 0)
(0.0880024 -0.109787 -2.10754e-20)
(0.104267 -0.131822 0)
(0.114889 -0.144649 1.25132e-20)
(0.12169 -0.151297 -1.15966e-20)
(0.126048 -0.154179 0)
(0.128896 -0.154953 0)
(0.130888 -0.15473 -2.75165e-20)
(0.133755 -0.154517 5.37341e-20)
(0.0271734 -0.0255412 0)
(0.0650776 -0.0669013 -1.4754e-20)
(0.091155 -0.0997015 -4.55736e-21)
(0.109352 -0.121752 -2.17512e-20)
(0.12155 -0.135123 -1.061e-20)
(0.129537 -0.142306 -3.53007e-20)
(0.134815 -0.14549 0)
(0.138583 -0.146323 0)
(0.141755 -0.146249 0)
(0.145707 -0.146673 4.64171e-22)
(0.0263728 -0.0213743 0)
(0.0651316 -0.0582161 -5.16733e-21)
(0.093043 -0.0892114 1.05971e-20)
(0.11322 -0.110967 1.66982e-20)
(0.127174 -0.124729 4.22579e-22)
(0.13657 -0.132457 4.40529e-22)
(0.142959 -0.136092 2.43427e-20)
(0.147696 -0.137252 -2.50179e-20)
(0.151859 -0.137475 5.23572e-20)
(0.156537 -0.138016 -5.3069e-20)
(0.02513 -0.0174822 -2.32938e-21)
(0.0641529 -0.0497244 1.4738e-20)
(0.0936334 -0.0785667 2.53198e-20)
(0.115756 -0.0996965 -3.24588e-20)
(0.131577 -0.113645 2.11015e-20)
(0.142551 -0.121847 2.2162e-20)
(0.150195 -0.125961 -1.29131e-20)
(0.155919 -0.127498 5.09425e-20)
(0.160864 -0.127963 1.65438e-21)
(0.165985 -0.128422 -2.52617e-20)
(0.0235179 -0.0139346 -2.49185e-21)
(0.0622203 -0.0416111 2.36742e-21)
(0.0929383 -0.0680059 0)
(0.116889 -0.0881742 2.6724e-20)
(0.134619 -0.102056 -5.16356e-21)
(0.147294 -0.110594 7.35813e-22)
(0.156319 -0.115133 -1.12298e-20)
(0.163093 -0.117037 -3.75678e-20)
(0.168768 -0.117719 -1.2742e-21)
(0.174223 -0.118101 3.93674e-20)
(0.0216109 -0.0107794 0)
(0.0594372 -0.0340302 -1.55267e-20)
(0.0910114 -0.0577493 4.88278e-21)
(0.116597 -0.0766321 -1.59728e-20)
(0.136208 -0.0901639 5.11427e-21)
(0.150658 -0.0988457 -5.32887e-22)
(0.161173 -0.10371 -5.03166e-22)
(0.169084 -0.105936 2.46066e-20)
(0.175529 -0.106807 -3.72364e-20)
(0.181328 -0.107134 3.7782e-20)
(0.0194827 -0.0080458 1.22154e-21)
(0.0559253 -0.0271047 1.02311e-20)
(0.0879438 -0.0479942 0)
(0.114905 -0.0652953 1.59388e-20)
(0.136298 -0.0781784 -1.57733e-20)
(0.152543 -0.086775 -5.84361e-21)
(0.164627 -0.0918175 1.69775e-20)
(0.173761 -0.0942822 0)
(0.181043 -0.095296 0)
(0.187253 -0.095582 0)
(0.0172037 -0.00574703 -1.31775e-21)
(0.0518184 -0.0209269 -4.07054e-21)
(0.0838577 -0.0389102 5.23518e-21)
(0.111881 -0.0543751 7.98322e-21)
(0.134887 -0.0663118 8.15231e-21)
(0.152886 -0.0745651 5.44845e-21)
(0.166579 -0.0795986 0)
(0.17701 -0.0821825 1.21061e-20)
(0.185207 -0.0832715 -5.46186e-21)
(0.191909 -0.0835184 0)
(0.0148384 -0.00388268 0)
(0.0472537 -0.0155592 8.04774e-21)
(0.0788969 -0.0306368 -5.23407e-21)
(0.10763 -0.0440635 -5.23725e-21)
(0.13202 -0.0547715 -1.32574e-22)
(0.15167 -0.0624082 -2.86397e-21)
(0.166966 -0.0672131 2.76319e-21)
(0.178743 -0.0697623 0)
(0.187928 -0.0708347 -5.87592e-21)
(0.195205 -0.0710215 -6.25066e-21)
(0.0124546 -0.00244146 1.67008e-22)
(0.0423785 -0.0110372 -3.07979e-21)
(0.0732283 -0.0232841 -3.67753e-22)
(0.102293 -0.0345319 -4.96342e-23)
(0.12778 -0.0437583 -2.01691e-21)
(0.148915 -0.0505026 0)
(0.165756 -0.0548357 -2.76239e-21)
(0.178898 -0.0571645 0)
(0.189127 -0.0580968 0)
(0.197049 -0.058165 0)
(0.010156 -0.00140042 -3.46289e-22)
(0.0373917 -0.0073682 0)
(0.0670897 -0.016931 0)
(0.0960996 -0.0259287 -2.00854e-21)
(0.122353 -0.0334656 7.45684e-22)
(0.144742 -0.0390547 1.14166e-22)
(0.163005 -0.0426597 -1.30242e-21)
(0.177476 -0.044554 0)
(0.188772 -0.0451858 0)
(0.197385 -0.0450261 0)
(0.00798495 -0.000720792 0)
(0.0324092 -0.00451405 -1.49051e-21)
(0.060643 -0.0115895 1.37446e-21)
(0.0892191 -0.0183301 2.7039e-21)
(0.115879 -0.0240242 0)
(0.139245 -0.0282279 2.78835e-21)
(0.158755 -0.0308563 -2.59297e-21)
(0.174481 -0.0320907 0)
(0.186838 -0.0322384 5.82067e-21)
(0.196174 -0.0316994 -5.55774e-21)
(0.00594387 -0.000365605 0)
(0.0275103 -0.00243193 1.21915e-20)
(0.0540322 -0.00725887 0)
(0.0818306 -0.0117957 1.11749e-20)
(0.108539 -0.0155516 0)
(0.132572 -0.0181798 -1.07284e-20)
(0.153111 -0.0196016 0)
(0.16997 -0.0199503 1.13289e-20)
(0.183345 -0.0194181 -1.06104e-20)
(0.19341 -0.0183224 -1.13565e-20)
(0.00405699 -0.000298831 -3.16021e-21)
(0.0227892 -0.0010702 -6.04895e-21)
(0.0474136 -0.00391708 -2.89552e-21)
(0.0741305 -0.00635709 -5.40162e-21)
(0.100536 -0.00813811 -5.33271e-21)
(0.124907 -0.00904972 5.16487e-21)
(0.146215 -0.00906491 5.17345e-21)
(0.164042 -0.00831305 -4.66795e-22)
(0.178351 -0.00690125 1.05131e-20)
(0.18911 -0.00505193 1.13562e-20)
(0.00234965 -0.000483135 -3.17591e-21)
(0.0183333 -0.000365754 -6.44578e-21)
(0.040936 -0.00151756 -1.23921e-20)
(0.0663144 -0.00201186 5.64951e-21)
(0.0920873 -0.00183853 0)
(0.116459 -0.000947136 0)
(0.138246 0.000601887 -1.10899e-20)
(0.156832 0.00264411 -1.11081e-20)
(0.171952 0.0051268 1.07761e-20)
(0.183331 0.00793657 -1.22705e-20)
(0.00083962 -0.000881209 3.35697e-21)
(0.0142137 -0.000247211 3.42461e-21)
(0.0347296 6.75519e-06 -1.88977e-20)
(0.0585644 0.00127364 2.96216e-20)
(0.083407 0.00332911 -5.50549e-21)
(0.107447 0.00605275 0)
(0.129405 0.00927168 0)
(0.148508 0.0127531 5.41367e-20)
(0.164282 0.0164701 -5.37554e-20)
(0.176176 0.0204372 -3.48769e-20)
(-0.000462043 -0.00145637 2.74862e-20)
(0.0104848 -0.000637227 0)
(0.0289029 0.000739837 2.50075e-20)
(0.0510424 0.00356156 -2.36625e-20)
(0.0746972 0.00738348 0)
(0.0980921 0.0119133 1.12461e-20)
(0.119903 0.01685 -3.19559e-20)
(0.139259 0.0218633 -4.33149e-20)
(0.155502 0.0269239 2.06022e-20)
(0.167797 0.032205 2.19221e-20)
(-0.0015495 -0.00217273 -5.57984e-20)
(0.00718633 -0.00145422 -6.9522e-21)
(0.0235423 0.000779342 -1.32496e-20)
(0.043886 0.00493909 -3.06527e-20)
(0.0661398 0.0103788 -1.17446e-20)
(0.0886004 0.0166403 -1.13807e-20)
(0.109949 0.0232855 -9.98833e-23)
(0.129267 0.0298567 0)
(0.145771 0.0362765 0)
(0.158338 0.0429217 4.40555e-20)
(-0.00242139 -0.00299532 2.83129e-20)
(0.00434321 -0.00261403 -2.85861e-20)
(0.018711 0.000233068 1.95211e-20)
(0.0372053 0.00551419 4.33515e-20)
(0.0578903 0.0124026 -1.16073e-20)
(0.0791572 0.0202847 1.11602e-20)
(0.0997258 0.0285834 1.0985e-20)
(0.118681 0.0366818 0)
(0.135188 0.0443549 0)
(0.147954 0.0522314 -2.14194e-20)
(-0.0030804 -0.00389034 -3.69269e-21)
(0.00196689 -0.00403169 3.5881e-20)
(0.0144496 -0.000785231 -6.72239e-21)
(0.0310826 0.00540975 0)
(0.0500769 0.0135717 0)
(0.0699242 0.0229487 2.25243e-20)
(0.0893799 0.0328281 0)
(0.107495 0.0423922 -2.18806e-20)
(0.123356 0.0509737 -1.07985e-21)
(0.135609 0.0591621 2.06364e-20)
(-0.00353306 -0.0048259 0)
(5.47108e-05 -0.00562462 0)
(0.0107743 -0.00216272 -2.7986e-20)
(0.0255702 0.00475163 0)
(0.0428041 0.0140193 1.22547e-20)
(0.0610684 0.0247989 -1.13565e-20)
(0.0791304 0.0363423 0)
(0.0959256 0.0479202 0)
(0.110614 0.0589017 -2.19753e-20)
(0.122758 0.0702073 4.27318e-20)
(-0.00378664 -0.00576847 0)
(-0.00140739 -0.00731357 -2.30153e-20)
(0.00767979 -0.00379327 -7.61991e-21)
(0.0206944 0.00365383 -2.66337e-20)
(0.036163 0.0138468 -1.24441e-20)
(0.0528074 0.0258963 -3.4985e-20)
(0.069486 0.0390492 0)
(0.0852186 0.0526736 0)
(0.0994798 0.0662359 0)
(0.112241 0.0800323 3.70621e-22)
(-0.00385126 -0.00667901 0)
(-0.00244532 -0.00901681 -8.45931e-21)
(0.00514161 -0.00557553 1.38481e-20)
(0.0164511 0.00221723 1.9949e-20)
(0.0301886 0.0131269 -4.34766e-22)
(0.045226 0.0262387 -3.4464e-22)
(0.0605518 0.0407881 2.25905e-20)
(0.0753071 0.0561486 -2.17204e-20)
(0.0890786 0.071774 4.29554e-20)
(0.101685 0.0874716 -4.26754e-20)
(-0.00374302 -0.00751937 -4.09391e-21)
(-0.00309646 -0.0106559 2.3367e-20)
(0.00311625 -0.00741465 3.65195e-20)
(0.012803 0.000534266 -4.14443e-20)
(0.0248556 0.0119274 2.51989e-20)
(0.0382993 0.025841 2.36152e-20)
(0.0522508 0.041497 -1.13399e-20)
(0.0659516 0.0582237 4.39313e-20)
(0.0790046 0.075388 9.19465e-22)
(0.0910543 0.0924947 -2.07744e-20)
(-0.00348284 -0.00825152 -4.22167e-21)
(-0.00340775 -0.012158 4.0111e-21)
(0.00154701 -0.00922513 0)
(0.00969365 -0.00131127 3.46891e-20)
(0.0201133 0.0103166 -6.47742e-21)
(0.0319816 0.0247443 -6.52181e-24)
(0.0445355 0.0411899 -1.14153e-20)
(0.0571036 0.0589368 -3.33818e-20)
(0.069282 0.077262 -3.12231e-22)
(0.0806102 0.0954627 3.21727e-20)
(-0.0030963 -0.00883836 0)
(-0.0034326 -0.0134584 -2.49226e-20)
(0.000372169 -0.0109325 7.632e-21)
(0.00706233 -0.00324524 -2.1505e-20)
(0.0159073 0.00835982 6.5968e-21)
(0.0262292 0.0229985 -1.81703e-22)
(0.0373785 0.0399034 -1.66974e-22)
(0.0487612 0.058333 2.2301e-20)
(0.0599596 0.0775042 -3.22822e-20)
(0.0704707 0.096574 3.17787e-20)
(-0.00261347 -0.0092459 2.19335e-21)
(-0.00322682 -0.0145027 1.66458e-20)
(-0.000466361 -0.0124748 0)
(0.00485659 -0.00520302 2.16349e-20)
(0.0121942 0.00611827 -2.03232e-20)
(0.0210095 0.020657 -6.33268e-21)
(0.0307617 0.0376821 1.76458e-20)
(0.0409277 0.0564551 0)
(0.0510785 0.0761684 0)
(0.0607173 0.0959012 0)
(-0.00206796 -0.0094459 -2.24563e-21)
(-0.00284391 -0.0152511 -6.5002e-21)
(-0.00101401 -0.0138034 8.0186e-21)
(0.00304502 -0.00712778 1.11474e-20)
(0.00895673 0.00365371 1.01836e-20)
(0.0163188 0.0177817 6.46843e-21)
(0.0246948 0.0345851 0)
(0.0336315 0.0533593 1.15007e-20)
(0.0426976 0.0733076 -5.30084e-21)
(0.0514319 0.093485 0)
(-0.00149542 -0.00942004 0)
(-0.0023296 -0.0156822 1.30214e-20)
(-0.00129469 -0.0148835 -8.01694e-21)
(0.00162889 -0.00896792 -7.44386e-21)
(0.00621925 0.00103419 1.86183e-23)
(0.0121995 0.0144516 -3.21679e-21)
(0.0192353 0.0306957 3.09103e-21)
(0.0269454 0.0491265 0)
(0.0349091 0.0689925 -5.46969e-21)
(0.0427107 0.0893719 -5.44958e-21)
(-0.000930816 -0.00916886 2.90485e-22)
(-0.00171545 -0.0157957 -4.94283e-21)
(-0.00130385 -0.0156953 -5.19626e-22)
(0.000650574 -0.0106718 -7.71766e-24)
(0.0040589 -0.00165575 -2.63945e-21)
(0.00875606 0.0107778 0)
(0.0145064 0.0261391 -3.09019e-21)
(0.0210059 0.0438817 0)
(0.027859 0.0633333 0)
(0.0346897 0.083641 0)
)
;

boundaryField
{
    inlet
    {
        type            uniformFixedValue;
        uniformValue    constant (1 0 0);
        value           uniform (1 0 0);
    }
    outlet
    {
        type            pressureInletOutletVelocity;
        value           nonuniform List<vector> 
40
(
(0.0199663 0.0671982 0)
(0.0316806 0.148005 0)
(0.0422589 0.231995 0)
(0.0473156 0.31895 0)
(0.0451515 0.408944 0)
(0.0384751 0.497126 0)
(0.0279048 0.58527 0)
(0.0195036 0.684911 0)
(0.00815601 0.802705 0)
(0.00337137 0.91102 0)
(0.0141798 0.0203458 2.40126e-23)
(0.0119484 0.000759922 -5.03804e-23)
(0 -0.0183961 0)
(0 -0.0369297 0)
(0 -0.0547692 0)
(0 -0.071837 0)
(0 -0.0880404 0)
(0 -0.103287 0)
(0 -0.117494 0)
(0 -0.130599 0)
(0 -0.142562 0)
(0 -0.153376 0)
(0 -0.16307 0)
(0 -0.171704 0)
(0 -0.179371 0)
(0 -0.186187 0)
(0 -0.192283 0)
(0 -0.197797 0)
(0 -0.202869 0)
(0 -0.207635 0)
(0 -0.218502 0)
(0 -0.238649 0)
(0 -0.265683 0)
(0 -0.303222 0)
(0 -0.354005 0)
(0 -0.41698 0)
(0 -0.484395 0)
(0 -0.542964 0)
(0 -0.582901 0)
(0 -0.602861 0)
)
;
    }
    cylinder
    {
        type            fixedValue;
        value           uniform (0 0 0);
    }
    top
    {
        type            symmetryPlane;
    }
    bottom
    {
        type            symmetryPlane;
    }
    defaultFaces
    {
        type            empty;
    }
}


// ************************************************************************* //
