/*--------------------------------*- C++ -*----------------------------------*\
  =========                 |
  \\      /  F ield         | OpenFOAM: The Open Source CFD Toolbox
   \\    /   O peration     | Website:  https://openfoam.org
    \\  /    A nd           | Version:  7
     \\/     M anipulation  |
\*---------------------------------------------------------------------------*/
FoamFile
{
    version     2.0;
    format      ascii;
    class       volVectorField;
    location    "83.1";
    object      U;
}
// * * * * * * * * * * * * * * * * * * * * * * * * * * * * * * * * * * * * * //

dimensions      [0 1 -1 0 0 0 0];

internalField   nonuniform List<vector> 
2000
(
(-0.00013705 -0.00531754 -2.31217e-22)
(-1.29864e-05 -0.0124795 0)
(0.000543167 -0.0164878 0)
(0.0014797 -0.0178038 -1.18421e-21)
(0.00274378 -0.0167181 3.84684e-22)
(0.00430883 -0.0134222 1.49379e-23)
(0.00617041 -0.00805667 -6.62124e-22)
(0.00832497 -0.000754348 0)
(0.0107526 0.00832583 0)
(0.0133185 0.0189787 0)
(0.000361915 -0.00514332 0)
(0.00138154 -0.0125101 -9.03367e-22)
(0.00270934 -0.0167919 8.33085e-22)
(0.00415609 -0.0184196 1.58197e-21)
(0.0056797 -0.0176911 0)
(0.00726837 -0.0148163 1.44519e-21)
(0.00893907 -0.0099427 -1.34392e-21)
(0.0107182 -0.00318654 0)
(0.0126316 0.00534027 2.4664e-21)
(0.0145597 0.015502 -4.74774e-21)
(0.000904082 -0.00505128 0)
(0.00298918 -0.012634 7.2114e-21)
(0.0052923 -0.0171325 0)
(0.00744193 -0.0189979 6.44599e-21)
(0.00940534 -0.01855 0)
(0.0111846 -0.0160293 -5.81296e-21)
(0.0128167 -0.0116015 0)
(0.0143557 -0.00537622 5.26971e-21)
(0.0158742 0.00257601 -4.9354e-21)
(0.0172649 0.0121821 -4.83326e-21)
(0.0015241 -0.00506828 -1.87564e-21)
(0.00485761 -0.0128807 -3.6009e-21)
(0.00832563 -0.0175234 -1.68601e-21)
(0.0113518 -0.0195318 -3.16673e-21)
(0.0139166 -0.0192627 -3.02894e-21)
(0.0160408 -0.016998 2.86101e-21)
(0.0177837 -0.0129326 2.74485e-21)
(0.0192259 -0.00718098 -2.61312e-23)
(0.0204861 0.000218221 4.9811e-21)
(0.0214699 0.00924127 4.83107e-21)
(0.00226135 -0.00521164 -1.84349e-21)
(0.00703441 -0.0132642 -3.6714e-21)
(0.0118308 -0.017966 -6.96983e-21)
(0.0158712 -0.0200105 3.20738e-21)
(0.0191616 -0.019806 0)
(0.0217517 -0.0176835 0)
(0.0237303 -0.0138748 -5.63369e-21)
(0.0252071 -0.00851012 -5.34252e-21)
(0.0263441 -0.00160596 5.04144e-21)
(0.0270656 0.00684703 1.45367e-20)
(0.00315721 -0.00548467 1.87261e-21)
(0.00956028 -0.0137748 1.90521e-21)
(0.0158082 -0.0184445 -1.03312e-20)
(0.0209484 -0.0204182 1.6417e-20)
(0.0250322 -0.0201674 -3.0612e-21)
(0.0281542 -0.0180773 0)
(0.0304452 -0.0144206 0)
(0.0320499 -0.00934913 2.66023e-20)
(0.0331723 -0.00286489 -2.51624e-20)
(0.0337605 0.00506043 4.77746e-21)
(0.00424983 -0.00587299 1.45887e-20)
(0.012461 -0.0143786 0)
(0.0202295 -0.0189253 1.38102e-20)
(0.0264889 -0.0207328 -1.31032e-20)
(0.0313622 -0.0203453 0)
(0.0350098 -0.0182032 5.95569e-21)
(0.0376196 -0.0146196 -1.66975e-20)
(0.0393828 -0.00977032 -2.12469e-20)
(0.0405449 -0.00364573 9.96859e-21)
(0.0410801 0.00379973 9.66401e-21)
(0.00556827 -0.00634433 -2.91602e-20)
(0.0157393 -0.0150176 -3.7131e-21)
(0.0250321 -0.019358 -6.99134e-21)
(0.0323546 -0.0209269 -1.645e-20)
(0.0379338 -0.020347 -6.29865e-21)
(0.0420191 -0.0181107 -5.94256e-21)
(0.0448728 -0.0145687 5.5233e-23)
(0.0467462 -0.00992065 0)
(0.0479321 -0.00414514 0)
(0.0484293 0.00284058 5.02797e-23)
(0.00712715 -0.00685064 1.45717e-20)
(0.0193667 -0.0156144 -1.4785e-20)
(0.0301147 -0.0196799 1.03997e-20)
(0.038367 -0.0209715 2.31517e-20)
(0.0444909 -0.0201883 -6.17556e-21)
(0.0488491 -0.0178674 5.94764e-21)
(0.0517934 -0.0143908 5.60206e-21)
(0.0536469 -0.00998264 0)
(0.0547641 -0.00461422 0)
(0.0551811 0.00185865 -2.34701e-22)
(0.0089225 -0.00733275 -1.83076e-21)
(0.0232792 -0.0160796 1.85507e-20)
(0.0353377 -0.0198251 -3.47018e-21)
(0.0443154 -0.0208419 0)
(0.0507601 -0.0198953 0)
(0.055171 -0.0175521 1.17509e-20)
(0.0580001 -0.0142124 0)
(0.0596447 -0.0101236 -1.02981e-20)
(0.060525 -0.00527559 2.09072e-23)
(0.0607515 0.000503662 9.21176e-21)
(0.0186847 0.0456923 1.81525e-22)
(0.0315447 0.104397 -1.83582e-22)
(0.0394995 0.163401 -2.07061e-22)
(0.0405823 0.217594 -2.33999e-22)
(0.0361641 0.271526 -2.85776e-22)
(0.0320815 0.32899 -1.01644e-23)
(0.020773 0.393958 1.50002e-22)
(0.0177539 0.479766 5.3632e-22)
(-0.00164254 0.608241 0)
(0.00528615 0.762515 -3.91858e-22)
(0.0179165 0.0413866 7.00821e-22)
(0.028652 0.0995394 -7.88904e-22)
(0.0368949 0.160781 1.40909e-21)
(0.0384543 0.216903 2.34385e-22)
(0.0344753 0.272023 5.05803e-22)
(0.0307288 0.330264 8.6935e-22)
(0.0199222 0.39577 -3.24478e-22)
(0.0170155 0.481962 -3.59837e-22)
(-0.00155658 0.609894 6.99205e-22)
(0.00487475 0.762647 3.90932e-22)
(0.0186441 0.0369818 0)
(0.0264392 0.0937684 -7.64021e-22)
(0.0346635 0.156995 -4.07924e-22)
(0.0366045 0.215163 0)
(0.0330091 0.271598 -1.55725e-21)
(0.0295735 0.330707 4.86837e-22)
(0.0192099 0.396794 5.46019e-22)
(0.0163734 0.48335 1.94034e-21)
(-0.00143752 0.611081 -6.9694e-22)
(0.00450729 0.762599 1.41111e-21)
(0.0210163 0.0327297 0)
(0.0250433 0.0873078 7.7043e-22)
(0.0328168 0.152069 0)
(0.0350197 0.212359 1.81667e-21)
(0.0317501 0.270244 -1.8261e-21)
(0.0285988 0.330317 -1.10582e-21)
(0.0186222 0.397004 -6.62505e-23)
(0.0158358 0.483884 -1.8993e-21)
(-0.00128754 0.611571 -3.10303e-22)
(0.00416349 0.762188 -1.73523e-21)
(0.025043 0.0288554 3.67553e-23)
(0.0246336 0.0804516 -2.2045e-21)
(0.0313772 0.146076 6.74946e-23)
(0.033689 0.208489 -1.63023e-21)
(0.0306818 0.267964 0)
(0.0277852 0.329126 -1.05716e-21)
(0.0181408 0.396495 -8.88523e-23)
(0.0153831 0.483795 2.386e-21)
(-0.00113001 0.61174 3.14855e-22)
(0.00384575 0.761729 -3.16007e-22)
(0.0305134 0.025507 -5.96034e-21)
(0.0253658 0.0735319 3.77248e-21)
(0.0303848 0.139142 1.5978e-21)
(0.0326044 0.203576 -1.59703e-21)
(0.0297908 0.264752 -8.67192e-22)
(0.0271222 0.32709 0)
(0.0177663 0.395137 -2.11507e-21)
(0.0150292 0.482749 1.0588e-21)
(-0.000951198 0.610954 1.1535e-21)
(0.00353363 0.760795 1.20304e-21)
(0.0369557 0.022731 -7.15635e-22)
(0.0272965 0.0668822 0)
(0.0298931 0.131463 0)
(0.0317611 0.197666 0)
(0.0290568 0.260671 -9.23011e-22)
(0.0265857 0.324406 1.78746e-21)
(0.0174683 0.393339 2.06235e-21)
(0.0147206 0.481529 -3.21433e-21)
(-0.000798 0.610377 5.67445e-22)
(0.00324926 0.760101 -1.75349e-21)
(0.0436481 0.0204446 4.48397e-21)
(0.0302662 0.0606873 3.07194e-21)
(0.0299368 0.123288 -3.04398e-21)
(0.0311621 0.190834 3.23183e-21)
(0.0284781 0.255555 -4.01275e-21)
(0.0261813 0.320609 0)
(0.0172804 0.390261 -9.28648e-22)
(0.0145337 0.478701 4.6472e-23)
(-0.000601507 0.608093 -1.02291e-21)
(0.00295238 0.758601 -1.08125e-21)
(0.0496392 0.0182481 -3.80263e-21)
(0.0338046 0.0545809 0)
(0.0304887 0.114468 -3.42553e-21)
(0.0307673 0.183256 6.16814e-21)
(0.0280157 0.250198 -2.29549e-21)
(0.025855 0.317154 -4.21228e-22)
(0.0171035 0.388018 9.2664e-22)
(0.014291 0.477302 1.02853e-23)
(-0.000508264 0.607527 1.4789e-21)
(0.00269462 0.757937 1.56989e-21)
(0.0537207 0.0159732 -3.07737e-21)
(0.0371366 0.0485156 3.00913e-21)
(0.0315107 0.104465 3.80199e-22)
(0.0306776 0.172938 0)
(0.0276714 0.241257 0)
(0.0256979 0.309844 4.14e-22)
(0.0171562 0.381679 1.75175e-21)
(0.0143512 0.471351 -1.70181e-21)
(-0.000250729 0.602851 -4.58802e-22)
(0.00239601 0.755672 4.43817e-22)
(0.0556314 0.0174113 0)
(0.0414173 0.0462052 0)
(0.0335267 0.0977501 0)
(0.0312958 0.167566 0)
(0.0275318 0.239195 0)
(0.0247366 0.310484 0)
(0.0163479 0.383897 0)
(0.0132434 0.474865 0)
(-0.00051849 0.605607 0)
(0.00184623 0.755322 0)
(0.0571016 0.0335462 0)
(0.0447353 0.0649087 0)
(0.0343181 0.109776 0)
(0.0302493 0.173519 0)
(0.0264812 0.243728 0)
(0.0234062 0.315611 0)
(0.0155438 0.390519 0)
(0.0120647 0.482869 0)
(-0.000460854 0.612187 0)
(0.00136195 0.756108 0)
(0.0541352 0.038515 0)
(0.0457694 0.074372 0)
(0.0354027 0.118543 0)
(0.0296185 0.179702 0)
(0.0252726 0.249114 0)
(0.0218854 0.320953 0)
(0.0145972 0.39634 0)
(0.0109539 0.488941 0)
(-0.000454477 0.616798 0)
(0.000981469 0.756081 0)
(0.0491244 0.0415369 0)
(0.0441602 0.0815947 0)
(0.0353964 0.125834 0)
(0.0291129 0.185142 0)
(0.0243856 0.254332 0)
(0.0206947 0.326993 0)
(0.0138491 0.403748 0)
(0.0101036 0.497292 0)
(-0.000213637 0.623473 0)
(0.000765116 0.75699 0)
(0.0435587 0.042669 0)
(0.0410549 0.0871871 0)
(0.034182 0.132541 0)
(0.0281966 0.190237 0)
(0.0234098 0.258488 0)
(0.0195703 0.331175 0)
(0.0131042 0.408389 0)
(0.00928488 0.502082 0)
(-0.000204721 0.626982 0)
(0.000520421 0.756746 0)
(0.0376546 0.0420849 0)
(0.0371512 0.0908742 0)
(0.0319828 0.138155 0)
(0.0267461 0.195353 0)
(0.0223837 0.263382 0)
(0.0186658 0.336827 0)
(0.0126178 0.415444 0)
(0.00873831 0.510139 0)
(8.81812e-05 0.633287 0)
(0.000414416 0.757508 0)
(0.0316893 0.0399516 0)
(0.0331079 0.0930105 0)
(0.0296773 0.142841 0)
(0.0251164 0.199611 0)
(0.0210929 0.266721 0)
(0.0176093 0.339877 0)
(0.012005 0.418645 0)
(0.00816181 0.513304 0)
(7.93984e-05 0.635503 0)
(0.000258903 0.757079 0)
(0.0256465 0.0360215 0)
(0.028683 0.0927072 0)
(0.0268753 0.145706 0)
(0.0234546 0.203898 0)
(0.0200565 0.271643 0)
(0.0168341 0.345809 0)
(0.0116619 0.426035 0)
(0.00781185 0.521655 0)
(0.000448311 0.641878 0)
(0.000242638 0.757847 0)
(0.0207585 0.0324985 0)
(0.0258688 0.0929772 0)
(0.025271 0.148358 0)
(0.0222043 0.206349 0)
(0.0190588 0.273483 0)
(0.0160666 0.34742 0)
(0.0112079 0.42773 0)
(0.0074465 0.523208 0)
(0.000424484 0.642944 0)
(0.000161179 0.757488 0)
(0.0140588 0.0201783 0)
(0.0206464 0.0855853 0)
(0.0230187 0.147906 0)
(0.0215685 0.210035 0)
(0.0188557 0.278754 0)
(0.0158937 0.354104 0)
(0.0112644 0.436048 0)
(0.00734451 0.532538 0)
(0.000931297 0.649895 0)
(0.000215964 0.758411 0)
(0.063235 0.00669369 2.6764e-21)
(0.0612978 0.0138611 -2.63098e-21)
(0.0556428 0.015068 2.26123e-22)
(0.0492426 0.0147367 0)
(0.0426189 0.0129826 0)
(0.0357186 0.0101008 6.64321e-23)
(0.0288312 0.00618041 -7.97091e-23)
(0.0220424 0.000924319 7.83316e-23)
(0.0159515 -0.0038744 -1.29467e-23)
(0.00860023 -0.0148745 1.27202e-23)
(0.0643635 0.00228756 -3.54812e-21)
(0.0606179 0.00559714 0)
(0.0542346 0.00496431 1.27067e-21)
(0.0476163 0.00323935 -2.52199e-21)
(0.040914 0.000395441 1.24728e-21)
(0.0339719 -0.00329495 -6.49532e-23)
(0.0270388 -0.00781787 5.92921e-23)
(0.0202631 -0.0134613 1.51739e-23)
(0.0138838 -0.0186696 -2.08673e-23)
(0.00700572 -0.0287784 -2.31558e-23)
(0.0646455 -0.00229799 3.99612e-21)
(0.0594669 -0.0023923 -1.84067e-21)
(0.0526832 -0.00482906 1.82297e-21)
(0.045924 -0.00798088 -9.97504e-22)
(0.0391493 -0.0119368 7.83e-22)
(0.0321653 -0.0164342 0)
(0.0251952 -0.0215155 -5.94276e-23)
(0.0184431 -0.0274083 1.25529e-24)
(0.0119372 -0.0328043 7.04743e-24)
(0.00561732 -0.0416901 3.50213e-23)
(0.0641865 -0.00769192 -6.07271e-22)
(0.0578484 -0.0106919 0)
(0.0509051 -0.0146827 0)
(0.0440933 -0.0190968 0)
(0.037298 -0.0240286 5.07221e-22)
(0.0303101 -0.0292069 -3.12061e-22)
(0.0233428 -0.0347139 2.28399e-23)
(0.0166364 -0.0406848 5.54062e-24)
(0.0101623 -0.0460248 7.35089e-24)
(0.00439103 -0.0535516 1.48611e-23)
(0.0629083 -0.0139857 -4.25442e-22)
(0.0556871 -0.019385 -1.6214e-21)
(0.0487816 -0.0246617 -6.51164e-22)
(0.0419985 -0.0301039 6.50699e-22)
(0.03526 -0.0358109 -1.92735e-22)
(0.028339 -0.0414863 0)
(0.0214539 -0.0472425 -5.99609e-23)
(0.0148664 -0.0531101 2.66132e-23)
(0.0085741 -0.0581748 -9.3483e-24)
(0.00337114 -0.0643443 -2.24478e-23)
(0.0609012 -0.0210634 -4.48748e-21)
(0.0530932 -0.0283433 7.47212e-22)
(0.0463857 -0.0346676 1.90876e-22)
(0.0396941 -0.0408887 6.41288e-22)
(0.0330822 -0.0471593 0)
(0.0262953 -0.0531319 0)
(0.0195672 -0.0589543 0)
(0.0131783 -0.064555 2.74316e-23)
(0.00718679 -0.0691805 0)
(0.00255692 -0.0740856 0)
(0.0582447 -0.0287337 0)
(0.0501807 -0.0373606 1.27828e-21)
(0.0437912 -0.0445379 -8.2328e-22)
(0.0372556 -0.0512953 -4.6778e-22)
(0.0308306 -0.05793 4.70182e-22)
(0.0242398 -0.0640116 9.82848e-23)
(0.0177345 -0.069736 -1.22679e-22)
(0.0116147 -0.0749438 -1.22483e-22)
(0.00600431 -0.0790331 9.8042e-24)
(0.00192305 -0.0828228 5.93641e-24)
(0.0550303 -0.0367484 0)
(0.0470504 -0.0462296 -4.55306e-22)
(0.0410641 -0.0540959 -1.83937e-22)
(0.0347455 -0.0611668 0)
(0.0285622 -0.0679919 6.37224e-23)
(0.0222246 -0.0740225 -2.34631e-22)
(0.0159978 -0.0795194 1.03663e-22)
(0.0102033 -0.0842554 5.06015e-24)
(0.00501773 -0.0877747 -8.31601e-24)
(0.00143958 -0.0906249 -5.92565e-24)
(0.0513848 -0.0448785 6.09291e-22)
(0.0437822 -0.0547693 4.13312e-22)
(0.0382631 -0.0631847 -1.40067e-22)
(0.0322207 -0.0703734 7.18764e-23)
(0.0263267 -0.0772473 1.01489e-22)
(0.0202927 -0.0831036 1.04166e-22)
(0.0143869 -0.0882844 -2.26459e-23)
(0.00895651 -0.0925171 -1.22597e-23)
(0.0042083 -0.0954832 8.34322e-24)
(0.00107714 -0.0975729 6.27102e-25)
(0.0474376 -0.0529326 -1.28199e-22)
(0.040447 -0.0628424 1.29353e-22)
(0.0354412 -0.0716862 -9.32724e-23)
(0.0297335 -0.0788291 -7.17673e-23)
(0.0241654 -0.0856422 4.53786e-23)
(0.0184764 -0.0912406 -8.19139e-23)
(0.0129192 -0.0960563 3.18657e-23)
(0.00787353 -0.0997945 2.97649e-24)
(0.0035517 -0.102258 0)
(0.000808531 -0.103754 -6.2844e-25)
(0.0433358 -0.0607645 1.31442e-22)
(0.0371246 -0.0703643 -1.32574e-22)
(0.0326572 -0.0795288 -9.8518e-23)
(0.0273372 -0.0864975 -7.6777e-23)
(0.0221154 -0.0931684 -4.78581e-23)
(0.0168002 -0.098463 7.26068e-24)
(0.0116025 -0.102898 1.69274e-23)
(0.00694496 -0.10618 2.65982e-23)
(0.00302226 -0.10821 0)
(0.000610194 -0.109255 -2.25437e-24)
(0.0392312 -0.068285 0)
(0.0339019 -0.0773022 -4.44573e-22)
(0.0299702 -0.0866853 7.50693e-22)
(0.0250822 -0.0933893 7.68902e-23)
(0.020207 -0.0998576 1.21243e-22)
(0.0152802 -0.104835 1.28456e-22)
(0.0104373 -0.108896 -2.7191e-23)
(0.00615626 -0.111779 -1.62136e-23)
(0.00259602 -0.113448 1.92128e-23)
(0.000463345 -0.114163 2.24903e-24)
(0.0352433 -0.0754594 0)
(0.030847 -0.0836721 -5.15264e-22)
(0.0274199 -0.0931667 -2.04613e-22)
(0.0230007 -0.0995556 0)
(0.0184566 -0.105773 -3.35308e-22)
(0.0139202 -0.110448 1.27917e-22)
(0.00941589 -0.114157 7.80959e-23)
(0.0054898 -0.116704 1.30668e-22)
(0.00225193 -0.118081 -1.91501e-23)
(0.000353639 -0.118562 1.40048e-23)
(0.031455 -0.0822938 0)
(0.0280055 -0.0895362 5.19535e-22)
(0.0250264 -0.0990147 0)
(0.0211058 -0.10508 6.01406e-22)
(0.0168675 -0.111002 -6.04525e-22)
(0.0127132 -0.115406 -1.61756e-22)
(0.00852562 -0.11879 3.49103e-23)
(0.00492685 -0.121066 -1.35976e-22)
(0.00197232 -0.122211 -2.50206e-23)
(0.000270263 -0.122531 -2.15256e-23)
(0.0279248 -0.0888203 5.34268e-21)
(0.025413 -0.0949968 -2.00282e-21)
(0.0228034 -0.104294 -1.93571e-22)
(0.0194004 -0.110068 -8.0991e-22)
(0.0154383 -0.115645 0)
(0.0116478 -0.119823 -1.72528e-22)
(0.00775243 -0.122907 5.63284e-23)
(0.0044501 -0.124973 2.04776e-22)
(0.00174331 -0.125932 8.42618e-24)
(0.00020541 -0.126151 -8.42036e-24)
(0.0246838 -0.0950751 4.61668e-22)
(0.0230991 -0.10019 3.11837e-21)
(0.0207653 -0.109083 8.47134e-22)
(0.0178825 -0.114637 -8.46613e-22)
(0.0141675 -0.119813 -2.96179e-22)
(0.0107118 -0.123812 0)
(0.00708385 -0.126618 -2.81486e-22)
(0.00404517 -0.128524 1.50742e-22)
(0.00155474 -0.129335 7.68318e-23)
(0.00015371 -0.129495 1.93747e-23)
(0.0217495 -0.101072 -7.49059e-22)
(0.0211021 -0.10528 0)
(0.0189427 -0.113471 0)
(0.016554 -0.118905 0)
(0.0130599 -0.123618 -2.35177e-22)
(0.00989731 -0.127482 5.30759e-22)
(0.00651158 -0.130025 2.89503e-22)
(0.00370183 -0.131814 -3.44144e-22)
(0.00139989 -0.132505 1.98111e-23)
(0.000111553 -0.132641 -3.87997e-23)
(0.0191169 -0.106778 -1.72968e-21)
(0.0194366 -0.110443 2.31537e-21)
(0.0173592 -0.117555 -2.29351e-21)
(0.0154016 -0.122984 1.47535e-21)
(0.0121129 -0.127169 -1.78994e-21)
(0.00919206 -0.130935 0)
(0.00602584 -0.133224 -1.7521e-22)
(0.00341055 -0.13493 -7.37774e-24)
(0.00127341 -0.13552 -6.53824e-23)
(7.60622e-05 -0.135659 -2.19356e-23)
(0.016548 -0.11206 -8.12258e-22)
(0.0178683 -0.115847 0)
(0.0158973 -0.121439 -2.26303e-21)
(0.0143046 -0.126974 3.51663e-21)
(0.0112521 -0.130572 -1.20879e-21)
(0.00853848 -0.134265 -1.29777e-22)
(0.00559067 -0.136305 1.74811e-22)
(0.00314902 -0.137952 2.18289e-23)
(0.00116557 -0.138457 1.34434e-22)
(4.58339e-05 -0.138624 4.36593e-23)
(0.0140249 -0.116557 -3.28294e-21)
(0.0162948 -0.121645 3.21024e-21)
(0.0145703 -0.125268 2.92181e-22)
(0.0132518 -0.130981 0)
(0.0104666 -0.133946 0)
(0.0079333 -0.137573 1.33606e-22)
(0.00520171 -0.139361 3.24653e-22)
(0.00291693 -0.140962 -3.18614e-22)
(0.00107755 -0.141392 -2.41083e-23)
(3.22577e-05 -0.141607 2.35976e-23)
(0.0136806 -0.123559 0)
(0.016539 -0.135543 0)
(0.0143238 -0.134218 0)
(0.0127657 -0.140573 0)
(0.00999943 -0.142113 0)
(0.00745322 -0.145674 0)
(0.00487735 -0.14688 0)
(0.00272492 -0.148384 0)
(0.0010429 -0.148605 0)
(6.60604e-05 -0.148893 0)
(0.0130904 -0.146288 0)
(0.0119721 -0.159656 0)
(0.010139 -0.154824 0)
(0.00864363 -0.161285 0)
(0.00667381 -0.16066 0)
(0.00496427 -0.163941 0)
(0.00322175 -0.163997 0)
(0.00183689 -0.165318 0)
(0.000717178 -0.165074 0)
(7.40521e-05 -0.165433 0)
(0.013587 -0.174482 0)
(0.0111857 -0.188974 0)
(0.00915774 -0.18148 0)
(0.0073296 -0.18837 0)
(0.00556744 -0.185913 0)
(0.00402527 -0.18931 0)
(0.00262448 -0.188357 0)
(0.00152218 -0.189756 0)
(0.000641177 -0.189047 0)
(8.73566e-05 -0.189554 0)
(0.0136706 -0.209868 0)
(0.0103988 -0.2255 0)
(0.00841052 -0.216153 0)
(0.0063236 -0.223825 0)
(0.00481795 -0.219865 0)
(0.00336032 -0.223738 0)
(0.002255 -0.221875 0)
(0.00131217 -0.223588 0)
(0.000607694 -0.222386 0)
(8.83714e-05 -0.223152 0)
(0.0134198 -0.253112 0)
(0.00973033 -0.269037 0)
(0.00783503 -0.25911 0)
(0.0055606 -0.267433 0)
(0.00429198 -0.262581 0)
(0.00284751 -0.267038 0)
(0.0019928 -0.264496 0)
(0.00111365 -0.266648 0)
(0.000566212 -0.265005 0)
(6.41461e-05 -0.266127 0)
(0.0125238 -0.301962 0)
(0.0088336 -0.316507 0)
(0.00711632 -0.307777 0)
(0.00481715 -0.315944 0)
(0.0037723 -0.311203 0)
(0.00235061 -0.315872 0)
(0.00170214 -0.313136 0)
(0.000846513 -0.315566 0)
(0.000458631 -0.313706 0)
(7.32166e-06 -0.315122 0)
(0.0107619 -0.350848 0)
(0.00748303 -0.362443 0)
(0.00602317 -0.356471 0)
(0.00394184 -0.363385 0)
(0.00310469 -0.359816 0)
(0.0018025 -0.363967 0)
(0.00130994 -0.361665 0)
(0.00051347 -0.363923 0)
(0.000280355 -0.362224 0)
(-5.89198e-05 -0.363657 0)
(0.00821038 -0.392773 0)
(0.00565615 -0.400836 0)
(0.00453782 -0.398208 0)
(0.00290234 -0.403178 0)
(0.00227666 -0.401347 0)
(0.00122764 -0.404368 0)
(0.000861996 -0.402931 0)
(0.000210243 -0.404567 0)
(0.000103244 -0.403351 0)
(-9.54435e-05 -0.404446 0)
(0.00511283 -0.4224 0)
(0.00349265 -0.427549 0)
(0.00279606 -0.427705 0)
(0.00176076 -0.430844 0)
(0.00137294 -0.430585 0)
(0.000692217 -0.432402 0)
(0.000459445 -0.431842 0)
(3.14066e-05 -0.432733 0)
(-3.06153e-08 -0.432068 0)
(-8.43423e-05 -0.432672 0)
(0.00173451 -0.43742 0)
(0.0011726 -0.441012 0)
(0.000942655 -0.44268 0)
(0.000586493 -0.444759 0)
(0.000458172 -0.445389 0)
(0.000220644 -0.446466 0)
(0.000140958 -0.446429 0)
(-9.9575e-06 -0.446846 0)
(-1.33976e-05 -0.446538 0)
(-3.34528e-05 -0.44681 0)
(0.0135704 -0.132471 3.81851e-21)
(0.014498 -0.156731 -3.74467e-21)
(0.015571 -0.186591 4.80769e-22)
(0.0158275 -0.222863 0)
(0.0155391 -0.265589 0)
(0.0144101 -0.312168 5.55753e-22)
(0.0123389 -0.357426 -2.38741e-21)
(0.00943323 -0.395447 2.3542e-21)
(0.00590899 -0.421984 6.39303e-22)
(0.00200898 -0.435363 -6.29244e-22)
(0.0138235 -0.137175 -4.52666e-21)
(0.0153143 -0.16138 0)
(0.0165181 -0.191344 3.28097e-21)
(0.0168055 -0.227562 -7.57078e-21)
(0.016472 -0.269839 4.85878e-21)
(0.0152334 -0.315448 -5.15625e-22)
(0.0130319 -0.359357 1.14896e-21)
(0.00997596 -0.396017 2.42496e-21)
(0.00626493 -0.421523 6.82381e-22)
(0.00212829 -0.434366 6.62491e-22)
(0.0143584 -0.14206 5.2827e-21)
(0.0164372 -0.166278 -3.62054e-21)
(0.0176889 -0.196134 3.58621e-21)
(0.0179667 -0.23209 -4.00844e-21)
(0.0175477 -0.273761 2.96544e-21)
(0.0161634 -0.318308 0)
(0.0137933 -0.36087 -1.15175e-21)
(0.0105484 -0.396244 5.88573e-23)
(0.00662319 -0.420821 -1.27284e-21)
(0.00224072 -0.433196 -1.29974e-21)
(0.0152114 -0.146455 -8.53293e-22)
(0.0178076 -0.170785 0)
(0.0190612 -0.200583 0)
(0.0193053 -0.236296 0)
(0.0187736 -0.277378 3.30141e-21)
(0.0172208 -0.320901 -2.20816e-21)
(0.0146516 -0.362173 -1.54863e-23)
(0.0111799 -0.39631 -1.35941e-21)
(0.00700726 -0.419979 -6.97826e-22)
(0.0023571 -0.431884 -7.47129e-22)
(0.0164496 -0.150459 7.52317e-23)
(0.0194105 -0.174739 -2.57138e-21)
(0.0206164 -0.204438 -1.95608e-21)
(0.0208036 -0.23992 1.95485e-21)
(0.0201381 -0.280461 -1.07836e-21)
(0.0184035 -0.323058 0)
(0.0156167 -0.363169 -1.26669e-21)
(0.0118908 -0.39618 2.77361e-21)
(0.00743957 -0.419004 -1.41943e-21)
(0.00248924 -0.430457 1.46195e-21)
(0.0181085 -0.154137 -6.83096e-21)
(0.0212668 -0.178182 7.43809e-22)
(0.0223705 -0.207662 -1.41465e-22)
(0.0224669 -0.242868 2.00779e-21)
(0.021642 -0.282881 0)
(0.0197098 -0.324643 0)
(0.0166885 -0.363737 0)
(0.0126856 -0.395773 1.48625e-21)
(0.00792773 -0.417863 0)
(0.00264255 -0.428921 0)
(0.0201992 -0.157395 0)
(0.0233922 -0.181089 2.81124e-21)
(0.0243482 -0.210251 -1.8997e-21)
(0.0243133 -0.245134 -2.25402e-21)
(0.0233001 -0.284622 2.26574e-21)
(0.021148 -0.325623 1.35324e-21)
(0.0178695 -0.363834 -1.3423e-21)
(0.0135641 -0.395046 -5.30908e-21)
(0.00847087 -0.416528 3.77984e-22)
(0.0028179 -0.427265 -1.29379e-21)
(0.0227305 -0.160118 0)
(0.0257927 -0.183384 -9.13677e-22)
(0.0265657 -0.212166 -5.15112e-22)
(0.0263578 -0.246707 0)
(0.0251285 -0.285691 6.59659e-22)
(0.0227312 -0.326013 -1.98968e-21)
(0.0191674 -0.363467 2.21783e-21)
(0.0145288 -0.393995 7.91553e-22)
(0.00906809 -0.414989 -8.66051e-22)
(0.00301534 -0.425477 1.71651e-21)
(0.0257136 -0.162216 8.21969e-22)
(0.0284734 -0.185008 9.90106e-22)
(0.0290334 -0.213358 -2.1969e-22)
(0.0286095 -0.247564 2.94579e-22)
(0.0271391 -0.286086 6.27162e-22)
(0.0244706 -0.325826 1.05406e-21)
(0.0205913 -0.362654 -3.9671e-22)
(0.015585 -0.392632 -4.28802e-22)
(0.00972106 -0.413245 8.68904e-22)
(0.00323568 -0.423548 4.70875e-22)
(0.0291581 -0.163617 -2.28671e-22)
(0.0314397 -0.185929 2.30831e-22)
(0.0317601 -0.213794 -2.64983e-22)
(0.0310746 -0.247685 -2.94193e-22)
(0.0293405 -0.285795 3.4993e-22)
(0.0263745 -0.325062 -7.14716e-22)
(0.0221496 -0.361401 6.07077e-22)
(0.0167396 -0.390962 2.17174e-22)
(0.0104336 -0.411297 0)
(0.00348053 -0.421476 -4.71929e-22)
(0.0330714 -0.164266 2.34162e-22)
(0.0346941 -0.186141 -2.36447e-22)
(0.0347541 -0.21346 -2.84183e-22)
(0.0337581 -0.24707 -3.17762e-22)
(0.0317402 -0.284818 -3.65142e-22)
(0.0284493 -0.323726 -2.58595e-23)
(0.0238485 -0.359712 2.13845e-22)
(0.0179978 -0.388989 6.90855e-22)
(0.0112088 -0.409146 0)
(0.00375103 -0.419257 -5.15048e-22)
(0.037458 -0.16415 0)
(0.0382367 -0.18564 -1.08724e-21)
(0.0380204 -0.212365 1.97068e-21)
(0.0366628 -0.245725 3.18294e-22)
(0.0343452 -0.283161 7.40285e-22)
(0.0307014 -0.321818 1.21737e-21)
(0.0256958 -0.357584 -4.33435e-22)
(0.0193669 -0.386707 -4.68706e-22)
(0.0120515 -0.406787 1.03682e-21)
(0.00404861 -0.416885 5.1385e-22)
(0.0423194 -0.163305 0)
(0.0420676 -0.184422 -1.07156e-21)
(0.0415595 -0.210549 -5.92311e-22)
(0.0397921 -0.243672 0)
(0.0371601 -0.280854 -2.33312e-21)
(0.0331347 -0.319363 7.79194e-22)
(0.0276947 -0.355037 9.30294e-22)
(0.0208482 -0.38413 3.00611e-21)
(0.0129615 -0.404212 -1.03345e-21)
(0.00437258 -0.414349 2.23095e-21)
(0.0476502 -0.161843 0)
(0.0461882 -0.182484 1.08067e-21)
(0.0453613 -0.208091 0)
(0.0431479 -0.240918 2.97611e-21)
(0.0401887 -0.277909 -2.99139e-21)
(0.0357566 -0.316355 -1.83479e-21)
(0.0298532 -0.352057 -4.20517e-23)
(0.0224544 -0.381241 -3.0939e-21)
(0.0139494 -0.40141 -5.15735e-22)
(0.00472453 -0.411635 -2.77499e-21)
(0.053415 -0.159823 7.80346e-21)
(0.0506131 -0.179825 -2.99584e-21)
(0.0494189 -0.205002 3.23587e-22)
(0.0467431 -0.237479 -2.77253e-21)
(0.0434272 -0.274352 0)
(0.0385695 -0.312826 -1.91341e-21)
(0.0321718 -0.348676 -1.61677e-22)
(0.0241832 -0.378063 4.20169e-21)
(0.0150124 -0.398408 5.76202e-22)
(0.00510252 -0.408758 -5.78432e-22)
(0.0595726 -0.157234 -8.02726e-22)
(0.0553509 -0.176521 5.60035e-21)
(0.0537076 -0.20132 2.88384e-21)
(0.0505717 -0.233447 -2.8819e-21)
(0.0468758 -0.270217 -1.74252e-21)
(0.041579 -0.308778 0)
(0.0346615 -0.34487 -4.29009e-21)
(0.026048 -0.374567 2.15171e-21)
(0.0161622 -0.395182 2.29892e-21)
(0.00551054 -0.405701 2.46862e-21)
(0.066053 -0.15415 -1.07524e-21)
(0.0603953 -0.172664 0)
(0.058206 -0.197129 0)
(0.0546233 -0.228911 0)
(0.0505299 -0.265617 -2.01514e-21)
(0.044775 -0.304348 3.75116e-21)
(0.0373031 -0.34078 4.37036e-21)
(0.0280229 -0.370861 -6.88429e-21)
(0.0173768 -0.391789 1.23256e-21)
(0.00593743 -0.402491 -3.66654e-21)
(0.0727442 -0.150703 -1.60586e-21)
(0.0657374 -0.168282 5.52053e-21)
(0.0628932 -0.192439 -5.46788e-21)
(0.0588919 -0.223795 7.04198e-21)
(0.0544016 -0.26038 -8.8584e-21)
(0.0481954 -0.299271 0)
(0.0401611 -0.336118 -2.28473e-21)
(0.0301841 -0.366723 -9.43732e-23)
(0.0187176 -0.388099 -2.56203e-21)
(0.0064071 -0.399043 -2.61107e-21)
(0.07949 -0.147221 -1.14218e-21)
(0.0713534 -0.163669 0)
(0.0677096 -0.187658 -7.30599e-21)
(0.0632996 -0.218704 1.37793e-20)
(0.0583875 -0.255326 -5.33756e-21)
(0.0516938 -0.294491 -1.08003e-21)
(0.0430486 -0.331748 2.27976e-21)
(0.0323392 -0.36275 -1.15739e-22)
(0.0200416 -0.384422 3.7394e-21)
(0.00685766 -0.395526 3.86412e-21)
(0.0864905 -0.142288 -5.15288e-21)
(0.077957 -0.157305 5.05253e-21)
(0.0731868 -0.180917 7.80099e-22)
(0.0682906 -0.211418 0)
(0.0629363 -0.247919 0)
(0.0557814 -0.287475 1.0648e-21)
(0.0465255 -0.325588 4.88677e-21)
(0.0350107 -0.357605 -4.78271e-21)
(0.0217194 -0.380088 -1.31014e-21)
(0.00743843 -0.391541 1.28831e-21)
(0.0968713 -0.142361 0)
(0.0926812 -0.154632 0)
(0.0849498 -0.178898 0)
(0.0787289 -0.208877 0)
(0.0720335 -0.244516 0)
(0.063437 -0.282746 0)
(0.052629 -0.319326 0)
(0.0394573 -0.349957 0)
(0.0244152 -0.371601 0)
(0.0082442 -0.382888 0)
(0.115057 -0.129817 0)
(0.1173 -0.146778 0)
(0.105606 -0.173787 0)
(0.0984602 -0.2033 0)
(0.0893331 -0.237729 0)
(0.0781157 -0.273683 0)
(0.0644254 -0.307509 0)
(0.0481184 -0.335366 0)
(0.0297665 -0.354472 0)
(0.0102683 -0.36365 0)
(0.138522 -0.117806 0)
(0.143483 -0.137178 0)
(0.12799 -0.164483 0)
(0.12039 -0.192626 0)
(0.108132 -0.225293 0)
(0.0938494 -0.25839 0)
(0.0767191 -0.289385 0)
(0.0568563 -0.31518 0)
(0.0349008 -0.333655 0)
(0.0115619 -0.343835 0)
(0.167673 -0.10934 0)
(0.173537 -0.129189 0)
(0.153946 -0.155412 0)
(0.145982 -0.182134 0)
(0.129712 -0.213004 0)
(0.112138 -0.243057 0)
(0.0910398 -0.271101 0)
(0.0671325 -0.293951 0)
(0.0411994 -0.309354 0)
(0.0143488 -0.31595 0)
(0.201902 -0.0990776 0)
(0.206149 -0.117375 0)
(0.182396 -0.141146 0)
(0.173225 -0.165285 0)
(0.15137 -0.192616 0)
(0.129869 -0.2184 0)
(0.103861 -0.243159 0)
(0.0756168 -0.26394 0)
(0.0456777 -0.279793 0)
(0.0144344 -0.290336 0)
(0.241096 -0.0909854 0)
(0.242544 -0.107065 0)
(0.215032 -0.129005 0)
(0.203771 -0.150276 0)
(0.175525 -0.174193 0)
(0.150669 -0.19657 0)
(0.119477 -0.218882 0)
(0.0867069 -0.236988 0)
(0.0525779 -0.249406 0)
(0.019361 -0.252166 0)
(0.281849 -0.0752669 0)
(0.276641 -0.0877721 0)
(0.246222 -0.105781 0)
(0.230304 -0.121836 0)
(0.1952 -0.140652 0)
(0.16641 -0.158117 0)
(0.127743 -0.176052 0)
(0.0899642 -0.191493 0)
(0.0515182 -0.207071 0)
(0.0123819 -0.225439 0)
(0.321664 -0.0651096 0)
(0.311498 -0.0736181 0)
(0.280539 -0.0885418 0)
(0.259613 -0.100531 0)
(0.221663 -0.116968 0)
(0.189589 -0.131854 0)
(0.146229 -0.149013 0)
(0.104949 -0.164853 0)
(0.0618224 -0.180472 0)
(0.0310455 -0.176327 0)
(0.359408 -0.0361796 0)
(0.345637 -0.039932 0)
(0.302039 -0.0488927 0)
(0.274663 -0.0545863 0)
(0.224817 -0.0643471 0)
(0.184149 -0.0715224 0)
(0.126957 -0.0809632 0)
(0.0735588 -0.089966 0)
(0.0213711 -0.10902 0)
(-0.0388801 -0.16037 0)
(0.621905 -0.0189272 0)
(0.601588 -0.021896 0)
(0.561657 -0.0263054 0)
(0.529869 -0.0304824 0)
(0.480134 -0.0366886 0)
(0.434551 -0.0434915 0)
(0.370484 -0.0538564 0)
(0.301673 -0.0692681 0)
(0.210813 -0.0986745 0)
(0.151409 -0.157025 0)
(0.115867 -0.128321 5.28357e-21)
(0.136279 -0.115278 -5.20334e-21)
(0.159887 -0.103572 8.58719e-22)
(0.188579 -0.0953126 0)
(0.222698 -0.0857969 0)
(0.260285 -0.0784973 1.31549e-21)
(0.300316 -0.0646023 -6.27201e-21)
(0.337931 -0.0565458 6.18509e-21)
(0.385768 -0.0311052 1.76197e-21)
(0.642805 -0.0165814 -1.78753e-21)
(0.122336 -0.12223 -4.91103e-21)
(0.142534 -0.109009 0)
(0.165718 -0.097702 6.15613e-21)
(0.194141 -0.0896709 -1.48987e-20)
(0.228295 -0.0805074 1.0057e-20)
(0.265801 -0.0735827 -1.23111e-21)
(0.305856 -0.0603692 2.67431e-21)
(0.343552 -0.0531637 6.04008e-21)
(0.395519 -0.0291221 1.63315e-21)
(0.651006 -0.015582 1.64886e-21)
(0.128016 -0.115485 5.66945e-21)
(0.147852 -0.102439 -5.75311e-21)
(0.170521 -0.0917077 5.69867e-21)
(0.198586 -0.0839935 -7.92365e-21)
(0.232595 -0.0752814 5.74291e-21)
(0.270153 -0.0688156 0)
(0.310193 -0.0563459 -2.68074e-21)
(0.348513 -0.0500059 -6.00436e-23)
(0.404125 -0.0273279 -3.09591e-21)
(0.658762 -0.0146207 -3.28209e-21)
(0.133574 -0.108259 -9.7488e-22)
(0.153437 -0.0956844 0)
(0.175692 -0.0856293 0)
(0.203522 -0.0782839 0)
(0.23722 -0.0700946 6.51315e-21)
(0.27475 -0.0641611 -4.43815e-21)
(0.314618 -0.0525004 -1.78849e-22)
(0.353529 -0.0469963 -3.07176e-21)
(0.41215 -0.0257046 -1.56006e-21)
(0.666265 -0.0137377 -1.60254e-21)
(0.138613 -0.100674 9.97643e-22)
(0.158714 -0.0888421 -3.0958e-21)
(0.180658 -0.0795376 -3.24212e-21)
(0.208379 -0.0725949 3.24011e-21)
(0.241817 -0.0649673 -2.04557e-21)
(0.279385 -0.0596213 0)
(0.318983 -0.0488033 -2.60481e-21)
(0.358544 -0.0440793 5.83171e-21)
(0.419728 -0.0242125 -2.9285e-21)
(0.673445 -0.0129387 3.19313e-21)
(0.142949 -0.0927542 -7.30244e-21)
(0.163341 -0.0819334 3.47458e-22)
(0.185018 -0.0734448 -5.2218e-22)
(0.212611 -0.0669636 3.16668e-21)
(0.245903 -0.0599428 0)
(0.283571 -0.0551948 0)
(0.322915 -0.0452584 0)
(0.363252 -0.0412655 2.78344e-21)
(0.426758 -0.0228211 0)
(0.680203 -0.0122215 0)
(0.146506 -0.0845174 0)
(0.167267 -0.0749499 3.70257e-21)
(0.188731 -0.0673323 -2.57201e-21)
(0.21614 -0.0613868 -3.62388e-21)
(0.249319 -0.0550219 3.64271e-21)
(0.287076 -0.0508821 2.35958e-21)
(0.326323 -0.0418624 -2.22438e-21)
(0.367401 -0.0385654 -9.57951e-21)
(0.433085 -0.0215207 6.77491e-22)
(0.686447 -0.0115765 -2.27364e-21)
(0.149179 -0.0759948 0)
(0.170457 -0.0678839 -1.1343e-21)
(0.191803 -0.061185 -6.85461e-22)
(0.219005 -0.0558478 0)
(0.252072 -0.0501811 1.09988e-21)
(0.289888 -0.0466764 -3.16111e-21)
(0.329184 -0.038595 3.76414e-21)
(0.370922 -0.0359706 1.44673e-21)
(0.438706 -0.0203122 -1.42335e-21)
(0.692179 -0.0109996 3.03967e-21)
(0.15085 -0.0672196 7.01618e-22)
(0.172847 -0.060728 1.22006e-21)
(0.194193 -0.0549939 -2.11206e-22)
(0.221196 -0.0503324 4.03255e-22)
(0.254164 -0.0453961 9.51628e-22)
(0.292031 -0.042561 1.63225e-21)
(0.331477 -0.0354314 -6.01501e-22)
(0.373826 -0.0334723 -6.6436e-22)
(0.443585 -0.0191849 1.42804e-21)
(0.697353 -0.0104792 7.34791e-22)
(0.151414 -0.0582248 -2.31612e-22)
(0.174369 -0.0534717 2.34537e-22)
(0.195843 -0.0487462 -3.3552e-22)
(0.22267 -0.0448254 -4.02718e-22)
(0.255558 -0.0406469 4.98857e-22)
(0.293498 -0.0385153 -1.04255e-21)
(0.333167 -0.0323486 9.14863e-22)
(0.37612 -0.0310611 3.49145e-22)
(0.447677 -0.0181198 0)
(0.701947 -0.0100002 -7.36399e-22)
(0.150816 -0.0490482 2.27185e-22)
(0.174991 -0.0461034 -2.30063e-22)
(0.196718 -0.0424245 -3.26273e-22)
(0.223399 -0.0393071 -3.9354e-22)
(0.256224 -0.0359136 -4.93736e-22)
(0.294272 -0.0345171 -3.00246e-23)
(0.334227 -0.0293249 2.79808e-22)
(0.377792 -0.028724 9.61838e-22)
(0.450957 -0.0170984 0)
(0.705981 -0.00955219 -7.17797e-22)
(0.149061 -0.0397437 0)
(0.17471 -0.0386108 -1.16254e-21)
(0.196807 -0.0360071 2.14502e-21)
(0.223377 -0.0337533 3.94191e-22)
(0.256144 -0.0311731 9.13449e-22)
(0.294336 -0.0305425 1.5779e-21)
(0.334634 -0.0263379 -5.89234e-22)
(0.378817 -0.0264464 -6.48814e-22)
(0.45339 -0.0161066 1.36448e-21)
(0.709443 -0.00912697 7.16119e-22)
(0.146189 -0.0303948 0)
(0.173521 -0.0309812 -1.01373e-21)
(0.196106 -0.0294694 -6.48802e-22)
(0.222612 -0.0281362 0)
(0.255322 -0.0263985 -2.86734e-21)
(0.293683 -0.0265648 9.15805e-22)
(0.33438 -0.0233641 1.11136e-21)
(0.379186 -0.0242115 3.7866e-21)
(0.454993 -0.015133 -1.36005e-21)
(0.712372 -0.00872212 2.81417e-21)
(0.142259 -0.0211084 0)
(0.1714 -0.0232068 1.02233e-21)
(0.194608 -0.0227905 0)
(0.221107 -0.0224284 3.36919e-21)
(0.25376 -0.0215617 -3.38648e-21)
(0.292311 -0.0225567 -2.20171e-21)
(0.333456 -0.0203789 -1.15458e-22)
(0.378885 -0.0220031 -3.79179e-21)
(0.455731 -0.0141667 -6.28258e-22)
(0.714714 -0.00832902 -3.48102e-21)
(0.137385 -0.0120164 6.01033e-21)
(0.168336 -0.0152884 -2.23014e-21)
(0.192316 -0.0159565 5.44219e-22)
(0.218871 -0.0166041 -2.84548e-21)
(0.251475 -0.0166354 0)
(0.290232 -0.0184915 -2.20404e-21)
(0.331881 -0.0173599 -2.1706e-22)
(0.377943 -0.0198063 4.9705e-21)
(0.455719 -0.0131984 6.80024e-22)
(0.716567 -0.00794893 -6.79619e-22)
(0.131745 -0.00328186 -9.83921e-22)
(0.164349 -0.00723886 4.5163e-21)
(0.189248 -0.008962 2.85267e-21)
(0.215923 -0.0106411 -2.85071e-21)
(0.248475 -0.0115943 -1.83297e-21)
(0.287439 -0.0143425 0)
(0.329621 -0.0142811 -4.76461e-21)
(0.376306 -0.0176053 2.37355e-21)
(0.454795 -0.0122134 2.59531e-21)
(0.717788 -0.00756454 2.75357e-21)
(0.125573 0.00489652 -7.25226e-22)
(0.15949 0.000911701 0)
(0.185453 -0.00181023 0)
(0.212318 -0.0045209 0)
(0.244833 -0.0064178 -2.12054e-21)
(0.284037 -0.0100916 3.94672e-21)
(0.32681 -0.0111317 4.77037e-21)
(0.374148 -0.0153991 -7.50217e-21)
(0.453413 -0.011206 1.34899e-21)
(0.71862 -0.00718323 -4.05843e-21)
(0.119198 0.0123044 -1.06111e-21)
(0.153865 0.00910836 4.65748e-21)
(0.180937 0.0054835 -4.61325e-21)
(0.208002 0.00177374 6.94209e-21)
(0.240431 -0.00107542 -8.74668e-21)
(0.279808 -0.00569323 0)
(0.323143 -0.00785296 -2.36463e-21)
(0.371106 -0.0131504 -2.66631e-23)
(0.450757 -0.0101472 -2.65282e-21)
(0.718694 -0.00676964 -2.73722e-21)
(0.112703 0.0188527 -7.36642e-22)
(0.147791 0.0173424 0)
(0.176112 0.0128801 -6.55861e-21)
(0.203508 0.00818555 1.28684e-20)
(0.235964 0.00436257 -5.06745e-21)
(0.275626 -0.00123295 -1.07971e-21)
(0.319566 -0.00454493 2.35946e-21)
(0.36815 -0.0109442 -7.29074e-23)
(0.448739 -0.00904354 3.85309e-21)
(0.718616 -0.00634219 4.02132e-21)
(0.104189 0.0254859 -3.49555e-21)
(0.13904 0.0265161 3.41619e-21)
(0.168638 0.0211551 6.65322e-22)
(0.196549 0.0153468 0)
(0.229001 0.0104097 0)
(0.268917 0.00373906 1.06726e-21)
(0.313648 -0.00080157 4.90964e-21)
(0.363017 -0.0085239 -4.7939e-21)
(0.443421 -0.00784553 -1.30356e-21)
(0.717489 -0.00584867 1.23732e-21)
(0.105187 0.0443512 0)
(0.13795 0.0472181 0)
(0.167238 0.0386524 0)
(0.194676 0.0308854 0)
(0.226337 0.0234736 0)
(0.265373 0.0143441 0)
(0.3092 0.00700963 0)
(0.358452 -0.0036037 0)
(0.442119 -0.00466437 0)
(0.71564 -0.00455997 0)
(0.103605 0.0760559 0)
(0.133313 0.0824874 0)
(0.160413 0.0684771 0)
(0.186883 0.058101 0)
(0.218435 0.0465511 0)
(0.256934 0.0332112 0)
(0.300736 0.0209589 0)
(0.353108 0.00547304 0)
(0.446753 0.000634662 0)
(0.72549 -0.00218894 0)
(0.0972664 0.112653 0)
(0.123649 0.120133 0)
(0.147214 0.100074 0)
(0.17217 0.0878582 0)
(0.202887 0.0719409 0)
(0.239614 0.0542348 0)
(0.281753 0.0365745 0)
(0.334558 0.016049 0)
(0.432481 0.006177 0)
(0.713622 -0.000813877 0)
(0.0904105 0.153832 0)
(0.111955 0.160438 0)
(0.132475 0.134253 0)
(0.156705 0.121503 0)
(0.186694 0.100498 0)
(0.221884 0.0781551 0)
(0.264073 0.0545191 0)
(0.321478 0.0287362 0)
(0.431805 0.0124275 0)
(0.720115 0.00129936 0)
(0.0786912 0.200587 0)
(0.094635 0.204612 0)
(0.112695 0.173776 0)
(0.134735 0.161043 0)
(0.160975 0.133528 0)
(0.191883 0.106775 0)
(0.231077 0.0768545 0)
(0.288208 0.0452466 0)
(0.402284 0.0217849 0)
(0.69324 0.00316298 0)
(0.0688684 0.252827 0)
(0.079492 0.254668 0)
(0.0967489 0.219936 0)
(0.114895 0.206403 0)
(0.137872 0.17137 0)
(0.166157 0.142088 0)
(0.205458 0.105987 0)
(0.267647 0.0688266 0)
(0.394136 0.0364464 0)
(0.691622 0.00817964 0)
(0.0463406 0.313951 0)
(0.052617 0.312406 0)
(0.0659209 0.275188 0)
(0.0779435 0.260812 0)
(0.0961263 0.220756 0)
(0.118868 0.192366 0)
(0.15378 0.150946 0)
(0.21259 0.110138 0)
(0.337376 0.0674455 0)
(0.633087 0.0162173 0)
(0.0399544 0.392188 0)
(0.0440711 0.390513 0)
(0.0555338 0.350773 0)
(0.0642231 0.337051 0)
(0.0803012 0.29387 0)
(0.0994617 0.268337 0)
(0.133589 0.222395 0)
(0.19362 0.18273 0)
(0.319406 0.125657 0)
(0.602141 0.0364373 0)
(0.00192245 0.535181 0)
(0.00137559 0.534293 0)
(0.00492956 0.500879 0)
(0.00686238 0.491346 0)
(0.0142897 0.454804 0)
(0.0253118 0.43547 0)
(0.0506239 0.391094 0)
(0.0991795 0.350696 0)
(0.202528 0.261561 0)
(0.446304 0.0758826 0)
(0.0124431 0.740563 0)
(0.0161487 0.738788 0)
(0.0208123 0.723911 0)
(0.0273856 0.717404 0)
(0.0366024 0.695963 0)
(0.0503173 0.678112 0)
(0.07166 0.638193 0)
(0.106641 0.582117 0)
(0.170353 0.44762 0)
(0.315056 0.150733 0)
(0.0794412 0.052975 3.49846e-21)
(0.0872469 0.0929756 -3.45556e-21)
(0.083835 0.133147 5.83654e-22)
(0.0779969 0.176243 0)
(0.067595 0.224505 0)
(0.0587535 0.27635 9.65337e-22)
(0.0392847 0.337939 -4.62019e-21)
(0.0335695 0.41686 4.58267e-21)
(0.000731088 0.555794 1.28764e-21)
(0.0112427 0.748315 -1.29984e-21)
(0.0695498 0.0560681 -3.44847e-21)
(0.0801997 0.0987194 0)
(0.0783793 0.139733 4.26669e-21)
(0.0731944 0.183244 -1.04291e-20)
(0.063349 0.231885 7.10992e-21)
(0.0549281 0.284094 -9.0126e-22)
(0.0365638 0.346122 1.90432e-21)
(0.0310653 0.42591 4.32039e-21)
(0.000274335 0.563624 1.11406e-21)
(0.0107309 0.750393 1.14935e-21)
(0.0605951 0.0579445 4.05299e-21)
(0.0731632 0.103298 -3.8497e-21)
(0.0729476 0.145451 3.81249e-21)
(0.0685115 0.189367 -5.52567e-21)
(0.059292 0.238164 3.98394e-21)
(0.051362 0.290833 0)
(0.0340549 0.353215 -1.90891e-21)
(0.0287987 0.434098 -7.98546e-23)
(-0.000229391 0.570753 -2.17747e-21)
(0.0101066 0.75187 -2.30453e-21)
(0.052499 0.0590572 -6.7934e-22)
(0.0663809 0.107155 0)
(0.0676701 0.150963 0)
(0.0640058 0.195495 0)
(0.055433 0.244563 4.50656e-21)
(0.0480288 0.297619 -3.08791e-21)
(0.0317397 0.360248 -1.50056e-22)
(0.0267614 0.442001 -2.14149e-21)
(-0.000728856 0.577533 -1.06992e-21)
(0.00940653 0.753671 -1.09595e-21)
(0.0452181 0.0594329 3.7964e-22)
(0.0599953 0.110073 -2.17384e-21)
(0.0626444 0.155804 -2.17023e-21)
(0.0597567 0.201185 2.16868e-21)
(0.0518339 0.250702 -1.39817e-21)
(0.0449491 0.304221 0)
(0.0296079 0.36714 -1.7822e-21)
(0.0249309 0.449546 3.96293e-21)
(-0.00114596 0.583933 -1.96386e-21)
(0.00870069 0.755747 2.19152e-21)
(0.038711 0.0590321 -5.54236e-21)
(0.0540515 0.111935 3.99322e-22)
(0.0579186 0.159681 -3.35185e-22)
(0.0557993 0.2062 2.09605e-21)
(0.0485258 0.256136 0)
(0.0421531 0.310242 0)
(0.0276685 0.373528 0)
(0.0233001 0.456484 1.82843e-21)
(-0.00143864 0.589775 0)
(0.00803184 0.757735 0)
(0.0329682 0.0578349 0)
(0.0485678 0.112708 2.49156e-21)
(0.0535332 0.162546 -1.71554e-21)
(0.0521325 0.210387 -2.35851e-21)
(0.0454952 0.260769 2.37068e-21)
(0.039657 0.315524 1.5242e-21)
(0.025924 0.379191 -1.40209e-21)
(0.0218641 0.46267 -6.17755e-21)
(-0.00160941 0.59494 4.33905e-22)
(0.00741014 0.759389 -1.42515e-21)
(0.0280135 0.0558434 0)
(0.0435594 0.11236 -7.78122e-22)
(0.0494941 0.16439 -4.44835e-22)
(0.0487719 0.21364 0)
(0.0427409 0.264683 7.07079e-22)
(0.0374281 0.320095 -1.99798e-21)
(0.024366 0.384036 2.36513e-21)
(0.0206115 0.468069 9.43193e-22)
(-0.00168607 0.599356 -8.38084e-22)
(0.00682503 0.760621 1.90751e-21)
(0.0239053 0.0530913 6.67827e-22)
(0.0390398 0.110861 8.18979e-22)
(0.0458047 0.165176 -1.65927e-22)
(0.0457291 0.215937 2.50695e-22)
(0.0402773 0.267824 5.96028e-22)
(0.0354294 0.323905 1.01132e-21)
(0.022984 0.388062 -3.56254e-22)
(0.0195286 0.472748 -3.98334e-22)
(-0.00170313 0.603055 8.40851e-22)
(0.00627184 0.761514 4.32519e-22)
(0.0207452 0.04966 -1.80816e-22)
(0.0350252 0.108197 1.82844e-22)
(0.0424711 0.164858 -2.16278e-22)
(0.0430027 0.217263 -2.50361e-22)
(0.0380919 0.270118 2.98438e-22)
(0.0336468 0.326873 -6.28041e-22)
(0.021787 0.391369 5.39792e-22)
(0.0185888 0.476676 2.13738e-22)
(-0.00168883 0.605971 0)
(0.00575102 0.762102 -4.33471e-22)
(0.0109295 -0.00772555 0)
(0.0273758 -0.0163217 0)
(0.0405277 -0.0197333 -1.42979e-20)
(0.0499704 -0.0205252 0)
(0.0564736 -0.0195084 6.28858e-21)
(0.0606969 -0.0172551 -5.82774e-21)
(0.0632033 -0.0141606 0)
(0.0644692 -0.010483 0)
(0.0649898 -0.00629377 -9.45572e-21)
(0.0651991 -0.00171703 1.79657e-20)
(0.0130898 -0.00795591 0)
(0.0315128 -0.0162531 -1.1549e-20)
(0.0454809 -0.0193592 -3.76466e-21)
(0.0550947 -0.020028 -1.35697e-20)
(0.0613857 -0.0190857 -6.32285e-21)
(0.0651944 -0.0170821 -1.75312e-20)
(0.0672022 -0.0143804 0)
(0.0679596 -0.0112125 0)
(0.0679854 -0.00764233 0)
(0.0676856 -0.0038017 -2.75824e-22)
(0.0153078 -0.00795704 0)
(0.0355012 -0.0158114 -4.28039e-21)
(0.0499701 -0.0186881 7.03217e-21)
(0.0594572 -0.0193841 1.01803e-20)
(0.065288 -0.018702 -1.04168e-22)
(0.0684955 -0.0171416 -3.13114e-23)
(0.0698792 -0.0150156 1.07825e-20)
(0.0700554 -0.0125135 -9.90523e-21)
(0.0695591 -0.00966374 1.82041e-20)
(0.0687781 -0.0065542 -1.7138e-20)
(0.0174746 -0.00768797 -2.00179e-21)
(0.0391397 -0.0149743 1.17438e-20)
(0.0537769 -0.0177429 1.84916e-20)
(0.0628624 -0.0186521 -2.09293e-20)
(0.0680326 -0.0184379 1.27602e-20)
(0.0705126 -0.0175231 1.17967e-20)
(0.0712101 -0.016156 -5.356e-21)
(0.0707931 -0.014476 1.96815e-20)
(0.0698 -0.012473 -2.92771e-22)
(0.0686098 -0.0101989 -8.58513e-21)
(0.0194672 -0.00713224 -2.12445e-21)
(0.0422238 -0.0137603 2.01845e-21)
(0.0567057 -0.0165811 0)
(0.0651622 -0.0179104 1.75253e-20)
(0.0695388 -0.0183728 -3.25471e-21)
(0.0712375 -0.0182909 -9.62394e-23)
(0.0712545 -0.01784 -5.46118e-21)
(0.0702903 -0.0171094 -1.46654e-20)
(0.0688705 -0.0160613 8.50627e-23)
(0.0673605 -0.0147272 1.23392e-20)
(0.0211556 -0.00630114 0)
(0.0445614 -0.0122302 -1.29482e-20)
(0.0585979 -0.0152917 3.93383e-21)
(0.0662652 -0.0172506 -1.0938e-20)
(0.0697926 -0.0185792 3.32404e-21)
(0.0707291 -0.0194839 3.26611e-23)
(0.0701319 -0.0200648 3.25255e-23)
(0.0687113 -0.0203675 9.80588e-21)
(0.0669614 -0.0203434 -1.3396e-20)
(0.0652163 -0.0200125 1.24218e-20)
(0.022414 -0.00523603 1.15512e-21)
(0.0459886 -0.0104839 8.68212e-21)
(0.0593443 -0.0139884 0)
(0.066139 -0.0167706 1.10289e-20)
(0.0688379 -0.01912 -1.02545e-20)
(0.0690947 -0.0211188 -3.01444e-21)
(0.0679947 -0.0227981 8.29133e-21)
(0.0662358 -0.0241685 0)
(0.0642693 -0.0251788 0)
(0.0623798 -0.0258832 0)
(0.0231303 -0.0040071 -1.21834e-21)
(0.0463832 -0.00865455 -3.55966e-21)
(0.0588898 -0.0128017 4.30638e-21)
(0.0648066 -0.0165688 5.79887e-21)
(0.0667643 -0.0200463 5.09224e-21)
(0.066471 -0.0231955 3.16388e-21)
(0.0650066 -0.02599 0)
(0.063035 -0.0284201 4.96698e-21)
(0.0609582 -0.0304512 -2.3531e-21)
(0.0590187 -0.0321713 0)
(0.0232139 -0.00270951 0)
(0.0456746 -0.00689908 7.1803e-21)
(0.0572366 -0.0118692 -4.30558e-21)
(0.0623388 -0.0167384 -3.90041e-21)
(0.0636936 -0.0213984 5.47717e-23)
(0.0630091 -0.0257027 -1.53568e-21)
(0.061329 -0.0295834 1.45415e-21)
(0.059267 -0.0330268 0)
(0.0571722 -0.0360274 -2.29878e-21)
(0.055246 -0.0386918 -2.0819e-21)
(0.0226199 -0.00145913 1.71377e-22)
(0.0438545 -0.00538885 -2.77511e-21)
(0.0544432 -0.0113278 -2.75525e-22)
(0.0588477 -0.0173639 1.41015e-23)
(0.0597698 -0.0232071 -1.34394e-21)
(0.0588654 -0.0286241 0)
(0.057116 -0.0335233 -1.45381e-21)
(0.0550762 -0.0379009 0)
(0.0530438 -0.041785 0)
(0.0511791 -0.0452905 0)
(0.0213899 -0.000376587 -3.61732e-22)
(0.040996 -0.00428915 0)
(0.0506252 -0.0113019 0)
(0.0544791 -0.0185161 -1.63523e-21)
(0.0551509 -0.025494 4.48228e-22)
(0.0541952 -0.0319418 -3.32049e-23)
(0.0525124 -0.0377621 -7.70846e-22)
(0.0505956 -0.0429713 0)
(0.0486965 -0.0476295 0)
(0.0469382 -0.0518532 0)
(0.0195589 0.000434146 0)
(0.0371966 -0.00373318 -1.3503e-21)
(0.0459206 -0.0118923 1.24533e-21)
(0.0493872 -0.0202524 2.15699e-21)
(0.0499893 -0.0282777 0)
(0.0491393 -0.035645 1.70223e-21)
(0.047645 -0.0422688 -1.58301e-21)
(0.0459402 -0.0481924 0)
(0.044239 -0.053504 2.41881e-21)
(0.0426335 -0.058316 -2.34427e-21)
(0.0171485 0.000867194 0)
(0.0325662 -0.00385229 1.15359e-20)
(0.0404817 -0.0131898 0)
(0.0437364 -0.0226199 9.15247e-21)
(0.044442 -0.0315705 0)
(0.0438387 -0.0397233 -7.21506e-21)
(0.0426374 -0.0470196 0)
(0.0412202 -0.0535343 5.54202e-21)
(0.0397733 -0.0593775 -5.19053e-21)
(0.0383643 -0.0646523 -4.75409e-21)
(0.0142482 0.000827351 -3.20119e-21)
(0.0272735 -0.00475774 -5.61138e-21)
(0.034495 -0.0152652 -2.65871e-21)
(0.0377043 -0.0256518 -4.60818e-21)
(0.0386657 -0.0353791 -4.19805e-21)
(0.038426 -0.0441676 3.64316e-21)
(0.0376014 -0.0519985 3.32177e-21)
(0.0365324 -0.0589803 1.85966e-22)
(0.0353866 -0.065239 5.30998e-21)
(0.0342123 -0.0708614 4.75799e-21)
(0.0109834 0.000242739 -3.42e-21)
(0.0215197 -0.00652789 -5.91018e-21)
(0.0281635 -0.018164 -1.05925e-20)
(0.0314731 -0.0293656 4.83728e-21)
(0.0328142 -0.0397025 0)
(0.0330278 -0.0489676 0)
(0.0326406 -0.0571931 -6.48341e-21)
(0.0319628 -0.0645214 -5.77109e-21)
(0.0311534 -0.0710887 5.3494e-21)
(0.0302444 -0.0769578 -4.67289e-21)
(0.00749834 -0.000930705 3.36817e-21)
(0.0155237 -0.00920478 2.81974e-21)
(0.0216983 -0.0219044 -1.66585e-20)
(0.0252259 -0.0337623 2.40813e-20)
(0.0270393 -0.044532 -4.35692e-21)
(0.027767 -0.0541104 0)
(0.0278531 -0.0625901 0)
(0.0275893 -0.0701487 2.98752e-20)
(0.0271355 -0.0769282 -2.69774e-20)
(0.0265103 -0.082958 -1.47562e-20)
(0.00394757 -0.00270631 2.8538e-20)
(0.00951284 -0.0127922 0)
(0.0153121 -0.0264772 2.19041e-20)
(0.0191443 -0.0388265 -1.9366e-20)
(0.0214909 -0.0498506 0)
(0.0227662 -0.0595798 7.49591e-21)
(0.023337 -0.0681745 -2.0673e-20)
(0.0234852 -0.0758491 -2.40866e-20)
(0.0233822 -0.082752 1.12055e-20)
(0.0230422 -0.0888696 1.01798e-20)
(0.00048793 -0.00506566 -5.71139e-20)
(0.0037128 -0.0172555 -6.11281e-21)
(0.00921263 -0.0318457 -1.10171e-20)
(0.0134048 -0.0445275 -2.45334e-20)
(0.0163186 -0.055636 -8.4928e-21)
(0.0181543 -0.0653604 -7.55905e-21)
(0.0192011 -0.0739336 -9.2123e-23)
(0.0197326 -0.0816084 0)
(0.0199439 -0.0885479 0)
(0.0198683 -0.0946894 2.0758e-20)
(-0.00273011 -0.00795966 2.85765e-20)
(-0.0016618 -0.0225223 -2.46287e-20)
(0.0035954 -0.0379468 1.66711e-20)
(0.00817466 -0.0508206 3.40958e-20)
(0.0116703 -0.0618641 -8.84454e-21)
(0.014074 -0.0714464 7.58069e-21)
(0.0155927 -0.0798712 6.74544e-21)
(0.0164845 -0.0874243 0)
(0.016972 -0.0942993 0)
(0.017105 -0.100396 -1.04932e-20)
(-0.00557128 -0.0113122 -3.51876e-21)
(-0.00641719 -0.0284857 3.06478e-20)
(-0.00136479 -0.0446917 -5.5476e-21)
(0.0036019 -0.0576488 0)
(0.00768101 -0.0685171 0)
(0.0106755 -0.0778664 1.54331e-20)
(0.0127208 -0.086067 0)
(0.0140668 -0.0934143 -1.22524e-20)
(0.014945 -0.100111 3.75589e-22)
(0.0152723 -0.106008 1.0785e-20)
(-0.00792315 -0.0150269 0)
(-0.0103893 -0.0350104 0)
(-0.00552279 -0.051967 -2.10952e-20)
(-0.000198871 -0.064939 0)
(0.00443958 -0.0755801 8.39928e-21)
(0.0080366 -0.0847096 -7.78415e-21)
(0.0106802 -0.0928287 0)
(0.0126211 -0.100348 0)
(0.0140391 -0.107663 -1.13381e-20)
(0.0146589 -0.115028 2.20154e-20)
(-0.00968633 -0.0189781 0)
(-0.0134373 -0.0419269 -1.69912e-20)
(-0.00875996 -0.0596265 -4.63481e-21)
(-0.00314861 -0.0725768 -1.84081e-20)
(0.00196896 -0.0829592 -8.31798e-21)
(0.00608647 -0.0918637 -2.27304e-20)
(0.00922005 -0.0999122 0)
(0.0115646 -0.107533 0)
(0.0132235 -0.115015 0)
(0.0139814 -0.122312 2.20495e-23)
(-0.0107856 -0.0230075 0)
(-0.0154552 -0.049023 -4.49295e-21)
(-0.0109868 -0.0674837 1.08354e-20)
(-0.00518889 -0.0804007 1.38242e-20)
(0.000288155 -0.0904902 4.01456e-22)
(0.00480051 -0.0991088 2.65638e-22)
(0.0082837 -0.106964 1.35463e-20)
(0.0108753 -0.114439 -1.24704e-20)
(0.0126619 -0.121678 2.30389e-20)
(0.0135878 -0.12852 -2.22295e-20)
(-0.0111894 -0.0269576 -2.99668e-21)
(-0.0163856 -0.0560764 1.6448e-20)
(-0.0121476 -0.0753364 2.4533e-20)
(-0.00627696 -0.0882307 -2.58841e-20)
(-0.000572994 -0.0979947 1.63109e-20)
(0.00420842 -0.106242 1.48741e-20)
(0.00793182 -0.113752 -6.77978e-21)
(0.010697 -0.120864 2.48435e-20)
(0.012609 -0.127642 -1.17696e-22)
(0.0137364 -0.133931 -1.11656e-20)
(-0.0109025 -0.0306723 -2.71313e-21)
(-0.0162145 -0.0628594 2.57804e-21)
(-0.0122178 -0.0829735 0)
(-0.00638604 -0.0958812 2.13713e-20)
(-0.000586153 -0.105304 -3.87732e-21)
(0.00434772 -0.113108 8.40794e-23)
(0.0082233 -0.120154 -6.62914e-21)
(0.0111149 -0.126775 -1.84005e-20)
(0.0131496 -0.133017 -6.25199e-24)
(0.0144675 -0.138782 1.67009e-20)
(-0.00996319 -0.0340038 0)
(-0.0149712 -0.0691482 -1.36138e-20)
(-0.0112047 -0.0901837 4.30183e-21)
(-0.00550944 -0.103169 -1.18335e-20)
(0.000265416 -0.112265 3.71587e-21)
(0.00524547 -0.119588 8.47791e-23)
(0.00919567 -0.126102 5.6915e-23)
(0.0121685 -0.132171 1.22026e-20)
(0.0143026 -0.137868 -1.71594e-20)
(0.0157716 -0.143161 1.66979e-20)
(-0.00844141 -0.03682 1.18099e-21)
(-0.0127267 -0.0747332 8.94875e-21)
(-0.00914883 -0.0967635 0)
(-0.00366357 -0.10992 1.1646e-20)
(0.00198229 -0.118739 -1.05382e-20)
(0.0069143 -0.125581 -3.38768e-21)
(0.0108688 -0.13154 9.56473e-21)
(0.0138767 -0.137041 0)
(0.0160748 -0.142205 0)
(0.0176448 -0.147062 0)
(-0.00643403 -0.0390101 -1.05245e-21)
(-0.00959173 -0.0794278 -2.76636e-21)
(-0.00612392 -0.102525 3.61601e-21)
(-0.000889541 -0.115971 5.2986e-21)
(0.00454648 -0.124597 5.31111e-21)
(0.00935084 -0.130998 3.19746e-21)
(0.0132468 -0.136413 0)
(0.0162439 -0.141356 5.96275e-21)
(0.0184674 -0.146006 -2.77399e-21)
(0.020089 -0.150442 0)
(-0.00405958 -0.0404857 0)
(-0.00571313 -0.0830727 5.47378e-21)
(-0.00223586 -0.107297 -3.61512e-21)
(0.00274619 -0.121169 -3.4768e-21)
(0.00792027 -0.12972 -7.19091e-23)
(0.0125353 -0.135754 -1.6574e-21)
(0.016319 -0.140668 1.49274e-21)
(0.0192631 -0.145078 0)
(0.0214754 -0.149234 -2.81017e-21)
(0.0231059 -0.153254 -2.81178e-21)
(-0.0014538 -0.0412077 1.0539e-22)
(-0.00127178 -0.0855552 -1.91715e-21)
(0.00237645 -0.110942 -2.19925e-22)
(0.00715017 -0.125379 -2.5521e-23)
(0.0120449 -0.133995 -1.21303e-21)
(0.0164311 -0.139766 0)
(0.0200616 -0.144245 -1.49226e-21)
(0.0229172 -0.148164 0)
(0.0250884 -0.151846 0)
(0.0266952 -0.155444 0)
(0.00124752 -0.0412725 -1.8607e-22)
(0.0035342 -0.0868851 0)
(0.00754778 -0.113402 0)
(0.0122042 -0.128518 -1.0414e-21)
(0.016841 -0.137342 4.0732e-22)
(0.020986 -0.142969 4.56378e-23)
(0.0244386 -0.147096 -6.98444e-22)
(0.0271803 -0.150576 0)
(0.0292904 -0.153805 0)
(0.0308551 -0.156973 0)
(0.00394323 -0.0407172 0)
(0.00854525 -0.0870404 -6.90816e-22)
(0.0131207 -0.114597 6.3708e-22)
(0.0177799 -0.130488 1.42433e-21)
(0.0222124 -0.139666 0)
(0.0261302 -0.145285 1.45718e-21)
(0.0293997 -0.149163 -1.35511e-21)
(0.0320153 -0.152266 0)
(0.0340571 -0.155074 2.82553e-21)
(0.0355806 -0.157807 -2.72205e-21)
(0.00652734 -0.0395196 0)
(0.0135839 -0.0860006 4.45681e-21)
(0.0189214 -0.114476 0)
(0.0237325 -0.131215 4.96226e-21)
(0.0280497 -0.140892 0)
(0.0317822 -0.146647 -5.33245e-21)
(0.0348834 -0.150391 0)
(0.0373742 -0.153198 5.67799e-21)
(0.0393496 -0.155625 -5.31787e-21)
(0.0408521 -0.157934 -5.60482e-21)
(0.00889826 -0.0377359 -1.03796e-21)
(0.0184656 -0.0838075 -2.33799e-21)
(0.0247621 -0.113033 -1.0444e-21)
(0.0298983 -0.130653 -2.39976e-21)
(0.0342226 -0.140957 -2.36688e-21)
(0.0378427 -0.146995 2.58336e-21)
(0.040813 -0.150732 2.55619e-21)
(0.0431947 -0.153338 -2.31549e-22)
(0.0451089 -0.155442 5.27483e-21)
(0.0466198 -0.157343 5.59973e-21)
(0.0109737 -0.035459 -8.38547e-22)
(0.0230195 -0.0805532 -2.05986e-21)
(0.0304549 -0.110305 -4.30314e-21)
(0.0361051 -0.128791 2.06735e-21)
(0.0405868 -0.139819 0)
(0.0441959 -0.146277 0)
(0.0470949 -0.150139 -5.49409e-21)
(0.0493994 -0.152648 -5.60833e-21)
(0.0512764 -0.154502 5.42959e-21)
(0.0528171 -0.156028 -6.06277e-21)
(0.0126918 -0.0327928 8.13519e-22)
(0.0270966 -0.0763639 1.11296e-21)
(0.0358188 -0.10637 -5.12093e-21)
(0.042176 -0.125649 1.0498e-20)
(0.0469873 -0.13746 -2.11975e-21)
(0.050713 -0.144454 0)
(0.0536235 -0.148566 0)
(0.0558973 -0.151091 2.69614e-20)
(0.0577655 -0.152782 -2.707e-20)
(0.0593694 -0.153993 -1.77742e-20)
(0.0140123 -0.0298457 4.83843e-21)
(0.0305741 -0.0713911 0)
(0.0406876 -0.101337 7.34213e-21)
(0.0479354 -0.121281 -8.20339e-21)
(0.0532613 -0.133884 0)
(0.0572538 -0.1415 5.07412e-21)
(0.0602804 -0.145974 -1.46765e-20)
(0.0625827 -0.148627 -2.15313e-20)
(0.0644686 -0.150256 1.02897e-20)
(0.0661764 -0.151228 1.1227e-20)
(0.0149166 -0.0267265 -9.21593e-21)
(0.0333603 -0.0658053 -1.63122e-21)
(0.0449161 -0.0953502 -3.13727e-21)
(0.0532156 -0.115776 -9.12698e-21)
(0.0592441 -0.129127 -4.59786e-21)
(0.0636705 -0.137408 -4.83975e-21)
(0.0669378 -0.142331 1.94953e-22)
(0.0693377 -0.14521 0)
(0.0712515 -0.146879 0)
(0.073077 -0.147708 2.2958e-20)
(0.0154064 -0.0235395 4.37757e-21)
(0.0353969 -0.0597876 -5.45256e-21)
(0.0483864 -0.0885809 4.72551e-21)
(0.0578645 -0.109258 1.30661e-20)
(0.064776 -0.123257 -3.7095e-21)
(0.0698157 -0.1322 5.07896e-21)
(0.0734717 -0.137617 5.26503e-21)
(0.076059 -0.140788 0)
(0.0779839 -0.142583 0)
(0.0798574 -0.143408 -1.11662e-20)
(0.015503 -0.0203811 -4.94735e-22)
(0.0366596 -0.0535217 6.94757e-21)
(0.0510121 -0.0812206 -1.37782e-21)
(0.0617515 -0.101885 0)
(0.0697084 -0.116378 0)
(0.0755453 -0.125923 8.86018e-21)
(0.0797555 -0.131814 0)
(0.0826269 -0.135227 -1.07143e-20)
(0.0844217 -0.137012 -1.07393e-21)
(0.0859039 -0.137675 1.06511e-20)
(0.015243 -0.0173338 0)
(0.0371564 -0.0471804 0)
(0.0527395 -0.0734663 -5.94103e-21)
(0.0647698 -0.0938333 0)
(0.0739096 -0.108631 4.21737e-21)
(0.0807519 -0.118675 -3.90838e-21)
(0.0858106 -0.124973 0)
(0.0895002 -0.128488 0)
(0.0921938 -0.130102 -1.13076e-20)
(0.0951089 -0.130774 2.22228e-20)
(0.0146574 -0.014453 0)
(0.0369087 -0.0409116 -3.85059e-21)
(0.0535381 -0.0655114 -1.31824e-21)
(0.0668328 -0.0853027 -6.64972e-21)
(0.0772483 -0.100202 -3.3191e-21)
(0.0852722 -0.110658 -1.20419e-20)
(0.0914096 -0.117419 0)
(0.0961819 -0.121329 0)
(0.100079 -0.123415 0)
(0.10402 -0.124832 2.45188e-22)
(0.0137788 -0.0117859 0)
(0.0359577 -0.0348622 -1.58844e-21)
(0.0534065 -0.0575579 2.94414e-21)
(0.0678784 -0.0765091 5.14439e-21)
(0.0795976 -0.091295 1.29023e-22)
(0.0889088 -0.102047 1.91696e-22)
(0.0962546 -0.109283 8.7461e-21)
(0.102166 -0.11372 -9.41116e-21)
(0.107158 -0.116364 2.08398e-20)
(0.111883 -0.1182 -2.16612e-20)
(0.0126603 -0.00937884 -5.24077e-22)
(0.0343744 -0.0291637 3.92927e-21)
(0.0523801 -0.0497942 7.347e-21)
(0.0678827 -0.0676613 -1.0218e-20)
(0.0808647 -0.0821007 6.68999e-21)
(0.0914988 -0.0929823 7.39756e-21)
(0.100117 -0.100603 -4.74699e-21)
(0.107182 -0.10553 1.93255e-20)
(0.113156 -0.108653 9.07507e-22)
(0.118531 -0.110761 -1.00392e-20)
(0.0113598 -0.00726451 -6.53848e-22)
(0.0322482 -0.0239224 6.21209e-22)
(0.0505255 -0.0423873 0)
(0.0668617 -0.0589566 8.41007e-21)
(0.0810034 -0.0728112 -1.66104e-21)
(0.0929354 -0.0836175 3.39554e-22)
(0.102847 -0.0914761 -3.90963e-21)
(0.111091 -0.0967925 -1.40757e-20)
(0.11804 -0.100314 -7.32245e-22)
(0.124059 -0.10266 1.57711e-20)
(0.00993253 -0.00545976 0)
(0.029678 -0.0192172 -4.68025e-21)
(0.047934 -0.0354784 1.4792e-21)
(0.064869 -0.050577 -5.18795e-21)
(0.0800137 -0.0636192 1.66681e-21)
(0.0931639 -0.0741288 -2.56154e-22)
(0.104349 -0.0820433 -2.32551e-22)
(0.113788 -0.0876149 9.12238e-21)
(0.121747 -0.0914353 -1.42518e-20)
(0.128472 -0.0939808 1.47672e-20)
(0.00843017 -0.0039687 3.26577e-22)
(0.0267677 -0.015101 3.076e-21)
(0.0447163 -0.029181 0)
(0.0619916 -0.0426845 5.20464e-21)
(0.0779379 -0.0547108 -5.27931e-21)
(0.092175 -0.0647002 -2.0264e-21)
(0.104569 -0.0724673 5.94876e-21)
(0.115189 -0.0781293 0)
(0.124189 -0.0821236 0)
(0.131699 -0.0848101 0)
(0.00689957 -0.0027852 -3.94506e-22)
(0.0236213 -0.0116028 -1.33356e-21)
(0.0409959 -0.0235801 1.73738e-21)
(0.0583431 -0.0354165 2.6938e-21)
(0.074857 -0.0462581 2.74282e-21)
(0.0900037 -0.0555158 1.87945e-21)
(0.103493 -0.0629232 0)
(0.115247 -0.0684896 4.42235e-21)
(0.125296 -0.0725117 -1.97662e-21)
(0.133655 -0.0752581 0)
(0.00538148 -0.00189499 0)
(0.0203379 -0.00873019 2.60894e-21)
(0.036901 -0.0187324 -1.73701e-21)
(0.0540559 -0.028883 -1.7695e-21)
(0.0708838 -0.0384145 -4.19015e-23)
(0.0867266 -0.0467531 -9.87658e-22)
(0.101157 -0.053593 9.69787e-22)
(0.113954 -0.0588676 0)
(0.125026 -0.0627531 -2.16502e-21)
(0.134269 -0.0654503 -2.37989e-21)
(0.00391447 -0.00127768 5.16377e-23)
(0.0170146 -0.00647248 -1.02095e-21)
(0.0325648 -0.0146685 -1.29557e-22)
(0.0492783 -0.0231663 -1.89154e-23)
(0.0661594 -0.0313109 -6.97419e-22)
(0.0824585 -0.0385781 0)
(0.0976366 -0.0446596 -9.69515e-22)
(0.111346 -0.0494457 0)
(0.123373 -0.0530162 0)
(0.133495 -0.0555238 0)
(0.00254608 -0.000907893 -1.11242e-22)
(0.0137624 -0.00480277 0)
(0.028143 -0.0113941 0)
(0.0441934 -0.0183201 -7.22389e-22)
(0.0608733 -0.0250523 2.63412e-22)
(0.0773744 -0.0311399 3.90041e-23)
(0.0930749 -0.0363012 -4.59861e-22)
(0.107522 -0.0404135 0)
(0.12039 -0.0434841 0)
(0.131342 -0.0456319 0)
(0.00129433 -0.000756011 0)
(0.010647 -0.00367626 -5.28976e-22)
(0.0237468 -0.00888123 4.87801e-22)
(0.0389457 -0.0143526 9.69315e-22)
(0.0551878 -0.0196936 0)
(0.0716366 -0.0245406 9.93047e-22)
(0.0876186 -0.028659 -9.23456e-22)
(0.102602 -0.0319382 0)
(0.116162 -0.0343349 2.0892e-21)
(0.127855 -0.0359385 -1.99547e-21)
(0.000160361 -0.000793499 0)
(0.00771005 -0.0030439 4.40144e-21)
(0.0194626 -0.00709008 0)
(0.0336628 -0.0112537 4.13597e-21)
(0.0492621 -0.015268 0)
(0.0654214 -0.0188618 -3.90371e-21)
(0.0814438 -0.0218597 0)
(0.0967467 -0.0241818 4.01633e-21)
(0.110821 -0.0257532 -3.76155e-21)
(0.12313 -0.0266316 -4.03354e-21)
(-0.000847118 -0.000992951 -1.12833e-21)
(0.00499709 -0.00285214 -2.17663e-21)
(0.015377 -0.00596729 -1.06302e-21)
(0.0284721 -0.00899055 -1.98955e-21)
(0.0432582 -0.0117792 -1.98263e-21)
(0.0589148 -0.0141536 1.88358e-21)
(0.0747463 -0.0160023 1.8785e-21)
(0.0901468 -0.0172867 -1.42348e-22)
(0.104543 -0.0179152 3.72314e-21)
(0.117311 -0.0179044 4.03423e-21)
(-0.0017202 -0.00132727 -1.13567e-21)
(0.00254601 -0.00304234 -2.39908e-21)
(0.0115645 -0.00544527 -4.69783e-21)
(0.0234863 -0.00750633 2.12547e-21)
(0.0373253 -0.00919873 0)
(0.0522955 -0.0104296 0)
(0.0677246 -0.01115 -3.99374e-21)
(0.0830089 -0.0113667 -3.93463e-21)
(0.0975307 -0.0109801 3.7888e-21)
(0.110589 -0.00994923 -4.39936e-21)
(-0.00245428 -0.00176966 1.23932e-21)
(0.000383866 -0.00355184 1.31378e-21)
(0.00808163 -0.00544444 -7.22305e-21)
(0.018796 -0.00672231 1.13369e-20)
(0.0315886 -0.00746601 -2.09528e-21)
(0.0457204 -0.00766324 0)
(0.0605606 -0.00732421 0)
(0.0755329 -0.00649969 1.93508e-20)
(0.0899992 -0.00508491 -1.89097e-20)
(0.103185 -0.00295573 -1.21087e-20)
(-0.00304708 -0.00229323 1.02521e-20)
(-0.00147187 -0.00431454 0)
(0.00496836 -0.0058751 9.53072e-21)
(0.0144681 -0.00653991 -9.06903e-21)
(0.0261441 -0.00648877 0)
(0.0393128 -0.00578498 4.20575e-21)
(0.0534 -0.00449498 -1.19005e-20)
(0.0678836 -0.00271337 -1.5504e-20)
(0.082138 -0.000331449 7.33713e-21)
(0.0953267 0.00289679 7.57625e-21)
(-0.00349781 -0.00287039 -2.09582e-20)
(-0.0030118 -0.00526163 -2.6704e-21)
(0.00224955 -0.00663965 -5.16137e-21)
(0.0105477 -0.00684334 -1.19268e-20)
(0.0210578 -0.00614366 -4.51192e-21)
(0.0331547 -0.00467651 -4.35236e-21)
(0.0463311 -0.00256628 -1.09677e-22)
(0.0601477 4.08656e-05 0)
(0.074047 0.00324396 0)
(0.0871732 0.00746792 1.50798e-20)
(-0.00380706 -0.00347274 1.07063e-20)
(-0.00423344 -0.00632298 -1.10648e-20)
(-6.21383e-05 -0.007636 7.55091e-21)
(0.00706274 -0.00750392 1.69014e-20)
(0.0163725 -0.0062781 -4.53148e-21)
(0.0272921 -0.00416396 4.17064e-21)
(0.0393725 -0.00135108 4.05768e-21)
(0.0522643 0.00193522 0)
(0.0655386 0.0057152 0)
(0.0784597 0.0106443 -7.31396e-21)
(-0.00397743 -0.00407169 -1.42188e-21)
(-0.00514041 -0.0074299 1.39106e-20)
(-0.0019625 -0.00876348 -2.6225e-21)
(0.00403328 -0.008389 0)
(0.0121285 -0.00671791 0)
(0.0217771 -0.00400723 8.71189e-21)
(0.0325422 -0.000498615 0)
(0.0440795 0.00349117 -7.95934e-21)
(0.0560247 0.0077303 -8.08582e-23)
(0.0679258 0.0128496 7.21729e-21)
(-0.00401413 -0.00464003 0)
(-0.00574213 -0.00851967 0)
(-0.00345373 -0.00993235 -1.10617e-20)
(0.00147838 -0.00938199 0)
(0.00838668 -0.00730668 4.83182e-21)
(0.0167437 -0.00396305 -4.47773e-21)
(0.0260828 0.000462038 0)
(0.0359521 0.00582373 0)
(0.0459544 0.0120926 -8.08766e-21)
(0.0559657 0.020073 1.57868e-20)
(-0.00392275 -0.00514948 0)
(-0.0060521 -0.00953732 -9.08954e-21)
(-0.00454323 -0.0110714 -3.07199e-21)
(-0.000585419 -0.0104042 -1.06444e-20)
(0.00522085 -0.00797538 -5.01527e-21)
(0.0123972 -0.00401681 -1.3944e-20)
(0.0205242 0.001345 0)
(0.0292358 0.0080735 0)
(0.0383788 0.0161905 0)
(0.0480373 0.0259431 1.8371e-22)
(-0.00371325 -0.00557187 0)
(-0.00609165 -0.0104354 -3.42035e-21)
(-0.0052475 -0.0121281 5.46255e-21)
(-0.00215902 -0.0114107 7.97331e-21)
(0.00265456 -0.00871347 -2.47583e-22)
(0.00878424 -0.00424869 -2.32972e-22)
(0.0158854 0.00187516 9.03772e-21)
(0.0236868 0.00960879 -8.58357e-21)
(0.0321105 0.018873 1.65725e-20)
(0.0410946 0.0295155 -1.62373e-20)
(-0.00340324 -0.00588814 -1.63159e-21)
(-0.00588974 -0.0111813 9.25947e-21)
(-0.00559153 -0.013069 1.45794e-20)
(-0.00326017 -0.012378 -1.67346e-20)
(0.0006716 -0.00952527 1.01514e-20)
(0.00586699 -0.00471463 9.52688e-21)
(0.0120486 0.00193386 -4.49488e-21)
(0.0190032 0.0103116 1.73707e-20)
(0.0266455 0.0202207 3.84544e-22)
(0.0347965 0.0313123 -8.11196e-21)
(-0.00301367 -0.00608653 -1.68749e-21)
(-0.0054794 -0.0117589 1.60334e-21)
(-0.00560337 -0.0138774 0)
(-0.00391115 -0.0132955 1.4022e-20)
(-0.000750936 -0.010413 -2.62965e-21)
(0.00360885 -0.00543122 -2.76883e-23)
(0.00894745 0.00151046 -4.65824e-21)
(0.0150883 0.0102502 -1.34847e-20)
(0.0219231 0.0205139 -4.48806e-25)
(0.029217 0.0318711 1.26738e-20)
(-0.00256811 -0.00616405 0)
(-0.00489377 -0.0121659 -9.97825e-21)
(-0.00530795 -0.0145507 3.06172e-21)
(-0.0041298 -0.0141603 -8.75147e-21)
(-0.00162851 -0.0113738 2.68985e-21)
(0.00198911 -0.0063904 -9.64036e-23)
(0.00655058 0.000635868 -9.29372e-23)
(0.0119064 0.00951102 9.0966e-21)
(0.0179302 0.0199283 -1.30785e-20)
(0.0243738 0.0314387 1.28039e-20)
(-0.00208958 -0.00612844 8.79755e-22)
(-0.00416113 -0.0124139 6.65786e-21)
(-0.00472335 -0.015098 0)
(-0.00392377 -0.0149742 8.81375e-21)
(-0.00196212 -0.0123988 -8.34801e-21)
(0.00100812 -0.00756647 -2.6281e-21)
(0.00485654 -0.000637109 7.31033e-21)
(0.00945875 0.0081848 0)
(0.0146836 0.0185918 0)
(0.0202954 0.0301527 0)
(-0.00159741 -0.00599608 -8.97937e-22)
(-0.00330252 -0.0125279 -2.59326e-21)
(-0.00385713 -0.0155377 3.22819e-21)
(-0.00328671 -0.0157414 4.54935e-21)
(-0.00173421 -0.0134722 4.19815e-21)
(0.000691663 -0.00891854 2.69486e-21)
(0.00389801 -0.0022378 0)
(0.00778748 0.0063723 4.81151e-21)
(0.0122394 0.0166253 -2.21102e-21)
(0.0170433 0.02813 0)
(-0.00110538 -0.00579112 0)
(-0.00232854 -0.0125439 5.19233e-21)
(-0.00270426 -0.0158948 -3.22749e-21)
(-0.0021976 -0.0164668 -3.0319e-21)
(-0.000908471 -0.0145714 -1.15026e-24)
(0.00109007 -0.0103925 -1.34623e-21)
(0.00373864 -0.00408002 1.30095e-21)
(0.00696999 0.00418651 0)
(0.0106878 0.0141561 -2.29502e-21)
(0.0147101 0.0254912 -2.27255e-21)
(-0.000619902 -0.00554768 1.1481e-22)
(-0.00123748 -0.0125083 -1.96753e-21)
(-0.0012472 -0.0161999 -2.12145e-22)
(-0.000622654 -0.0171539 -8.32456e-24)
(0.000565535 -0.0156663 -1.09072e-21)
(0.00227123 -0.0119211 0)
(0.00446468 -0.00606097 -1.30057e-21)
(0.00711049 0.00175832 0)
(0.0101471 0.0113299 0)
(0.013419 0.0223796 0)
)
;

boundaryField
{
    inlet
    {
        type            uniformFixedValue;
        uniformValue    constant (1 0 0);
        value           uniform (1 0 0);
    }
    outlet
    {
        type            pressureInletOutletVelocity;
        value           nonuniform List<vector> 
40
(
(0.0140588 0.0201783 0)
(0.0206464 0.0855853 0)
(0.0230187 0.147906 0)
(0.0215685 0.210035 0)
(0.0188557 0.278754 0)
(0.0158937 0.354104 0)
(0.0112644 0.436048 0)
(0.00734451 0.532538 0)
(0.000931297 0.649895 0)
(0.000215964 0.758411 0)
(0 -0.0148745 0)
(0 -0.0287784 0)
(0 -0.0416901 0)
(0 -0.0535516 0)
(0 -0.0643443 0)
(0 -0.0740856 0)
(0 -0.0828228 0)
(0 -0.0906249 0)
(0 -0.0975729 0)
(0 -0.103754 0)
(0 -0.109255 0)
(0 -0.114163 0)
(0 -0.118562 0)
(0 -0.122531 0)
(0 -0.126151 0)
(0 -0.129495 0)
(0 -0.132641 0)
(0 -0.135659 0)
(0 -0.138624 0)
(0 -0.141607 0)
(0 -0.148893 0)
(0 -0.165433 0)
(0 -0.189554 0)
(0 -0.223152 0)
(0 -0.266127 0)
(0 -0.315122 0)
(0 -0.363657 0)
(0 -0.404446 0)
(0 -0.432672 0)
(0 -0.44681 0)
)
;
    }
    cylinder
    {
        type            fixedValue;
        value           uniform (0 0 0);
    }
    top
    {
        type            symmetryPlane;
    }
    bottom
    {
        type            symmetryPlane;
    }
    defaultFaces
    {
        type            empty;
    }
}


// ************************************************************************* //
