/*--------------------------------*- C++ -*----------------------------------*\
  =========                 |
  \\      /  F ield         | OpenFOAM: The Open Source CFD Toolbox
   \\    /   O peration     | Website:  https://openfoam.org
    \\  /    A nd           | Version:  7
     \\/     M anipulation  |
\*---------------------------------------------------------------------------*/
FoamFile
{
    version     2.0;
    format      ascii;
    class       volVectorField;
    location    "68.3";
    object      U;
}
// * * * * * * * * * * * * * * * * * * * * * * * * * * * * * * * * * * * * * //

dimensions      [0 1 -1 0 0 0 0];

internalField   nonuniform List<vector> 
2000
(
(-0.000122229 -0.00738899 -3.10021e-22)
(7.82398e-05 -0.0157843 0)
(0.000908414 -0.0194526 0)
(0.00239917 -0.0192517 -1.58633e-21)
(0.00451752 -0.0156787 5.08714e-22)
(0.00723158 -0.00904822 1.55369e-23)
(0.010498 0.000387846 -8.75042e-22)
(0.0142392 0.0123529 0)
(0.018304 0.026484 0)
(0.0224772 0.0422984 0)
(0.000457451 -0.00715115 0)
(0.00147501 -0.0158366 -1.21518e-21)
(0.00281669 -0.0199702 1.12064e-21)
(0.00446723 -0.02036 2.11658e-21)
(0.00643394 -0.0174914 0)
(0.00873351 -0.0116732 1.91615e-21)
(0.0113783 -0.00312672 -1.78187e-21)
(0.0143517 0.00793558 0)
(0.0175633 0.0212457 3.22838e-21)
(0.020817 0.0364406 -6.21378e-21)
(0.00106516 -0.00692462 0)
(0.00309817 -0.0158647 9.76953e-21)
(0.00520524 -0.0203832 0)
(0.00725526 -0.021281 8.68763e-21)
(0.00928934 -0.0190524 0)
(0.0113613 -0.0140212 -7.77464e-21)
(0.0135326 -0.00639561 0)
(0.0158444 0.0036671 6.94458e-21)
(0.0182751 0.0159994 -6.50397e-21)
(0.020636 0.030374 -6.33851e-21)
(0.00173224 -0.00675143 -2.55603e-21)
(0.00500086 -0.0159101 -4.86212e-21)
(0.00813631 -0.0207073 -2.28582e-21)
(0.0108339 -0.021985 -4.26721e-21)
(0.0131643 -0.0202732 -4.08302e-21)
(0.0152147 -0.0159325 3.82642e-21)
(0.017089 -0.00918052 3.67125e-21)
(0.0188814 -0.000138433 6.66011e-24)
(0.0206442 0.0111216 6.59774e-21)
(0.0221888 0.024511 6.33735e-21)
(0.00250138 -0.00666967 -2.53594e-21)
(0.00724645 -0.0160135 -4.9945e-21)
(0.0116642 -0.0209545 -9.4694e-21)
(0.0152457 -0.0224494 4.35164e-21)
(0.0180928 -0.0210836 0)
(0.0203288 -0.0172737 0)
(0.0220987 -0.0112705 -7.54541e-21)
(0.0235443 -0.00318483 -7.12955e-21)
(0.0247948 0.00699039 6.7331e-21)
(0.0256667 0.0192921 1.92926e-20)
(0.00342146 -0.00670586 2.5732e-21)
(0.00989726 -0.0161996 2.58193e-21)
(0.0158249 -0.0211322 -1.4118e-20)
(0.0204901 -0.0226625 2.23417e-20)
(0.0240392 -0.0214452 -4.15768e-21)
(0.0266423 -0.0179658 0)
(0.0284903 -0.0125276 0)
(0.0297711 -0.0052579 3.58145e-20)
(0.0306927 0.00390529 -3.3718e-20)
(0.0310954 0.0150978 6.37922e-21)
(0.00454565 -0.00687189 2.02397e-20)
(0.0130058 -0.016469 0)
(0.0206229 -0.0212379 1.88376e-20)
(0.0265097 -0.0226236 -1.7841e-20)
(0.0308821 -0.0213594 0)
(0.0339752 -0.0180045 8.09795e-21)
(0.0360376 -0.0129248 -2.27396e-20)
(0.0373084 -0.00628725 -2.87517e-20)
(0.0380753 0.00199753 1.35079e-20)
(0.0382325 0.0121373 1.29769e-20)
(0.00592405 -0.00715834 -4.0468e-20)
(0.0166047 -0.0167958 -5.08578e-21)
(0.0260208 -0.0212551 -9.5733e-21)
(0.0331827 -0.0223408 -2.25086e-20)
(0.0384097 -0.0208681 -8.61018e-21)
(0.0420264 -0.017465 -8.15729e-21)
(0.0443561 -0.0125605 -1.21521e-23)
(0.0456983 -0.00637643 0)
(0.0464244 0.00117817 0)
(0.0465179 0.0103684 1.55567e-22)
(0.00759585 -0.00753293 2.02287e-20)
(0.0206954 -0.017126 -2.02793e-20)
(0.0319321 -0.0211533 1.4234e-20)
(0.0403219 -0.021829 3.16994e-20)
(0.0463298 -0.0200478 -8.46296e-21)
(0.050398 -0.0164925 8.11135e-21)
(0.0529399 -0.0116425 7.66374e-21)
(0.0543235 -0.00577595 0)
(0.055002 0.00117978 0)
(0.0550964 0.0095233 -2.66481e-22)
(0.0095822 -0.00794293 -2.53574e-21)
(0.0252383 -0.0173817 2.54413e-20)
(0.0382159 -0.0208902 -4.75707e-21)
(0.047681 -0.0211098 0)
(0.0542928 -0.019003 0)
(0.0586427 -0.0152847 1.61549e-20)
(0.0612517 -0.0104576 0)
(0.0625576 -0.00483285 -1.42744e-20)
(0.0630566 0.00162224 -2.59306e-23)
(0.0630036 0.00913903 1.28107e-20)
(0.0321961 0.0801842 2.43187e-22)
(0.0475301 0.151218 -2.46045e-22)
(0.0521016 0.212206 -2.88591e-22)
(0.0503984 0.267742 -3.31895e-22)
(0.0438274 0.325523 -4.09252e-22)
(0.0386781 0.38915 -1.42707e-23)
(0.026028 0.460603 2.16508e-22)
(0.0226272 0.54764 7.68221e-22)
(0.00135642 0.670062 0)
(0.00715992 0.81649 -5.63836e-22)
(0.028215 0.0736863 9.19089e-22)
(0.0432402 0.146233 -1.07541e-21)
(0.0487529 0.210324 1.93482e-21)
(0.047745 0.267683 3.32456e-22)
(0.0417047 0.326395 7.21815e-22)
(0.0369651 0.390645 1.24337e-21)
(0.0248844 0.462615 -4.66847e-22)
(0.021663 0.550105 -5.15023e-22)
(0.00129468 0.672189 1.01391e-21)
(0.00669897 0.817318 5.625e-22)
(0.0253994 0.0665087 0)
(0.0393786 0.139747 -1.01104e-21)
(0.0457321 0.207091 -5.63773e-22)
(0.0453749 0.266494 0)
(0.0398199 0.326262 -2.22255e-21)
(0.0354682 0.391229 6.93408e-22)
(0.0238946 0.463796 7.86889e-22)
(0.0208104 0.551793 2.78102e-21)
(0.00127685 0.673886 -1.01063e-21)
(0.00628162 0.817952 2.03297e-21)
(0.024079 0.0590146 0)
(0.0359928 0.13184 1.01956e-21)
(0.0430314 0.202476 0)
(0.0432652 0.264146 2.56431e-21)
(0.0381554 0.325112 -2.57758e-21)
(0.0341687 0.390878 -1.58452e-21)
(0.0230457 0.464063 -1.00843e-22)
(0.0200809 0.552554 -2.71571e-21)
(0.00130819 0.674812 -4.45804e-22)
(0.00588915 0.818195 -2.50133e-21)
(0.0246295 0.051637 5.06166e-23)
(0.0331935 0.122718 -2.90697e-21)
(0.0406434 0.19647 1.50888e-22)
(0.0413927 0.260617 -2.24159e-21)
(0.0366905 0.32297 0)
(0.0330429 0.389681 -1.51412e-21)
(0.0223132 0.463619 -1.30813e-22)
(0.0194421 0.552772 3.42159e-21)
(0.00135087 0.675483 4.54914e-22)
(0.0055242 0.81837 -4.5656e-22)
(0.0273417 0.0448148 -7.95956e-21)
(0.0311728 0.112738 5.0226e-21)
(0.0385661 0.189101 2.18601e-21)
(0.0397392 0.255889 -2.18489e-21)
(0.0354113 0.319781 -1.22632e-21)
(0.032081 0.387475 0)
(0.021703 0.462136 -3.03874e-21)
(0.0189227 0.551852 1.51145e-21)
(0.0014409 0.675071 1.66302e-21)
(0.00516953 0.818049 1.73191e-21)
(0.0322212 0.038912 -9.70413e-22)
(0.0301871 0.102413 0)
(0.0368112 0.180443 0)
(0.0382822 0.250011 0)
(0.0342932 0.31575 -1.31421e-21)
(0.0312535 0.38472 2.53657e-21)
(0.0211693 0.460385 2.96381e-21)
(0.0184376 0.550975 -4.61381e-21)
(0.00149279 0.675 8.19532e-22)
(0.00484236 0.817927 -2.52691e-21)
(0.0387969 0.0341027 6.11521e-21)
(0.0304572 0.0922756 4.12918e-21)
(0.0354117 0.170685 -4.09191e-21)
(0.0370259 0.242841 4.51204e-21)
(0.0333256 0.310335 -5.6135e-21)
(0.0305712 0.380426 0)
(0.0207711 0.45689 -1.336e-21)
(0.0181153 0.548104 6.54768e-23)
(0.00163658 0.673039 -1.48368e-21)
(0.00451177 0.817025 -1.5533e-21)
(0.0459818 0.0300982 -5.23848e-21)
(0.0319756 0.0822381 0)
(0.0343711 0.159918 -4.6741e-21)
(0.035927 0.235197 8.52168e-21)
(0.0325012 0.305245 -3.19392e-21)
(0.0299631 0.3771 -5.99915e-22)
(0.0203527 0.454832 1.33314e-21)
(0.0176853 0.547107 7.79894e-24)
(0.00162816 0.672937 2.14255e-21)
(0.00421438 0.816837 2.25825e-21)
(0.05195 0.0268388 -4.2304e-21)
(0.0343014 0.0721759 4.13017e-21)
(0.0338748 0.146403 5.10551e-22)
(0.0349686 0.223226 0)
(0.031721 0.295286 0)
(0.0295755 0.368785 5.84673e-22)
(0.0202436 0.447735 2.50155e-21)
(0.0176563 0.541055 -2.42982e-21)
(0.00188358 0.66868 -6.56502e-22)
(0.00389471 0.815243 6.35729e-22)
(0.0568127 0.0296796 0)
(0.0378639 0.0667412 0)
(0.0342948 0.137215 0)
(0.0343668 0.218267 0)
(0.0305108 0.294172 0)
(0.0277285 0.370003 0)
(0.0187102 0.450114 0)
(0.0160113 0.544657 0)
(0.00132484 0.671712 0)
(0.00325352 0.815562 0)
(0.0617027 0.0540247 0)
(0.0423416 0.0880516 0)
(0.0331402 0.145774 0)
(0.03192 0.222107 0)
(0.0284012 0.298488 0)
(0.0255958 0.375748 0)
(0.0174607 0.457446 0)
(0.0145599 0.553552 0)
(0.00123279 0.679848 0)
(0.00268915 0.818707 0)
(0.0619063 0.0644973 0)
(0.0467203 0.102245 0)
(0.034018 0.154139 0)
(0.0305728 0.22673 0)
(0.026852 0.302935 0)
(0.0235423 0.380313 0)
(0.0158605 0.462434 0)
(0.0128709 0.558944 0)
(0.000880424 0.684273 0)
(0.002176 0.819073 0)
(0.0588679 0.0712274 0)
(0.0488524 0.114332 0)
(0.0353873 0.162864 0)
(0.0295215 0.231488 0)
(0.0255923 0.307972 0)
(0.0224787 0.386673 0)
(0.0154309 0.470239 0)
(0.012173 0.567932 0)
(0.00114878 0.692296 0)
(0.00190412 0.822107 0)
(0.0544113 0.0747068 0)
(0.0488806 0.124469 0)
(0.0367909 0.172253 0)
(0.0295162 0.23663 0)
(0.0247054 0.311628 0)
(0.0209453 0.390114 0)
(0.0142696 0.473914 0)
(0.0110632 0.571811 0)
(0.000993559 0.695339 0)
(0.00158187 0.821923 0)
(0.0487004 0.0751967 0)
(0.0469733 0.131857 0)
(0.0367776 0.180963 0)
(0.0289366 0.242356 0)
(0.0244779 0.316864 0)
(0.020936 0.396546 0)
(0.0144944 0.481745 0)
(0.0108891 0.580727 0)
(0.00146803 0.70307 0)
(0.00146741 0.824812 0)
(0.042062 0.0729074 0)
(0.0440493 0.13679 0)
(0.0371569 0.189989 0)
(0.0289323 0.248784 0)
(0.0233879 0.320226 0)
(0.0195878 0.398864 0)
(0.0136562 0.484057 0)
(0.0101845 0.583089 0)
(0.00140468 0.704824 0)
(0.00127986 0.824303 0)
(0.0344431 0.0674737 0)
(0.0391821 0.136658 0)
(0.03554 0.194801 0)
(0.0291395 0.255173 0)
(0.024224 0.327064 0)
(0.0202893 0.406574 0)
(0.0142868 0.492819 0)
(0.0103227 0.592688 0)
(0.00201309 0.712914 0)
(0.00126738 0.827432 0)
(0.0285237 0.0624207 0)
(0.0364453 0.138109 0)
(0.0354847 0.201188 0)
(0.0289249 0.260086 0)
(0.0232353 0.329089 0)
(0.0193361 0.407622 0)
(0.0137581 0.493916 0)
(0.00992908 0.593735 0)
(0.00197484 0.71371 0)
(0.00117164 0.827016 0)
(0.0193869 0.0452272 0)
(0.0301198 0.126083 0)
(0.034419 0.200355 0)
(0.0313982 0.26737 0)
(0.025895 0.338396 0)
(0.0209997 0.417287 0)
(0.0148878 0.504208 0)
(0.0103601 0.604679 0)
(0.0027397 0.722714 0)
(0.00122396 0.830683 0)
(0.0695962 0.020073 3.83734e-21)
(0.069917 0.0329688 -3.77261e-21)
(0.065919 0.0371966 3.35644e-22)
(0.0604545 0.0387107 0)
(0.0541955 0.0377608 0)
(0.0467525 0.0348086 1.07251e-22)
(0.0384677 0.02999 -1.43499e-22)
(0.0295811 0.0228764 1.4106e-22)
(0.0220262 0.0165482 -1.64474e-23)
(0.0133633 0.000579134 1.62293e-23)
(0.0724416 0.0161413 -4.99606e-21)
(0.0703583 0.0240236 0)
(0.0650965 0.0253514 1.90966e-21)
(0.0590278 0.0247129 -3.82379e-21)
(0.0523762 0.0220442 1.92052e-21)
(0.044615 0.017809 -1.05032e-22)
(0.0360822 0.0120607 9.40976e-23)
(0.0271503 0.00441619 2.89715e-23)
(0.0191022 -0.00235462 -3.2391e-23)
(0.0105686 -0.0173205 -3.86127e-23)
(0.0739897 0.0115408 5.63883e-21)
(0.0699815 0.0148904 -2.68753e-21)
(0.063936 0.0135567 2.66167e-21)
(0.0574283 0.0108447 -1.51608e-21)
(0.0504351 0.00648607 1.18408e-21)
(0.042382 0.000985034 0)
(0.0336328 -0.0056614 -9.43125e-23)
(0.0246985 -0.0136803 -2.32959e-24)
(0.0163187 -0.0207318 7.8461e-24)
(0.00853867 -0.0340722 5.60577e-23)
(0.0745449 0.00546503 -8.65162e-22)
(0.0688858 0.00482938 0)
(0.0623471 0.0012508 0)
(0.0555133 -0.00325415 0)
(0.0482558 -0.00907684 7.60384e-22)
(0.0400304 -0.0156383 -4.69303e-22)
(0.0311438 -0.0229916 3.2755e-23)
(0.0222481 -0.0311555 1.30515e-23)
(0.0138019 -0.0382254 1.26554e-23)
(0.00670594 -0.0496233 2.55731e-23)
(0.0739879 -0.00217741 -5.42801e-22)
(0.0669914 -0.00618941 -2.30322e-21)
(0.0602157 -0.0116231 -9.51029e-22)
(0.053176 -0.017592 9.5034e-22)
(0.0457578 -0.0246006 -2.87437e-22)
(0.0374677 -0.0319421 0)
(0.0285807 -0.0397305 -8.4993e-23)
(0.0198201 -0.0477876 2.8083e-23)
(0.0115557 -0.0545809 -8.12958e-24)
(0.00512385 -0.0639688 -3.86324e-23)
(0.072411 -0.0111875 -6.27969e-21)
(0.0644465 -0.0179236 1.03562e-21)
(0.0576499 -0.0248903 2.62438e-22)
(0.0504977 -0.032 9.26005e-22)
(0.0430353 -0.0399007 0)
(0.0347507 -0.047729 0)
(0.0260039 -0.0556785 0)
(0.0174914 -0.0633883 2.93736e-23)
(0.0095946 -0.0696531 0)
(0.00384541 -0.0771272 0)
(0.0699476 -0.0212597 0)
(0.0613909 -0.0300457 1.80578e-21)
(0.0547463 -0.0382835 -1.16652e-21)
(0.0475648 -0.046224 -6.67797e-22)
(0.0401614 -0.0547441 6.71221e-22)
(0.0319908 -0.0627844 1.3261e-22)
(0.0234916 -0.0706465 -1.66853e-22)
(0.0153311 -0.0778149 -1.38903e-22)
(0.0079285 -0.0833811 1.11028e-23)
(0.00285147 -0.0891412 1.2356e-23)
(0.0666886 -0.0320783 0)
(0.0579471 -0.0422166 -6.3972e-22)
(0.0515811 -0.0515195 -2.59255e-22)
(0.0444662 -0.0599991 0)
(0.037219 -0.0688957 8.72385e-23)
(0.029268 -0.07691 -3.22732e-22)
(0.0211079 -0.0844833 1.31322e-22)
(0.0133844 -0.0909816 1.75983e-24)
(0.00654859 -0.0957693 -7.69903e-24)
(0.00209865 -0.100071 -1.39959e-23)
(0.0627573 -0.0432603 8.37052e-22)
(0.0542256 -0.0541438 5.77935e-22)
(0.0482375 -0.0643341 -1.93586e-22)
(0.0412846 -0.0730845 1.0045e-22)
(0.0342834 -0.082151 1.41613e-22)
(0.0266465 -0.0899504 1.40438e-22)
(0.0188987 -0.0970918 -2.88567e-23)
(0.0116733 -0.102861 -1.42076e-23)
(0.00542947 -0.10687 7.72421e-24)
(0.001541 -0.109986 -2.63077e-25)
(0.0583304 -0.0544971 -1.77152e-22)
(0.0503228 -0.0655855 1.78745e-22)
(0.0447918 -0.0765063 -1.30645e-22)
(0.0380971 -0.0852899 -1.00297e-22)
(0.0314184 -0.0943585 6.18166e-23)
(0.0241765 -0.101809 -1.10844e-22)
(0.0168917 -0.108434 4.02896e-23)
(0.0101991 -0.113479 2.69523e-24)
(0.0045355 -0.116768 0)
(0.00113491 -0.118956 2.63622e-25)
(0.0536046 -0.0655365 1.81226e-22)
(0.0463529 -0.0763644 -1.82759e-22)
(0.0413331 -0.0878718 -1.36917e-22)
(0.034988 -0.0964901 -1.06289e-22)
(0.0286838 -0.105429 -6.49983e-23)
(0.021898 -0.112452 1.06876e-23)
(0.0151001 -0.118526 2.21963e-23)
(0.0089488 -0.1229 3.2865e-23)
(0.00382764 -0.125561 0)
(0.000841761 -0.127051 -2.26373e-24)
(0.0487868 -0.0761961 0)
(0.0424437 -0.0863721 -6.15425e-22)
(0.0379545 -0.0983257 1.0403e-21)
(0.0320394 -0.106629 1.06445e-22)
(0.0261304 -0.115335 1.66147e-22)
(0.019838 -0.121903 1.72142e-22)
(0.013525 -0.127429 -3.50891e-23)
(0.00790042 -0.131217 -1.98203e-23)
(0.00326864 -0.133355 2.31913e-23)
(0.000630172 -0.13434 2.25825e-24)
(0.0440456 -0.0863634 0)
(0.0386975 -0.0955706 -7.10853e-22)
(0.0347213 -0.107819 -2.83821e-22)
(0.0293064 -0.115714 0)
(0.0237857 -0.124103 -4.5703e-22)
(0.0180037 -0.130233 1.75375e-22)
(0.0121547 -0.135237 1.03776e-22)
(0.00702651 -0.138542 1.67137e-22)
(0.00282579 -0.140258 -2.31156e-23)
(0.00047619 -0.140891 1.69324e-23)
(0.0395055 -0.0959853 0)
(0.0351852 -0.103993 7.1674e-22)
(0.0316704 -0.116354 0)
(0.026815 -0.123816 8.27695e-22)
(0.021657 -0.131805 -8.31992e-22)
(0.0163852 -0.13755 -2.16186e-22)
(0.0109694 -0.142067 4.95797e-23)
(0.00629811 -0.144994 -1.74772e-22)
(0.00247226 -0.146374 -3.20283e-23)
(0.000362108 -0.146776 -2.63427e-23)
(0.0352614 -0.105054 7.34958e-21)
(0.0319638 -0.111739 -2.75396e-21)
(0.0288275 -0.123973 -2.66625e-22)
(0.0245757 -0.131048 -1.12043e-21)
(0.0197439 -0.138548 0)
(0.0149651 -0.143985 -2.3194e-22)
(0.00994771 -0.148048 7.86857e-23)
(0.00568859 -0.150696 2.67786e-22)
(0.00218747 -0.151809 1.07929e-23)
(0.000275384 -0.152073 -1.07796e-23)
(0.0313716 -0.11358 6.29446e-22)
(0.0290807 -0.118968 4.29842e-21)
(0.0262173 -0.130751 1.17272e-21)
(0.0225896 -0.137555 -1.17201e-21)
(0.0180453 -0.144465 -4.08057e-22)
(0.0137244 -0.149679 0)
(0.00907052 -0.153314 -3.76875e-22)
(0.00517589 -0.15577 2.01487e-22)
(0.00195677 -0.156669 1.00821e-22)
(0.000207469 -0.156865 2.56202e-23)
(0.0278756 -0.121561 -1.03472e-21)
(0.0265946 -0.12589 0)
(0.0238828 -0.136787 0)
(0.0208605 -0.143495 0)
(0.0165683 -0.1497 -3.21672e-22)
(0.0126494 -0.154778 7.28921e-22)
(0.00832489 -0.158002 3.88988e-22)
(0.00474412 -0.160338 -4.59617e-22)
(0.00177061 -0.16106 2.62276e-23)
(0.000152541 -0.161242 -5.13213e-23)
(0.0247781 -0.128938 -2.39294e-21)
(0.0245357 -0.132742 3.20599e-21)
(0.0218566 -0.142197 -3.17577e-21)
(0.0193702 -0.14902 2.04147e-21)
(0.01531 -0.154406 -2.47668e-21)
(0.0117204 -0.159421 0)
(0.00769626 -0.162243 -2.38421e-22)
(0.00437899 -0.164514 -1.1124e-23)
(0.00162164 -0.165085 -8.7732e-23)
(0.000105774 -0.165296 -2.98882e-23)
(0.0217511 -0.135528 -1.12435e-21)
(0.0226064 -0.139755 0)
(0.0199803 -0.147117 -3.14346e-21)
(0.0179491 -0.154271 4.87977e-21)
(0.0141669 -0.158738 -1.6765e-21)
(0.0108549 -0.163743 -1.78831e-22)
(0.00713442 -0.166165 2.37878e-22)
(0.00404969 -0.16841 2.91562e-23)
(0.00149669 -0.168846 1.8099e-22)
(6.38615e-05 -0.169122 5.92794e-23)
(0.0187512 -0.140854 -4.55933e-21)
(0.0206426 -0.147142 4.45453e-21)
(0.0182654 -0.15175 4.06637e-22)
(0.016567 -0.159395 0)
(0.0131202 -0.162871 0)
(0.0100445 -0.16789 1.84169e-22)
(0.00663101 -0.169904 4.43832e-22)
(0.00375377 -0.172139 -4.35536e-22)
(0.00139474 -0.172449 -3.29339e-23)
(4.07583e-05 -0.17282 3.22143e-23)
(0.0190386 -0.148322 0)
(0.0209839 -0.164633 0)
(0.0180476 -0.162209 0)
(0.0160048 -0.171349 0)
(0.0125908 -0.17258 0)
(0.00945001 -0.177746 0)
(0.00625602 -0.178793 0)
(0.00351773 -0.181006 0)
(0.00136927 -0.180954 0)
(7.69158e-05 -0.181507 0)
(0.0164127 -0.175279 0)
(0.0144473 -0.192267 0)
(0.0125856 -0.185632 0)
(0.0105623 -0.194695 0)
(0.00840273 -0.193059 0)
(0.0062312 -0.197925 0)
(0.00419191 -0.197365 0)
(0.00239753 -0.199436 0)
(0.00100105 -0.198685 0)
(9.79546e-05 -0.199403 0)
(0.0166988 -0.206277 0)
(0.0135951 -0.223874 0)
(0.0113269 -0.214331 0)
(0.00897615 -0.223711 0)
(0.00702092 -0.219884 0)
(0.00504347 -0.224922 0)
(0.00344495 -0.223047 0)
(0.00199178 -0.225284 0)
(0.000919807 -0.223853 0)
(0.000110155 -0.224832 0)
(0.0163451 -0.244576 0)
(0.0124925 -0.263352 0)
(0.0102371 -0.251635 0)
(0.00770687 -0.261884 0)
(0.00603058 -0.256238 0)
(0.00420984 -0.261897 0)
(0.00297529 -0.25883 0)
(0.00173607 -0.26153 0)
(0.000890912 -0.259378 0)
(0.000111244 -0.260771 0)
(0.0158093 -0.292446 0)
(0.0116029 -0.311879 0)
(0.00939575 -0.29923 0)
(0.00674474 -0.310357 0)
(0.00530568 -0.30354 0)
(0.00357075 -0.310003 0)
(0.00261837 -0.306011 0)
(0.0014909 -0.309349 0)
(0.000829833 -0.306547 0)
(8.06986e-05 -0.308506 0)
(0.0146623 -0.348807 0)
(0.0104384 -0.366938 0)
(0.00844032 -0.355497 0)
(0.00578212 -0.366523 0)
(0.00459752 -0.359786 0)
(0.00291903 -0.366564 0)
(0.00219567 -0.362293 0)
(0.00111742 -0.366052 0)
(0.000648818 -0.362939 0)
(-1.65753e-07 -0.365379 0)
(0.0125143 -0.407416 0)
(0.00872792 -0.422029 0)
(0.00705234 -0.41397 0)
(0.00464542 -0.423342 0)
(0.00370701 -0.418167 0)
(0.00216691 -0.424181 0)
(0.00161172 -0.420553 0)
(0.000613488 -0.424037 0)
(0.000348788 -0.421215 0)
(-9.95791e-05 -0.423681 0)
(0.00946442 -0.45867 0)
(0.0065188 -0.468776 0)
(0.00522907 -0.465039 0)
(0.00334655 -0.471669 0)
(0.00263618 -0.468887 0)
(0.00139208 -0.473167 0)
(0.000961134 -0.470841 0)
(0.000151007 -0.47331 0)
(5.79831e-05 -0.471297 0)
(-0.000152719 -0.473166 0)
(0.00583956 -0.494905 0)
(0.00395913 -0.501175 0)
(0.00316019 -0.50106 0)
(0.00197755 -0.505061 0)
(0.00153893 -0.504452 0)
(0.000726813 -0.506869 0)
(0.000444659 -0.505856 0)
(-8.40125e-05 -0.507111 0)
(-7.99864e-05 -0.50601 0)
(-0.000132726 -0.507011 0)
(0.00196487 -0.513129 0)
(0.00129703 -0.517421 0)
(0.00104758 -0.519268 0)
(0.000641245 -0.521753 0)
(0.000505776 -0.522341 0)
(0.000217194 -0.523617 0)
(0.000124035 -0.523374 0)
(-6.46703e-05 -0.523861 0)
(-4.73324e-05 -0.523331 0)
(-5.30564e-05 -0.523744 0)
(0.0182959 -0.159016 5.3524e-21)
(0.0178759 -0.187142 -5.24738e-21)
(0.0189135 -0.219927 6.7909e-22)
(0.0187471 -0.25948 0)
(0.0182411 -0.307197 0)
(0.0168395 -0.361314 7.86579e-22)
(0.0143595 -0.415745 -3.38148e-21)
(0.0109272 -0.462225 3.33818e-21)
(0.00683607 -0.4946 9.09248e-22)
(0.00232887 -0.510785 -8.95141e-22)
(0.0183917 -0.164266 -6.29993e-21)
(0.0187602 -0.192132 0)
(0.0199594 -0.224998 4.61047e-21)
(0.0198356 -0.26461 -1.06398e-20)
(0.0193134 -0.312019 6.83123e-21)
(0.0177932 -0.36519 -7.24277e-22)
(0.0151755 -0.418102 1.61424e-21)
(0.0115825 -0.462965 3.40708e-21)
(0.00728316 -0.494105 9.6086e-22)
(0.00248618 -0.509696 9.32186e-22)
(0.0188738 -0.16971 7.36734e-21)
(0.0200357 -0.197426 -5.09004e-21)
(0.021279 -0.230092 5.04188e-21)
(0.0211492 -0.26947 -5.64765e-21)
(0.0205571 -0.316363 4.17983e-21)
(0.0188724 -0.368467 0)
(0.016068 -0.419863 -1.61819e-21)
(0.0122615 -0.463219 8.48864e-23)
(0.00771265 -0.493285 -1.78946e-21)
(0.00262237 -0.508393 -1.82858e-21)
(0.0197595 -0.174561 -1.19312e-21)
(0.0216263 -0.202342 0)
(0.022854 -0.234899 0)
(0.0226893 -0.274058 0)
(0.021985 -0.320429 4.65856e-21)
(0.0201039 -0.371476 -3.11482e-21)
(0.0170726 -0.421403 -2.0925e-23)
(0.0130011 -0.463294 -1.91254e-21)
(0.00815713 -0.492289 -9.81453e-22)
(0.00275351 -0.50687 -1.05048e-21)
(0.0211189 -0.178912 1.26237e-22)
(0.0234995 -0.206619 -3.60869e-21)
(0.0246518 -0.239073 -2.76382e-21)
(0.0244287 -0.278054 2.7621e-21)
(0.0235805 -0.323954 -1.52283e-21)
(0.0214852 -0.37404 0)
(0.0182044 -0.422635 -1.78436e-21)
(0.0138336 -0.463176 3.905e-21)
(0.00865591 -0.491149 -1.99847e-21)
(0.00290109 -0.505184 2.05589e-21)
(0.0229965 -0.182861 -9.60269e-21)
(0.0256778 -0.210292 1.03684e-21)
(0.0266845 -0.242522 -2.03477e-22)
(0.0263648 -0.28129 2.83945e-21)
(0.0253383 -0.326731 0)
(0.023011 -0.375951 0)
(0.0194629 -0.423383 0)
(0.0147684 -0.462751 2.09267e-21)
(0.00922569 -0.489826 0)
(0.00307627 -0.503368 0)
(0.0254054 -0.186314 0)
(0.0281826 -0.213353 3.97595e-21)
(0.0289827 -0.245248 -2.68706e-21)
(0.0285166 -0.283741 -3.1881e-21)
(0.027273 -0.328709 3.2047e-21)
(0.024689 -0.377137 1.9075e-21)
(0.0208491 -0.42356 -1.89273e-21)
(0.0158042 -0.461943 -7.47535e-21)
(0.00986579 -0.488278 5.3225e-22)
(0.00328067 -0.50142 -1.82112e-21)
(0.0283532 -0.189133 0)
(0.0310216 -0.215721 -1.29198e-21)
(0.0315685 -0.247213 -7.30605e-22)
(0.0309031 -0.285401 0)
(0.0294049 -0.329897 9.30445e-22)
(0.0265351 -0.377608 -2.80921e-21)
(0.0223717 -0.423166 3.12395e-21)
(0.0169422 -0.460736 1.11413e-21)
(0.0105726 -0.486486 -1.21918e-21)
(0.00351308 -0.499324 2.41613e-21)
(0.031851 -0.191206 1.1615e-21)
(0.0341995 -0.217321 1.40422e-21)
(0.0344549 -0.248363 -3.11106e-22)
(0.0335357 -0.286249 4.17635e-22)
(0.0317501 -0.330296 8.87082e-22)
(0.0285643 -0.377387 1.48732e-21)
(0.0240418 -0.422228 -5.58947e-22)
(0.0181874 -0.459148 -6.03749e-22)
(0.0113454 -0.484447 1.2232e-21)
(0.00377313 -0.497066 6.62881e-22)
(0.0359092 -0.192442 -3.24239e-22)
(0.0377218 -0.218114 3.27201e-22)
(0.0376522 -0.248649 -3.76226e-22)
(0.036421 -0.286258 -4.171e-22)
(0.0343197 -0.329894 4.94478e-22)
(0.0307875 -0.376477 -1.00927e-21)
(0.0258704 -0.420756 8.55264e-22)
(0.0195486 -0.457187 3.05672e-22)
(0.0121887 -0.482164 0)
(0.00406245 -0.494639 -6.64359e-22)
(0.040536 -0.19277 3.32485e-22)
(0.0415914 -0.218091 -3.35644e-22)
(0.0411706 -0.248046 -4.04244e-22)
(0.0395638 -0.285425 -4.50871e-22)
(0.0371229 -0.328686 -5.16051e-22)
(0.0332119 -0.374887 -3.57983e-23)
(0.0278649 -0.418762 3.0145e-22)
(0.021031 -0.454864 9.72904e-22)
(0.0131051 -0.479642 0)
(0.00438213 -0.49204 -7.25075e-22)
(0.0457365 -0.192168 0)
(0.0458084 -0.217253 -1.54698e-21)
(0.0450178 -0.246565 2.80442e-21)
(0.0429661 -0.283754 4.51638e-22)
(0.0401688 -0.326674 1.04811e-21)
(0.0358449 -0.372612 1.71824e-21)
(0.0300356 -0.416237 -6.10775e-22)
(0.0226457 -0.452168 -6.59994e-22)
(0.0141025 -0.47687 1.45961e-21)
(0.00473472 -0.489262 7.23383e-22)
(0.0515118 -0.190682 0)
(0.0503718 -0.215592 -1.52577e-21)
(0.0491981 -0.244247 -8.4334e-22)
(0.0466328 -0.28127 0)
(0.0434631 -0.323898 -3.29979e-21)
(0.0386897 -0.369683 1.10323e-21)
(0.0323838 -0.413211 1.31145e-21)
(0.0243899 -0.449124 4.2333e-21)
(0.0151771 -0.473849 -1.45488e-21)
(0.0051181 -0.486296 3.14041e-21)
(0.0578586 -0.188434 0)
(0.0552837 -0.213096 1.53879e-21)
(0.0536994 -0.241241 0)
(0.0505639 -0.277959 4.2199e-21)
(0.0470127 -0.320371 -4.24154e-21)
(0.0417575 -0.366082 -2.58765e-21)
(0.0349222 -0.40965 -5.72039e-23)
(0.0262847 -0.445695 -4.35655e-21)
(0.0163463 -0.470549 -7.26173e-22)
(0.00553612 -0.483117 -3.90619e-21)
(0.0647543 -0.185545 1.11338e-20)
(0.0605438 -0.209738 -4.26888e-21)
(0.0585284 -0.23753 4.55241e-22)
(0.0547926 -0.273829 -3.9452e-21)
(0.0508064 -0.31613 0)
(0.0450483 -0.361868 -2.69871e-21)
(0.0376435 -0.405624 -2.24352e-22)
(0.0283175 -0.441935 5.9173e-21)
(0.0175983 -0.46702 8.11062e-22)
(0.00598203 -0.479755 -8.14163e-22)
(0.0721329 -0.18201 -1.12773e-21)
(0.0661861 -0.205571 7.98353e-21)
(0.0636462 -0.233093 4.10497e-21)
(0.0593077 -0.269018 -4.10217e-21)
(0.0548512 -0.311188 -2.46863e-21)
(0.0485776 -0.356994 0)
(0.0405755 -0.40104 -6.04434e-21)
(0.0305226 -0.437758 3.03113e-21)
(0.0189623 -0.463207 3.23624e-21)
(0.00646828 -0.476169 3.47403e-21)
(0.0799235 -0.17787 -1.53406e-21)
(0.0722058 -0.20076 0)
(0.069021 -0.228087 0)
(0.0640903 -0.263685 0)
(0.0591345 -0.305768 -2.84555e-21)
(0.0523142 -0.351751 5.30498e-21)
(0.0436651 -0.396203 6.15745e-21)
(0.0328333 -0.433396 -9.69375e-21)
(0.020383 -0.459234 1.73466e-21)
(0.00696713 -0.472429 -5.15981e-21)
(0.0879987 -0.173228 -2.31206e-21)
(0.078599 -0.195245 7.87384e-21)
(0.0746441 -0.222415 -7.79863e-21)
(0.0691576 -0.257567 9.99317e-21)
(0.0637041 -0.299458 -1.25663e-20)
(0.0563506 -0.345573 0)
(0.0470518 -0.390521 -3.21915e-21)
(0.0354069 -0.428402 -1.32371e-22)
(0.0219859 -0.45485 -3.60521e-21)
(0.00753389 -0.468371 -3.6736e-21)
(0.0961526 -0.16874 -1.63056e-21)
(0.0852599 -0.189693 0)
(0.08037 -0.216937 -1.04078e-20)
(0.0743431 -0.251801 1.95889e-20)
(0.0683536 -0.293717 -7.57975e-21)
(0.0604123 -0.340099 -1.52427e-21)
(0.050397 -0.385486 3.2122e-21)
(0.0379 -0.423804 -1.62149e-22)
(0.023514 -0.450581 5.2624e-21)
(0.0080483 -0.464293 5.4365e-21)
(0.104752 -0.162186 -7.32259e-21)
(0.0931811 -0.18159 7.1759e-21)
(0.0869781 -0.20874 1.10759e-21)
(0.0803321 -0.243059 0)
(0.073772 -0.284793 0)
(0.0652779 -0.331556 1.49325e-21)
(0.054549 -0.377967 6.82923e-21)
(0.0411061 -0.417583 -6.67863e-21)
(0.0255384 -0.44542 -1.82778e-21)
(0.00876542 -0.45958 1.79707e-21)
(0.115888 -0.162866 0)
(0.110341 -0.178713 0)
(0.100769 -0.206921 0)
(0.0925921 -0.240607 0)
(0.0845143 -0.281346 0)
(0.0743458 -0.326486 0)
(0.0617965 -0.370972 0)
(0.0463875 -0.408811 0)
(0.0287188 -0.435568 0)
(0.00965637 -0.449541 0)
(0.136089 -0.14805 0)
(0.139696 -0.169069 0)
(0.124919 -0.200537 0)
(0.116045 -0.233828 0)
(0.105259 -0.273589 0)
(0.0920909 -0.316272 0)
(0.0761825 -0.357463 0)
(0.0570398 -0.391822 0)
(0.0353889 -0.415381 0)
(0.0122987 -0.426691 0)
(0.164131 -0.133806 0)
(0.171209 -0.157092 0)
(0.151052 -0.188564 0)
(0.142264 -0.220479 0)
(0.127802 -0.258713 0)
(0.111129 -0.298288 0)
(0.0911852 -0.33617 0)
(0.0677639 -0.367987 0)
(0.0416538 -0.39067 0)
(0.0137301 -0.403129 0)
(0.19891 -0.123896 0)
(0.207407 -0.147062 0)
(0.18169 -0.177256 0)
(0.173558 -0.20798 0)
(0.154121 -0.244528 0)
(0.133707 -0.280449 0)
(0.109022 -0.31466 0)
(0.080676 -0.342676 0)
(0.0497066 -0.361537 0)
(0.0174439 -0.369741 0)
(0.239974 -0.111337 0)
(0.246667 -0.132534 0)
(0.215877 -0.160295 0)
(0.207452 -0.188541 0)
(0.180669 -0.221029 0)
(0.155921 -0.251739 0)
(0.125225 -0.281963 0)
(0.0915781 -0.307181 0)
(0.0554622 -0.326123 0)
(0.0174661 -0.338332 0)
(0.287952 -0.101973 0)
(0.290948 -0.120471 0)
(0.256144 -0.146365 0)
(0.245652 -0.171114 0)
(0.210404 -0.199315 0)
(0.182408 -0.225764 0)
(0.14509 -0.252736 0)
(0.105839 -0.274049 0)
(0.0645559 -0.288713 0)
(0.0238368 -0.292605 0)
(0.337617 -0.0836125 0)
(0.332777 -0.0980486 0)
(0.29504 -0.119634 0)
(0.278926 -0.138306 0)
(0.235292 -0.160894 0)
(0.203693 -0.181776 0)
(0.156544 -0.203344 0)
(0.111686 -0.220977 0)
(0.0646363 -0.238535 0)
(0.0163113 -0.257216 0)
(0.387983 -0.0708274 0)
(0.375883 -0.0809889 0)
(0.338532 -0.0987409 0)
(0.315268 -0.112387 0)
(0.268553 -0.131714 0)
(0.232459 -0.148409 0)
(0.178418 -0.167552 0)
(0.129918 -0.184562 0)
(0.0773323 -0.201456 0)
(0.0368202 -0.199018 0)
(0.42734 -0.038658 0)
(0.409859 -0.0433177 0)
(0.362251 -0.0540014 0)
(0.331192 -0.0604862 0)
(0.274092 -0.07214 0)
(0.228871 -0.0799122 0)
(0.161299 -0.0908497 0)
(0.102403 -0.100641 0)
(0.0384183 -0.120879 0)
(-0.0311289 -0.171121 0)
(0.663327 -0.0197129 0)
(0.64057 -0.0228083 0)
(0.598171 -0.0275594 0)
(0.562834 -0.0318185 0)
(0.508692 -0.0383717 0)
(0.458657 -0.0449977 0)
(0.388475 -0.0554252 0)
(0.31509 -0.0701839 0)
(0.217451 -0.0991788 0)
(0.154434 -0.156633 0)
(0.139168 -0.145435 7.49283e-21)
(0.16222 -0.130102 -7.38135e-21)
(0.190559 -0.116462 1.20351e-21)
(0.225077 -0.10689 0)
(0.265969 -0.0955487 0)
(0.311899 -0.0870838 1.83637e-21)
(0.360121 -0.070889 -8.77582e-21)
(0.407255 -0.0605817 8.66526e-21)
(0.454222 -0.0325098 2.47605e-21)
(0.684717 -0.0171526 -2.50284e-21)
(0.146675 -0.137998 -6.98674e-21)
(0.169557 -0.122454 0)
(0.197186 -0.109364 8.57795e-21)
(0.231722 -0.100117 -2.07363e-20)
(0.272722 -0.0892791 1.39832e-20)
(0.318524 -0.0812006 -1.70541e-21)
(0.366712 -0.0658181 3.72611e-21)
(0.413602 -0.0565159 8.39498e-21)
(0.464077 -0.0300829 2.29757e-21)
(0.693011 -0.0160591 2.27517e-21)
(0.153241 -0.129746 8.0801e-21)
(0.175582 -0.114393 -8.07698e-21)
(0.202456 -0.102081 8.00058e-21)
(0.236703 -0.0933011 -1.10381e-20)
(0.277606 -0.0830493 8.0056e-21)
(0.323401 -0.075468 0)
(0.37165 -0.0609863 -3.73515e-21)
(0.41888 -0.0527538 -7.26831e-23)
(0.472648 -0.02791 -4.3358e-21)
(0.700701 -0.015013 -4.54911e-21)
(0.159819 -0.12092 -1.39226e-21)
(0.182024 -0.10608 0)
(0.208455 -0.0946519 0)
(0.242315 -0.0864145 0)
(0.282994 -0.076829 9.07888e-21)
(0.328655 -0.0698468 -6.18413e-21)
(0.376796 -0.0563539 -2.39839e-22)
(0.424244 -0.0492035 -4.26858e-21)
(0.480654 -0.0259558 -2.17664e-21)
(0.708046 -0.0140457 -2.22193e-21)
(0.16585 -0.111702 1.38874e-21)
(0.188142 -0.0976656 -4.40641e-21)
(0.214299 -0.0871701 -4.54109e-21)
(0.247996 -0.0795191 4.53827e-21)
(0.288437 -0.0706576 -2.85391e-21)
(0.33406 -0.0643448 0)
(0.382064 -0.0518801 -3.64397e-21)
(0.429674 -0.0457785 8.14343e-21)
(0.488283 -0.0241496 -4.09659e-21)
(0.715042 -0.013155 4.44108e-21)
(0.17111 -0.102123 -1.04148e-20)
(0.193471 -0.0891777 5.43673e-22)
(0.219339 -0.0796864 -7.14878e-22)
(0.252998 -0.0726625 4.43943e-21)
(0.293236 -0.0645707 0)
(0.338988 -0.0589992 0)
(0.386853 -0.0475673 0)
(0.434806 -0.0424607 3.89663e-21)
(0.495377 -0.0224519 0)
(0.721588 -0.0123297 0)
(0.175537 -0.0922072 0)
(0.197963 -0.0806003 5.23326e-21)
(0.223528 -0.0721806 -3.62955e-21)
(0.257088 -0.0658521 -5.07667e-21)
(0.297221 -0.0585863 5.10307e-21)
(0.343128 -0.0537926 3.30459e-21)
(0.390864 -0.0434201 -3.11879e-21)
(0.439374 -0.0392712 -1.34246e-20)
(0.501744 -0.020845 9.50884e-22)
(0.727607 -0.0115674 -3.18569e-21)
(0.179035 -0.0819868 0)
(0.201593 -0.0719256 -1.60898e-21)
(0.226917 -0.0646265 -9.6774e-22)
(0.260308 -0.0590741 0)
(0.300394 -0.0526871 1.54053e-21)
(0.346416 -0.0486976 -4.43375e-21)
(0.394147 -0.0394233 5.28178e-21)
(0.443232 -0.0362058 2.02706e-21)
(0.507304 -0.0193234 -2.00243e-21)
(0.733055 -0.0108682 4.25906e-21)
(0.18148 -0.0714937 1.00895e-21)
(0.204295 -0.0631501 1.73102e-21)
(0.229475 -0.0570127 -3.05402e-22)
(0.262681 -0.0523129 5.68217e-22)
(0.302752 -0.0468451 1.33625e-21)
(0.348868 -0.043693 2.29199e-21)
(0.39674 -0.0355459 -8.47417e-22)
(0.446354 -0.0332429 -9.35518e-22)
(0.512096 -0.0178825 2.00904e-21)
(0.737934 -0.0102289 1.03482e-21)
(0.182751 -0.0607517 -3.33016e-22)
(0.205998 -0.0542665 3.37261e-22)
(0.231136 -0.0493316 -4.75056e-22)
(0.264169 -0.0455526 -5.67478e-22)
(0.304251 -0.0410345 7.02486e-22)
(0.350486 -0.0387581 -1.46702e-21)
(0.398617 -0.0317562 1.28932e-21)
(0.448754 -0.0303648 4.91034e-22)
(0.516105 -0.0165098 0)
(0.74221 -0.00963597 -1.03708e-21)
(0.182781 -0.049781 3.27921e-22)
(0.20668 -0.0452659 -3.32119e-22)
(0.231863 -0.0415702 -4.65093e-22)
(0.264741 -0.0387732 -5.57553e-22)
(0.304852 -0.0352327 -6.96937e-22)
(0.351259 -0.0338694 -4.30196e-23)
(0.399741 -0.028026 3.96551e-22)
(0.450446 -0.027556 1.36087e-21)
(0.519317 -0.0151876 0)
(0.745896 -0.00907797 -1.01598e-21)
(0.181575 -0.0386153 0)
(0.206367 -0.0361373 -1.6688e-21)
(0.231661 -0.0337099 3.07291e-21)
(0.264394 -0.0319507 5.58492e-22)
(0.304542 -0.0294151 1.29483e-21)
(0.351169 -0.0289998 2.23288e-21)
(0.400076 -0.0243281 -8.33979e-22)
(0.451408 -0.024799 -9.18391e-22)
(0.52168 -0.0138969 1.93846e-21)
(0.748982 -0.00854161 1.0136e-21)
(0.179167 -0.0273183 0)
(0.205079 -0.0268662 -1.4767e-21)
(0.230548 -0.0257264 -9.28399e-22)
(0.263145 -0.0250565 0)
(0.303326 -0.023552 -4.06678e-21)
(0.350212 -0.0241185 1.30169e-21)
(0.399625 -0.0206358 1.58208e-21)
(0.451647 -0.0220759 5.38657e-21)
(0.523225 -0.0126246 -1.93217e-21)
(0.751506 -0.00802591 4.0051e-21)
(0.175583 -0.0159755 0)
(0.202804 -0.0174412 1.48929e-21)
(0.228526 -0.0175982 0)
(0.261005 -0.0180626 4.80158e-21)
(0.301208 -0.0176128 -4.82621e-21)
(0.348374 -0.0191934 -3.13262e-21)
(0.398359 -0.0169185 -1.62954e-22)
(0.451117 -0.0193628 -5.4035e-21)
(0.523877 -0.0113528 -8.95868e-22)
(0.753435 -0.00751685 -4.95597e-21)
(0.170897 -0.00469372 8.80593e-21)
(0.199533 -0.0078567 -3.32287e-21)
(0.225612 -0.00931103 7.41642e-22)
(0.258 -0.0109441 -4.09218e-21)
(0.298219 -0.0115681 0)
(0.345699 -0.0141963 -3.14351e-21)
(0.396345 -0.0131555 -3.14721e-22)
(0.449902 -0.0166487 7.09672e-21)
(0.523806 -0.0100774 9.7238e-22)
(0.754845 -0.00702332 -9.7177e-22)
(0.165254 0.0063892 -1.5135e-21)
(0.195273 0.00188354 6.68296e-21)
(0.221831 -0.000859992 4.11732e-21)
(0.254141 -0.00367913 -4.11448e-21)
(0.294335 -0.00538893 -2.62468e-21)
(0.342117 -0.00909232 0)
(0.393454 -0.0093051 -6.82277e-21)
(0.447848 -0.0138974 3.40007e-21)
(0.522751 -0.00877123 3.72175e-21)
(0.755641 -0.00651784 3.94965e-21)
(0.158871 0.0170937 -1.09063e-21)
(0.190093 0.0117652 0)
(0.217291 0.00774876 0)
(0.249561 0.00374435 0)
(0.289741 0.000935299 -3.03883e-21)
(0.337899 -0.0038799 5.65376e-21)
(0.390021 -0.00538314 6.83932e-21)
(0.445319 -0.0111374 -1.07737e-20)
(0.521298 -0.00744799 1.93954e-21)
(0.755996 -0.00602618 -5.82575e-21)
(0.152005 0.0271814 -1.49159e-21)
(0.18395 0.0217545 6.88376e-21)
(0.211868 0.0165168 -6.81814e-21)
(0.244043 0.0113675 9.99998e-21)
(0.284072 0.0074698 -1.25952e-20)
(0.332482 0.00153691 0)
(0.385347 -0.00126751 -3.39944e-21)
(0.441625 -0.00826278 -4.57091e-23)
(0.51844 -0.00604703 -3.83836e-21)
(0.755667 -0.0054908 -3.93972e-21)
(0.145267 0.0363984 -1.11998e-21)
(0.177649 0.0317254 0)
(0.20649 0.0252799 -9.58024e-21)
(0.238707 0.0190182 1.86712e-20)
(0.278744 0.0140281 -7.32891e-21)
(0.327568 0.00695045 -1.55211e-21)
(0.381191 0.00281134 3.39208e-21)
(0.438319 -0.00547317 -1.17733e-22)
(0.516248 -0.0046286 5.57537e-21)
(0.755052 -0.00497132 5.79488e-21)
(0.135469 0.0454799 -5.31148e-21)
(0.167784 0.0429644 5.19546e-21)
(0.197714 0.0351688 9.76237e-22)
(0.23003 0.0276154 0)
(0.269882 0.0213925 0)
(0.319062 0.0130652 1.52313e-21)
(0.373769 0.0074994 7.02365e-21)
(0.432327 -0.00230119 -6.85164e-21)
(0.510886 -0.00305332 -1.87146e-21)
(0.753605 -0.00436031 1.78386e-21)
(0.138668 0.0676422 0)
(0.167384 0.0679259 0)
(0.196704 0.0559876 0)
(0.228294 0.0461458 0)
(0.267146 0.0371479 0)
(0.315229 0.0260634 0)
(0.368655 0.0172418 0)
(0.426685 0.00417035 0)
(0.507462 0.000819773 0)
(0.750066 -0.00295902 0)
(0.130398 0.101851 0)
(0.15844 0.108537 0)
(0.187863 0.090035 0)
(0.219243 0.0780796 0)
(0.258327 0.0646187 0)
(0.305832 0.0489228 0)
(0.358967 0.0343945 0)
(0.419262 0.015943 0)
(0.508867 0.0074104 0)
(0.756315 -0.000379835 0)
(0.118704 0.142318 0)
(0.144398 0.151076 0)
(0.171497 0.125581 0)
(0.201633 0.112952 0)
(0.239897 0.0946693 0)
(0.285161 0.074269 0)
(0.336021 0.0536132 0)
(0.39577 0.0292621 0)
(0.489332 0.0142192 0)
(0.739851 0.00115211 0)
(0.108597 0.1882 0)
(0.13002 0.196904 0)
(0.155186 0.16458 0)
(0.18467 0.152771 0)
(0.222116 0.128307 0)
(0.265045 0.102944 0)
(0.31519 0.0753641 0)
(0.378123 0.0444982 0)
(0.482847 0.0219382 0)
(0.740687 0.00374862 0)
(0.093826 0.241398 0)
(0.110363 0.248028 0)
(0.133538 0.210719 0)
(0.160065 0.199738 0)
(0.192832 0.166885 0)
(0.230156 0.136964 0)
(0.276339 0.101848 0)
(0.33772 0.0636252 0)
(0.445642 0.032353 0)
(0.70783 0.00585971 0)
(0.0824182 0.302211 0)
(0.0943774 0.306174 0)
(0.116567 0.264511 0)
(0.13821 0.252606 0)
(0.16722 0.210057 0)
(0.200819 0.178077 0)
(0.24583 0.134776 0)
(0.309994 0.0895507 0)
(0.428845 0.0479446 0)
(0.699448 0.0112026 0)
(0.0577577 0.372916 0)
(0.0656725 0.371678 0)
(0.0829812 0.328176 0)
(0.0977402 0.313933 0)
(0.121065 0.265227 0)
(0.147446 0.234156 0)
(0.185955 0.181993 0)
(0.244937 0.131624 0)
(0.36228 0.0778211 0)
(0.634205 0.018911 0)
(0.0491549 0.455697 0)
(0.0542444 0.451667 0)
(0.0683541 0.407069 0)
(0.0786956 0.390875 0)
(0.0983309 0.339458 0)
(0.119258 0.309765 0)
(0.155754 0.25091 0)
(0.21452 0.202112 0)
(0.333882 0.133049 0)
(0.597644 0.0385372 0)
(0.00807565 0.591423 0)
(0.0082475 0.585985 0)
(0.0135427 0.547799 0)
(0.0164475 0.53298 0)
(0.0257264 0.488545 0)
(0.0369545 0.462452 0)
(0.0626486 0.406397 0)
(0.108002 0.358175 0)
(0.205586 0.258855 0)
(0.437676 0.0760329 0)
(0.0152407 0.784378 0)
(0.019128 0.777049 0)
(0.0240797 0.756888 0)
(0.0307219 0.744012 0)
(0.0400206 0.715624 0)
(0.0533525 0.690476 0)
(0.0742003 0.642274 0)
(0.10773 0.579818 0)
(0.169439 0.440609 0)
(0.310979 0.150496 0)
(0.111501 0.0832347 5.12857e-21)
(0.112449 0.126717 -5.06933e-21)
(0.103355 0.169783 8.64791e-22)
(0.0941818 0.216742 0)
(0.0809739 0.270661 0)
(0.0706222 0.330025 1.39327e-21)
(0.0491279 0.399949 -6.67357e-21)
(0.041693 0.481815 6.62159e-21)
(0.00620603 0.613373 1.86098e-21)
(0.0139566 0.794743 -1.87515e-21)
(0.100901 0.0881862 -4.84073e-21)
(0.104829 0.134423 0)
(0.0972258 0.177776 6.23314e-21)
(0.0886586 0.225048 -1.51812e-20)
(0.0760513 0.279298 1.03044e-20)
(0.0661284 0.338825 -1.29036e-21)
(0.0457748 0.408873 2.73901e-21)
(0.0387503 0.49111 6.18706e-21)
(0.00548219 0.621584 1.61637e-21)
(0.0134102 0.797497 1.63282e-21)
(0.0907794 0.0915931 5.66361e-21)
(0.0970757 0.14057 -5.65434e-21)
(0.0911077 0.184469 5.59988e-21)
(0.0832842 0.231902 -8.02346e-21)
(0.0713421 0.28623 5.79384e-21)
(0.0619232 0.346117 0)
(0.0426734 0.416303 -2.74567e-21)
(0.0360822 0.499318 -1.08865e-22)
(0.00469193 0.628921 -3.14454e-21)
(0.0127104 0.799372 -3.28883e-21)
(0.081216 0.094144 -9.58497e-22)
(0.0894678 0.146207 0)
(0.0851184 0.191345 0)
(0.0780828 0.239026 0)
(0.0668389 0.293446 6.50871e-21)
(0.0579774 0.353581 -4.45403e-21)
(0.0398084 0.423768 -2.05754e-22)
(0.0336715 0.507386 -3.05697e-21)
(0.00388689 0.635997 -1.5415e-21)
(0.0119007 0.801747 -1.56643e-21)
(0.0722777 0.0956691 6.90503e-22)
(0.0822111 0.150871 -3.07373e-21)
(0.0793819 0.197698 -3.16317e-21)
(0.0731446 0.245875 3.16097e-21)
(0.0626125 0.300566 -2.02528e-21)
(0.0543107 0.36102 0)
(0.0371644 0.43124 -2.57119e-21)
(0.0314864 0.515276 5.69535e-21)
(0.0031632 0.642842 -2.83145e-21)
(0.011072 0.80464 3.14479e-21)
(0.0639599 0.0960771 -7.6464e-21)
(0.0753637 0.154291 4.72561e-22)
(0.0739613 0.202986 -5.01416e-22)
(0.0685239 0.25202 3.04185e-21)
(0.0587095 0.306942 0)
(0.0509641 0.367866 0)
(0.0347526 0.438227 0)
(0.0295224 0.522623 2.61707e-21)
(0.00258436 0.649207 0)
(0.0102861 0.807568 0)
(0.0562628 0.0953234 0)
(0.0689346 0.156426 3.54721e-21)
(0.0688948 0.20714 -2.45464e-21)
(0.0642258 0.257241 -3.40721e-21)
(0.0551198 0.312406 3.42482e-21)
(0.0479586 0.373869 2.19339e-21)
(0.032576 0.444422 -2.02737e-21)
(0.0277779 0.529213 -8.85748e-21)
(0.00215761 0.654909 6.23741e-22)
(0.00956084 0.810166 -2.04589e-21)
(0.0492021 0.0933584 0)
(0.0629341 0.157246 -1.09581e-21)
(0.0641794 0.210183 -6.35307e-22)
(0.060263 0.261434 0)
(0.0518375 0.317041 1.01517e-21)
(0.0452581 0.379032 -2.87004e-21)
(0.0306245 0.449697 3.40573e-21)
(0.0262446 0.534962 1.34485e-21)
(0.0018589 0.659816 -1.21679e-21)
(0.00888788 0.812277 2.74252e-21)
(0.0428025 0.0901548 8.82598e-22)
(0.0573693 0.15669 1.15011e-21)
(0.05981 0.212083 -2.19651e-22)
(0.0566416 0.264593 3.58969e-22)
(0.0488716 0.32081 8.58211e-22)
(0.0428189 0.383337 1.45028e-21)
(0.0288807 0.454105 -5.13207e-22)
(0.0248984 0.540007 -5.69508e-22)
(0.00164095 0.663981 1.22081e-21)
(0.00825795 0.813985 6.21664e-22)
(0.0371066 0.0857321 -2.44189e-22)
(0.0522375 0.154694 2.47037e-22)
(0.0557853 0.212775 -3.06503e-22)
(0.0533577 0.266703 -3.58503e-22)
(0.0462091 0.323651 4.28046e-22)
(0.0406266 0.386713 -9.00556e-22)
(0.0273528 0.457741 7.76528e-22)
(0.0237061 0.544249 3.04683e-22)
(0.00147483 0.667313 0)
(0.00767587 0.815338 -6.23029e-22)
(0.0118806 -0.00831936 0)
(0.0301464 -0.0174683 0)
(0.0446793 -0.0204191 -1.95721e-20)
(0.0549675 -0.0202125 0)
(0.0619195 -0.0178585 8.66149e-21)
(0.0663117 -0.0140751 -8.02671e-21)
(0.0688001 -0.00935146 0)
(0.0699324 -0.00399449 0)
(0.0702775 0.00191246 -1.31641e-20)
(0.0704116 0.00813681 2.50064e-20)
(0.0144474 -0.00857481 0)
(0.0352739 -0.0172818 -1.5742e-20)
(0.0510771 -0.0196982 -5.11259e-21)
(0.0618564 -0.0191785 -1.85933e-20)
(0.0688252 -0.0167507 -8.67175e-21)
(0.0729752 -0.0131061 -2.41682e-20)
(0.0751073 -0.0086956 0)
(0.0758661 -0.00380167 0)
(0.0758559 0.00147004 0)
(0.0755624 0.00688664 -3.06612e-22)
(0.0171898 -0.00861984 0)
(0.0404076 -0.0167345 -5.76165e-21)
(0.0571178 -0.0187098 9.65102e-21)
(0.0680124 -0.0180683 1.39596e-20)
(0.0746583 -0.0158151 -1.13638e-22)
(0.0782829 -0.012582 -1.78333e-23)
(0.0798318 -0.00875908 1.49001e-20)
(0.0800277 -0.00458123 -1.37381e-20)
(0.0794921 -0.00010623 2.53681e-20)
(0.0786683 0.00453851 -2.39504e-20)
(0.0199891 -0.00838705 -2.70722e-21)
(0.0453028 -0.0157765 1.59652e-20)
(0.062505 -0.0174718 2.51898e-20)
(0.073134 -0.0169619 -2.85754e-20)
(0.0791463 -0.015177 1.74785e-20)
(0.0820134 -0.0126548 1.62146e-20)
(0.0828172 -0.00970309 -7.42307e-21)
(0.0823442 -0.0064913 2.73064e-20)
(0.0812203 -0.00301006 -3.89422e-22)
(0.0798758 0.000693215 -1.19392e-20)
(0.0226983 -0.00783345 -2.86107e-21)
(0.0496938 -0.0144022 2.71828e-21)
(0.0669576 -0.01604 0)
(0.0769779 -0.0159553 2.39039e-20)
(0.0821167 -0.0149459 -4.44032e-21)
(0.0840811 -0.0134219 -1.04944e-22)
(0.0840722 -0.0115939 -7.50213e-21)
(0.0829227 -0.00955946 -2.02659e-20)
(0.0812506 -0.00725339 7.50162e-23)
(0.0794735 -0.00468577 1.71716e-20)
(0.0251506 -0.00694785 0)
(0.0533157 -0.0126572 -1.74171e-20)
(0.0702346 -0.0145072 5.30612e-21)
(0.079378 -0.0151549 -1.48436e-20)
(0.0835014 -0.015209 4.5207e-21)
(0.0845207 -0.0149269 4.50601e-23)
(0.083727 -0.014416 4.4639e-23)
(0.0819746 -0.0137085 1.3518e-20)
(0.0798556 -0.01271 -1.8511e-20)
(0.0777732 -0.0114155 1.71901e-20)
(0.0271724 -0.00575706 1.53114e-21)
(0.055928 -0.0106385 1.16627e-20)
(0.0721554 -0.012997 0)
(0.0802535 -0.0146691 1.49524e-20)
(0.0833277 -0.0160285 -1.39099e-20)
(0.0834573 -0.0171668 -4.11371e-21)
(0.0819851 -0.0180928 1.13392e-20)
(0.0797574 -0.0187887 0)
(0.0773147 -0.019162 0)
(0.0750157 -0.019193 0)
(0.0285982 -0.00432738 -1.61832e-21)
(0.0573353 -0.00848899 -4.76438e-21)
(0.072612 -0.0116535 5.7852e-21)
(0.0796047 -0.0146008 7.83085e-21)
(0.0816983 -0.0174424 6.91588e-21)
(0.0810723 -0.0201046 4.29584e-21)
(0.0790795 -0.0225133 0)
(0.0765314 -0.0246168 6.79999e-21)
(0.0739081 -0.0263273 -3.22041e-21)
(0.0714969 -0.0277025 0)
(0.0292838 -0.00276198 0)
(0.0574044 -0.00638731 9.58868e-21)
(0.071572 -0.0106305 -5.78418e-21)
(0.0775043 -0.0150432 -5.26292e-21)
(0.0787663 -0.0194685 6.99223e-23)
(0.0775711 -0.0236833 -2.09035e-21)
(0.0752398 -0.0275555 1.97666e-21)
(0.0725251 -0.031023 0)
(0.0698426 -0.0340346 -3.14826e-21)
(0.0674325 -0.0366979 -2.85919e-21)
(0.0291374 -0.00119589 2.25489e-22)
(0.0560843 -0.00453508 -3.70411e-21)
(0.0690817 -0.0100824 -3.72349e-22)
(0.074083 -0.0160756 1.63855e-23)
(0.0747166 -0.0221088 -1.81865e-21)
(0.0731638 -0.0278387 0)
(0.0706773 -0.0331005 -1.97623e-21)
(0.0679363 -0.037845 0)
(0.0652906 -0.0420694 0)
(0.0629277 -0.0459026 0)
(0.0281756 0.000221263 -4.76376e-22)
(0.0534273 -0.00313329 0)
(0.0652633 -0.0101477 0)
(0.0695162 -0.0177593 -2.20487e-21)
(0.0697517 -0.0253547 6.0852e-22)
(0.0680549 -0.0325065 -4.23066e-23)
(0.0655842 -0.0390426 -1.04588e-21)
(0.06294 -0.0449433 0)
(0.0604118 -0.0502538 0)
(0.0581361 -0.0551091 0)
(0.0264149 0.00135522 0)
(0.0495263 -0.00234656 -1.81024e-21)
(0.0602734 -0.010939 1.66953e-21)
(0.0639919 -0.0201418 2.9092e-21)
(0.0640643 -0.0291979 0)
(0.0624252 -0.0376368 2.31138e-21)
(0.0601233 -0.0453035 -2.1495e-21)
(0.057684 -0.0522179 0)
(0.0553461 -0.0584668 3.30433e-21)
(0.0532035 -0.0641826 -3.20551e-21)
(0.023855 0.00206373 0)
(0.0444921 -0.00234252 1.54957e-20)
(0.0542887 -0.0125591 0)
(0.0577109 -0.023261 1.2394e-20)
(0.0578504 -0.0336266 0)
(0.0564518 -0.0431859 -9.81367e-21)
(0.0544506 -0.0518204 0)
(0.0523075 -0.0595945 7.56412e-21)
(0.0502242 -0.0666273 -7.0844e-21)
(0.0482611 -0.0730417 -6.5185e-21)
(0.0205885 0.00221354 -4.28082e-21)
(0.0385164 -0.00326743 -7.54079e-21)
(0.0475303 -0.0150896 -3.58529e-21)
(0.0508884 -0.0271418 -6.22538e-21)
(0.051301 -0.038627 -5.69882e-21)
(0.050297 -0.0491176 4.9463e-21)
(0.0487035 -0.0585462 4.52666e-21)
(0.0469317 -0.0670221 2.56828e-22)
(0.0451586 -0.0746861 7.2596e-21)
(0.043419 -0.0816441 6.52615e-21)
(0.0167602 0.00169806 -4.57055e-21)
(0.0318374 -0.00522929 -8.00076e-21)
(0.0402418 -0.0185839 -1.44232e-20)
(0.0437442 -0.031794 6.57067e-21)
(0.0446015 -0.0441819 0)
(0.0441128 -0.0554007 0)
(0.0430075 -0.0654448 -8.86971e-21)
(0.0416637 -0.074466 -7.90866e-21)
(0.0402466 -0.0826163 7.34297e-21)
(0.03877 -0.0899755 -6.42443e-21)
(0.0125457 0.00044464 4.54671e-21)
(0.0247212 -0.00829308 3.86422e-21)
(0.0326788 -0.0230654 -2.2767e-20)
(0.0364983 -0.037212 3.29255e-20)
(0.0379325 -0.0502687 -5.95193e-21)
(0.0380446 -0.0620052 0)
(0.0374792 -0.0724844 0)
(0.0365984 -0.0818978 4.10234e-20)
(0.0355678 -0.0904 -3.70621e-20)
(0.0343838 -0.0980337 -2.03627e-20)
(0.00814063 -0.00158036 3.86588e-20)
(0.0174491 -0.0124777 0)
(0.0251004 -0.028527 2.9896e-20)
(0.0293688 -0.0433744 -2.64843e-20)
(0.0314718 -0.0568601 0)
(0.0322358 -0.0689013 1.0297e-20)
(0.032232 -0.0796341 -2.84337e-20)
(0.0318213 -0.0892875 -3.31307e-20)
(0.0311829 -0.0980156 1.54277e-20)
(0.0303065 -0.105811 1.40526e-20)
(0.00374957 -0.00436889 -7.7584e-20)
(0.010306 -0.0177548 -8.38708e-21)
(0.0177621 -0.0349315 -1.52052e-20)
(0.0225691 -0.050245 -3.37859e-20)
(0.0253969 -0.0639253 -1.16915e-20)
(0.0268362 -0.0760633 -1.0444e-20)
(0.0273889 -0.0868681 -1.77377e-22)
(0.0274216 -0.0966056 0)
(0.0271455 -0.105436 0)
(0.0265717 -0.113288 2.87841e-20)
(-0.000426272 -0.00787177 3.89259e-20)
(0.00356664 -0.0240496 -3.40063e-20)
(0.010907 -0.0422115 2.29326e-20)
(0.0163031 -0.0577752 4.70158e-20)
(0.0198867 -0.0714361 -1.22107e-20)
(0.0220163 -0.0834795 1.04121e-20)
(0.0231201 -0.0941808 9.29806e-21)
(0.0235661 -0.103836 0)
(0.0236096 -0.112627 0)
(0.0232838 -0.120425 -1.45615e-20)
(-0.00420125 -0.0120025 -4.83257e-21)
(-0.00251613 -0.031244 4.23421e-20)
(0.00475571 -0.0502713 -7.68303e-21)
(0.0107551 -0.0659059 0)
(0.0151107 -0.0793779 0)
(0.0179676 -0.0911862 2.13439e-20)
(0.0196915 -0.101659 0)
(0.0206608 -0.111091 -1.69927e-20)
(0.0211513 -0.119667 4.94497e-22)
(0.0210361 -0.127176 1.50164e-20)
(-0.00741645 -0.0166454 0)
(-0.00772416 -0.0391836 0)
(-0.000506135 -0.0589879 -2.94205e-20)
(0.00606962 -0.0745647 0)
(0.0111845 -0.0877527 1.1667e-20)
(0.0148014 -0.099324 -1.08126e-20)
(0.0172494 -0.109736 0)
(0.0189248 -0.119408 0)
(0.0200598 -0.128758 -1.57461e-20)
(0.020327 -0.138005 3.06499e-20)
(-0.0099304 -0.0216463 0)
(-0.0118679 -0.0476711 -2.38147e-20)
(-0.00472498 -0.0681981 -6.60059e-21)
(0.00234622 -0.0836294 -2.57425e-20)
(0.00813603 -0.0964627 -1.16365e-20)
(0.0124278 -0.107769 -3.16795e-20)
(0.0154802 -0.118115 0)
(0.0176376 -0.12791 0)
(0.0190586 -0.137426 0)
(0.0194886 -0.146512 4.31665e-23)
(-0.0116316 -0.026808 0)
(-0.0147979 -0.0564552 -6.44709e-21)
(-0.00778072 -0.0776906 1.5085e-20)
(-0.000340278 -0.09292 1.93141e-20)
(0.00598715 -0.105321 4.89272e-22)
(0.0108117 -0.11626 3.14517e-22)
(0.0143067 -0.126365 1.89117e-20)
(0.0167624 -0.135956 -1.73958e-20)
(0.0183344 -0.145122 3.20982e-20)
(0.0189623 -0.153592 -3.10282e-20)
(-0.0124625 -0.031929 -4.20118e-21)
(-0.0164227 -0.0652685 2.31252e-20)
(-0.00959257 -0.0872327 3.45207e-20)
(-0.00193191 -0.102233 -3.64264e-20)
(0.00477571 -0.114123 2.28678e-20)
(0.00998892 -0.124558 2.08092e-20)
(0.0138024 -0.134213 -9.44675e-21)
(0.0164744 -0.143324 3.46691e-20)
(0.0181968 -0.151876 -1.36913e-22)
(0.0190614 -0.159636 -1.5612e-20)
(-0.0124125 -0.0368066 -3.8315e-21)
(-0.0167046 -0.0738337 3.64082e-21)
(-0.0101152 -0.0965794 0)
(-0.00238746 -0.11136 3.01085e-20)
(0.00454064 -0.122681 -5.46428e-21)
(0.010008 -0.132491 9.56336e-23)
(0.014042 -0.141531 -9.29764e-21)
(0.0168813 -0.15 -2.5762e-20)
(0.0187553 -0.15786 1.63252e-23)
(0.019845 -0.164961 2.34189e-20)
(-0.0115161 -0.0412458 0)
(-0.0156582 -0.0818748 -1.93783e-20)
(-0.00934061 -0.105484 6.11477e-21)
(-0.00168761 -0.120095 -1.67732e-20)
(0.00530904 -0.130827 5.25493e-21)
(0.0109062 -0.139935 1.14043e-22)
(0.0150747 -0.148258 7.65444e-23)
(0.018034 -0.156012 1.71105e-20)
(0.0200359 -0.16318 -2.40626e-20)
(0.0213064 -0.1697 2.34698e-20)
(-0.00985001 -0.0450707 1.67981e-21)
(-0.013351 -0.0891302 1.27473e-20)
(-0.00729953 -0.113707 0)
(0.000161217 -0.128242 1.65269e-20)
(0.00709033 -0.138411 -1.49521e-20)
(0.0127045 -0.146788 -4.77819e-21)
(0.0169281 -0.154348 1.34683e-20)
(0.0199575 -0.161364 0)
(0.0220482 -0.167865 0)
(0.0234424 -0.173858 0)
(-0.00752774 -0.048131 -1.50575e-21)
(-0.00989994 -0.0953635 -3.97239e-21)
(-0.00406193 -0.121023 5.18691e-21)
(0.00312473 -0.135617 7.56433e-21)
(0.00987319 -0.145297 7.52586e-21)
(0.0154053 -0.152961 4.53539e-21)
(0.0196114 -0.159756 0)
(0.0226604 -0.166041 8.40836e-21)
(0.0247964 -0.171901 -3.90834e-21)
(0.0262578 -0.177394 0)
(-0.00469325 -0.0503047 0)
(-0.00546839 -0.100369 7.85961e-21)
(0.000263852 -0.127228 -5.1856e-21)
(0.00713981 -0.142048 -4.96993e-21)
(0.0136243 -0.151358 -9.45166e-23)
(0.0189926 -0.158371 -2.34343e-21)
(0.0231168 -0.164432 2.11815e-21)
(0.0261375 -0.17001 0)
(0.028278 -0.175253 -3.96609e-21)
(0.0297576 -0.180252 -3.97704e-21)
(-0.00151526 -0.0515306 1.52028e-22)
(-0.000264336 -0.103994 -2.75876e-21)
(0.00552973 -0.132147 -3.16164e-22)
(0.0121127 -0.14738 -3.44718e-23)
(0.0182873 -0.156475 -1.73035e-21)
(0.0234317 -0.162936 0)
(0.0274212 -0.168321 -2.11744e-21)
(0.0303722 -0.173228 0)
(0.0324841 -0.177872 0)
(0.0339451 -0.182371 0)
(0.00183426 -0.0519202 -2.69361e-22)
(0.00547888 -0.106233 0)
(0.0115549 -0.135703 0)
(0.0179214 -0.151514 -1.50458e-21)
(0.023784 -0.160561 5.81235e-22)
(0.0286716 -0.166593 6.1613e-23)
(0.0324887 -0.17138 -9.96772e-22)
(0.0353381 -0.175659 0)
(0.0373998 -0.179721 0)
(0.0388234 -0.183701 0)
(0.00522632 -0.0515077 0)
(0.0115695 -0.107028 -9.98614e-22)
(0.01816 -0.137791 9.20946e-22)
(0.0244258 -0.15433 2.05521e-21)
(0.0300126 -0.163512 0)
(0.0346397 -0.169262 2.08536e-21)
(0.0382665 -0.173548 -1.93928e-21)
(0.0409962 -0.177257 0)
(0.0430014 -0.180759 4.02119e-21)
(0.0443928 -0.184206 -3.87658e-21)
(0.00852441 -0.0502609 0)
(0.0177877 -0.106351 6.42065e-21)
(0.0251428 -0.13833 0)
(0.0314743 -0.155737 7.18646e-21)
(0.0368591 -0.165242 0)
(0.0412512 -0.170873 -7.67213e-21)
(0.0446899 -0.174776 0)
(0.047294 -0.177987 8.10785e-21)
(0.0492469 -0.18096 -7.5936e-21)
(0.0506357 -0.183873 -8.00158e-21)
(0.0115933 -0.0482479 -1.50329e-21)
(0.0239106 -0.104242 -3.3576e-21)
(0.0322849 -0.137286 -1.50738e-21)
(0.0388803 -0.155667 -3.47835e-21)
(0.0441855 -0.165679 -3.42501e-21)
(0.0484021 -0.171364 3.71886e-21)
(0.0516773 -0.175017 3.67583e-21)
(0.0541626 -0.177818 -3.17078e-22)
(0.0560683 -0.180311 7.54732e-21)
(0.0575022 -0.182709 7.99329e-21)
(0.0143226 -0.0455807 -1.22246e-21)
(0.0297236 -0.100789 -2.96247e-21)
(0.0393656 -0.134692 -6.216e-21)
(0.0464485 -0.154092 2.9899e-21)
(0.0518338 -0.164767 0)
(0.0559692 -0.17068 0)
(0.0591294 -0.174227 -7.89292e-21)
(0.0615166 -0.176723 -8.03599e-21)
(0.0633748 -0.178805 7.78169e-21)
(0.0648834 -0.180691 -8.65072e-21)
(0.0166277 -0.0423865 1.16818e-21)
(0.0350331 -0.0961272 1.58649e-21)
(0.0461656 -0.130614 -7.29732e-21)
(0.0539763 -0.151017 1.51619e-20)
(0.0596332 -0.162476 -3.06668e-21)
(0.063814 -0.168775 0)
(0.0669306 -0.172361 0)
(0.0692551 -0.174666 3.87294e-20)
(0.0711036 -0.176408 -3.88169e-20)
(0.072708 -0.177818 -2.54228e-20)
(0.0184509 -0.0388004 6.94353e-21)
(0.0396755 -0.0904294 0)
(0.0524765 -0.125164 1.05156e-20)
(0.0612572 -0.146484 -1.18422e-20)
(0.0674016 -0.158797 0)
(0.0717853 -0.165618 7.32545e-21)
(0.0749564 -0.169379 -2.11765e-20)
(0.0772661 -0.17161 -3.095e-20)
(0.0791237 -0.173109 1.47876e-20)
(0.0808729 -0.174124 1.60842e-20)
(0.0197618 -0.0349588 -1.31403e-20)
(0.0435224 -0.083893 -2.28759e-21)
(0.0581106 -0.118491 -4.38096e-21)
(0.0680884 -0.140572 -1.30306e-20)
(0.0749505 -0.153754 -6.63856e-21)
(0.079721 -0.161192 -6.98682e-21)
(0.0830701 -0.165247 2.80316e-22)
(0.0854211 -0.167512 0)
(0.0872779 -0.168865 0)
(0.0891821 -0.169561 3.29088e-20)
(0.0205559 -0.0309935 6.19689e-21)
(0.0464844 -0.0767326 -7.40099e-21)
(0.062908 -0.11078 6.63308e-21)
(0.0742789 -0.133403 1.86467e-20)
(0.0820914 -0.147403 -5.30829e-21)
(0.0874562 -0.155509 7.35153e-21)
(0.0911417 -0.159943 7.59541e-21)
(0.0936235 -0.16233 0)
(0.0954496 -0.163635 0)
(0.0974248 -0.164165 -1.60196e-20)
(0.0208534 -0.0270275 -6.80974e-22)
(0.0485131 -0.0691696 9.43985e-21)
(0.066743 -0.102245 -1.87908e-21)
(0.0796574 -0.125137 0)
(0.0886418 -0.139842 0)
(0.0948197 -0.148611 1.27668e-20)
(0.099016 -0.153451 0)
(0.101707 -0.155936 -1.54026e-20)
(0.103279 -0.157053 -1.52076e-21)
(0.104718 -0.157229 1.52901e-20)
(0.0206951 -0.0231667 0)
(0.0496005 -0.0614155 0)
(0.0695269 -0.0931093 -8.01609e-21)
(0.0840755 -0.115959 0)
(0.0944326 -0.131202 6.02232e-21)
(0.101676 -0.140579 -5.58112e-21)
(0.106699 -0.145798 0)
(0.110161 -0.148251 0)
(0.112564 -0.149029 -1.61333e-20)
(0.115397 -0.14917 3.16639e-20)
(0.0201142 -0.0194827 0)
(0.0497549 -0.0536526 -4.94325e-21)
(0.0711976 -0.0835968 -1.62834e-21)
(0.0874058 -0.106081 -9.11968e-21)
(0.0992939 -0.121671 -4.59709e-21)
(0.107833 -0.13161 -1.71278e-20)
(0.113946 -0.137317 0)
(0.11846 -0.140094 0)
(0.122054 -0.141259 0)
(0.125895 -0.142149 3.45673e-22)
(0.0191459 -0.0160375 0)
(0.0490103 -0.0460673 -1.98332e-21)
(0.0717277 -0.0739484 4.00948e-21)
(0.0895474 -0.0957448 7.09751e-21)
(0.103057 -0.111458 2.7512e-22)
(0.113057 -0.121875 3.38899e-22)
(0.12043 -0.128134 1.24888e-20)
(0.126067 -0.131421 -1.34735e-20)
(0.130742 -0.133078 2.97562e-20)
(0.135358 -0.134298 -3.08815e-20)
(0.0178528 -0.0128939 -6.67566e-22)
(0.0474394 -0.0388302 5.00803e-21)
(0.071135 -0.0643943 9.6066e-21)
(0.090442 -0.0851867 -1.37773e-20)
(0.105588 -0.100765 9.19631e-21)
(0.117147 -0.111507 1.03955e-20)
(0.125893 -0.118263 -6.81509e-21)
(0.132691 -0.122058 2.76523e-20)
(0.138319 -0.124142 1.27602e-21)
(0.143541 -0.125526 -1.43321e-20)
(0.0163049 -0.0100981 -8.23913e-22)
(0.0451404 -0.0320837 7.82775e-22)
(0.069477 -0.0551447 0)
(0.0900782 -0.0746384 1.12793e-20)
(0.106801 -0.0898009 -2.24519e-21)
(0.119957 -0.100661 5.38338e-22)
(0.130156 -0.107788 -5.51667e-21)
(0.138176 -0.112022 -2.01092e-20)
(0.144751 -0.114477 -1.05056e-21)
(0.150542 -0.116005 2.25356e-20)
(0.01457 -0.00767633 0)
(0.0422268 -0.025938 -5.88018e-21)
(0.0668451 -0.0463833 1.87282e-21)
(0.0884905 -0.0643203 -6.84402e-21)
(0.106665 -0.078781 2.22901e-21)
(0.121394 -0.0895179 -3.84995e-22)
(0.133089 -0.0968469 -3.54983e-22)
(0.142395 -0.101412 1.30235e-20)
(0.149971 -0.104166 -2.0372e-20)
(0.156383 -0.105823 2.11331e-20)
(0.0127123 -0.0056392 4.06556e-22)
(0.0388212 -0.0204723 3.84902e-21)
(0.0633577 -0.0382638 0)
(0.085755 -0.0544353 6.84228e-21)
(0.105194 -0.0679214 -7.03576e-21)
(0.121414 -0.078277 -2.82267e-21)
(0.134599 -0.0856022 8.35352e-21)
(0.145233 -0.0903534 0)
(0.153873 -0.0933067 0)
(0.160988 -0.0950593 0)
(0.0107909 -0.00398405 -4.91377e-22)
(0.0350495 -0.0157362 -1.66499e-21)
(0.0591534 -0.0309075 2.19204e-21)
(0.0819838 -0.0451621 3.49405e-21)
(0.102448 -0.0574287 3.68712e-21)
(0.120016 -0.0671415 2.55941e-21)
(0.134637 -0.0742335 0)
(0.146607 -0.0789929 6.29656e-21)
(0.156359 -0.0820212 -2.8037e-21)
(0.164261 -0.0838175 0)
(0.0088579 -0.00269765 0)
(0.0310341 -0.0117527 3.25671e-21)
(0.0543811 -0.0244029 -2.19158e-21)
(0.0773157 -0.0366509 -2.28092e-21)
(0.0985267 -0.047493 -7.78845e-23)
(0.117248 -0.0563139 -1.36575e-21)
(0.133197 -0.0629322 1.34236e-21)
(0.146469 -0.0674986 0)
(0.157358 -0.0704527 -3.0932e-21)
(0.166111 -0.0722116 -3.42173e-21)
(0.00696451 -0.00175862 6.43466e-23)
(0.026898 -0.00852131 -1.2759e-21)
(0.0491999 -0.0188072 -1.66093e-22)
(0.0719137 -0.0290227 -3.0225e-23)
(0.0935678 -0.0382849 -9.21329e-22)
(0.1132 -0.0459903 0)
(0.130317 -0.0518962 -1.34198e-21)
(0.144814 -0.0560532 0)
(0.156824 -0.0587589 0)
(0.166462 -0.0603626 0)
(0.00518027 -0.00113816 -1.39095e-22)
(0.0227913 -0.00601984 0)
(0.0438087 -0.0141474 0)
(0.0659967 -0.0223672 -9.17551e-22)
(0.0877787 -0.0299517 3.54622e-22)
(0.108044 -0.0363574 6.84184e-23)
(0.126118 -0.0413281 -6.22739e-22)
(0.141706 -0.0448543 0)
(0.154775 -0.0471159 0)
(0.165291 -0.0484042 0)
(0.00353237 -0.000799412 0)
(0.0188014 -0.00419793 -6.66283e-22)
(0.0383463 -0.0104021 6.14412e-22)
(0.0597323 -0.0167134 1.23598e-21)
(0.081331 -0.0225792 0)
(0.101932 -0.0275493 1.33675e-21)
(0.120717 -0.0313941 -1.24308e-21)
(0.137224 -0.0340816 0)
(0.151249 -0.0356997 2.99347e-21)
(0.162606 -0.0364846 -2.85771e-21)
(0.0020217 -0.000707104 0)
(0.0149843 -0.00300111 5.56599e-21)
(0.0329247 -0.00753735 0)
(0.0532781 -0.0120714 5.27381e-21)
(0.0744071 -0.0162319 0)
(0.0950472 -0.0196832 -5.15185e-21)
(0.114278 -0.0222519 0)
(0.131498 -0.0239169 5.64554e-21)
(0.146341 -0.0247022 -5.28743e-21)
(0.158459 -0.0247856 -5.8246e-21)
(0.000662035 -0.00082745 -1.42847e-21)
(0.0114035 -0.00236964 -2.74741e-21)
(0.0276602 -0.00550324 -1.34758e-21)
(0.0467963 -0.00842561 -2.51797e-21)
(0.0672005 -0.0109438 -2.54554e-21)
(0.0875943 -0.0128465 2.45763e-21)
(0.106995 -0.0140365 2.50532e-21)
(0.124697 -0.0145306 -2.7467e-22)
(0.140186 -0.0143145 5.21865e-21)
(0.152946 -0.0135008 5.82533e-21)
(-0.000533347 -0.00112695 -1.44238e-21)
(0.0081143 -0.00223762 -3.05264e-21)
(0.0226567 -0.00423292 -5.99793e-21)
(0.0404378 -0.0057329 2.7112e-21)
(0.0598991 -0.00671381 0)
(0.0797819 -0.00709027 0)
(0.0990799 -0.00685181 -5.44089e-21)
(0.117019 -0.00607225 -5.49405e-21)
(0.132958 -0.00471988 5.35845e-21)
(0.146209 -0.00283027 -6.42571e-21)
(-0.00155651 -0.00157301 1.58136e-21)
(0.00515803 -0.00253522 1.67969e-21)
(0.0179985 -0.00364639 -9.26191e-21)
(0.0343324 -0.00392627 1.45621e-20)
(0.0526735 -0.00350797 -2.69712e-21)
(0.0718093 -0.00242768 0)
(0.0907443 -0.000766032 0)
(0.108675 0.00133434 2.67601e-20)
(0.124859 0.00390701 -2.67286e-20)
(0.138439 0.00701404 -1.7742e-20)
(-0.00240392 -0.00213405 1.31369e-20)
(0.00256314 -0.00319011 0)
(0.0137503 -0.00365342 1.22e-20)
(0.0285864 -0.00291819 -1.16428e-20)
(0.0456704 -0.00126075 0)
(0.0638554 0.00116769 5.57396e-21)
(0.0821857 0.00419459 -1.58712e-20)
(0.0998684 0.00759927 -2.14367e-20)
(0.116099 0.0114035 1.02089e-20)
(0.129855 0.0158007 1.09711e-20)
(-0.00307521 -0.00277926 -2.68948e-20)
(0.000346872 -0.0041285 -3.43682e-21)
(0.00995787 -0.00415605 -6.6664e-21)
(0.023281 -0.00260358 -1.54051e-20)
(0.0390075 0.00012323 -5.88956e-21)
(0.0560675 0.00376494 -5.7523e-21)
(0.0735671 0.00805624 -1.38247e-22)
(0.0907637 0.0126851 0)
(0.106849 0.0176346 0)
(0.120668 0.02328 2.19926e-20)
(-0.00357276 -0.00347859 1.37583e-20)
(-0.00148352 -0.00527643 -1.43067e-20)
(0.00664999 -0.00505151 9.72974e-21)
(0.0184746 -0.00286342 2.18711e-20)
(0.0327742 0.0007679 -5.88057e-21)
(0.048556 0.00548133 5.51918e-21)
(0.0649937 0.010915 5.47015e-21)
(0.0814191 0.0166388 0)
(0.0970917 0.0225151 0)
(0.110859 0.029152 -1.06075e-20)
(-0.00390163 -0.00420311 -1.83367e-21)
(-0.0029296 -0.00656155 1.7994e-20)
(0.00384097 -0.00623623 -3.39795e-21)
(0.0142073 -0.00357019 0)
(0.0270418 0.000824027 0)
(0.0414139 0.00649945 1.14544e-20)
(0.0565313 0.0130052 0)
(0.0717328 0.0197687 -1.09982e-20)
(0.0863033 0.0263071 -4.32832e-22)
(0.099248 0.0331853 1.02734e-20)
(-0.00406955 -0.00492604 0)
(-0.00400124 -0.00791653 0)
(0.00153181 -0.00761323 -1.44052e-20)
(0.0105059 -0.00460229 0)
(0.0218808 0.00044572 6.33404e-21)
(0.034777 0.00704977 -5.86984e-21)
(0.0483948 0.014779 0)
(0.0619742 0.0232106 0)
(0.0748394 0.0320324 -1.12673e-20)
(0.0866314 0.0421359 2.20166e-20)
(-0.00408391 -0.00561937 0)
(-0.00471399 -0.00927989 -1.185e-20)
(-0.000286867 -0.00909833 -4.04171e-21)
(0.00738597 -0.00586328 -1.39139e-20)
(0.0173656 -0.000273016 -6.55617e-21)
(0.0288497 0.00719115 -1.83221e-20)
(0.0411061 0.0161408 0)
(0.0534735 0.0262755 0)
(0.0655801 0.0373804 0)
(0.0773961 0.0497486 2.73156e-22)
(-0.00395498 -0.00625269 0)
(-0.00509149 -0.010593 -4.50621e-21)
(-0.00163609 -0.0106193 7.10251e-21)
(0.00484273 -0.00728101 1.04201e-20)
(0.0135207 -0.00128565 -3.41889e-22)
(0.0236931 0.00689285 -3.03155e-22)
(0.0347272 0.0168815 1.19477e-20)
(0.0460809 0.0283869 -1.14516e-20)
(0.0574949 0.0411341 2.25305e-20)
(0.0688015 0.054943 -2.2357e-20)
(-0.00369933 -0.00680133 -2.11912e-21)
(-0.00516513 -0.0118071 1.20906e-20)
(-0.00254779 -0.0121173 1.90853e-20)
(0.00284936 -0.00879988 -2.19625e-20)
(0.0103234 -0.00255932 1.3303e-20)
(0.0192707 0.00613693 1.25046e-20)
(0.0291518 0.0169091 -5.96286e-21)
(0.0395098 0.029414 2.32128e-20)
(0.0500998 0.0432612 5.82921e-22)
(0.0606214 0.0579984 -1.09875e-20)
(-0.00333701 -0.00724535 -2.20493e-21)
(-0.0049708 -0.0128838 2.09496e-21)
(-0.00305941 -0.0135466 0)
(0.00137009 -0.0103755 1.84105e-20)
(0.0077373 -0.00406197 -3.45503e-21)
(0.0155372 0.00493474 -2.85188e-23)
(0.0243141 0.0162235 -6.13011e-21)
(0.0336743 0.0294081 -1.79091e-20)
(0.0433627 0.0440043 -8.97647e-23)
(0.0530124 0.0594063 1.71879e-20)
(-0.00289006 -0.00756997 0)
(-0.00454569 -0.0137956 -1.31417e-20)
(-0.00320787 -0.0148729 4.02992e-21)
(0.000370911 -0.0119719 -1.15309e-20)
(0.00572943 -0.00576083 3.5402e-21)
(0.0124574 0.00331435 -1.29804e-22)
(0.0201757 0.0148577 -1.21426e-22)
(0.0285418 0.0284388 1.20389e-20)
(0.0372879 0.0435188 -1.7421e-20)
(0.0460312 0.0594135 1.7157e-20)
(-0.00238116 -0.0077662 1.15306e-21)
(-0.00392496 -0.0145271 8.77133e-21)
(-0.00302384 -0.0160729 0)
(-0.000172248 -0.0135586 1.16204e-20)
(0.00427987 -0.0076205 -1.10084e-20)
(0.0100122 0.00131612 -3.45497e-21)
(0.0167176 0.0128632 9.61138e-21)
(0.0241001 0.0265796 0)
(0.0318876 0.0419089 0)
(0.0397152 0.0581423 0)
(-0.00183258 -0.00783162 -1.18552e-21)
(-0.00313845 -0.0150756 -3.44534e-21)
(-0.00252619 -0.0171327 4.28364e-21)
(-0.000266639 -0.0151081 6.02257e-21)
(0.00339034 -0.00959971 5.53218e-21)
(0.00820894 -0.00100503 3.54981e-21)
(0.0139511 0.0103097 0)
(0.0203691 0.0239172 6.3256e-21)
(0.0271997 0.0392738 -2.90838e-21)
(0.0341145 0.055685 0)
(-0.0012647 -0.00777277 0)
(-0.00220667 -0.01545 6.89694e-21)
(-0.00171778 -0.0180463 -4.28272e-21)
(0.00010194 -0.0165935 -4.01722e-21)
(0.00309004 -0.0116482 4.4205e-24)
(0.0070881 -0.00357632 -1.76889e-21)
(0.0119257 0.00728957 1.71057e-21)
(0.0174073 0.0205576 0)
(0.0232936 0.035723 -3.01561e-21)
(0.0292988 0.0521353 -3.00025e-21)
(-0.000692736 -0.00760993 1.52924e-22)
(-0.00113724 -0.0156719 -2.62088e-21)
(-0.000583985 -0.0188163 -2.82301e-22)
(0.000970652 -0.0179862 -9.63572e-24)
(0.00343756 -0.0137024 -1.44335e-21)
(0.00672625 -0.00630117 0)
(0.0107318 0.00392555 -1.71009e-21)
(0.0153159 0.0166384 0)
(0.0202774 0.0313939 0)
(0.02537 0.0476127 0)
)
;

boundaryField
{
    inlet
    {
        type            uniformFixedValue;
        uniformValue    constant (1 0 0);
        value           uniform (1 0 0);
    }
    outlet
    {
        type            pressureInletOutletVelocity;
        value           nonuniform List<vector> 
40
(
(0.0193869 0.0452272 0)
(0.0301198 0.126083 0)
(0.034419 0.200355 0)
(0.0313982 0.26737 0)
(0.025895 0.338396 0)
(0.0209997 0.417287 0)
(0.0148878 0.504208 0)
(0.0103601 0.604679 0)
(0.0027397 0.722714 0)
(0.00122396 0.830683 0)
(0.0133633 0.000579134 1.62293e-23)
(0 -0.0173205 0)
(0 -0.0340722 0)
(0 -0.0496233 0)
(0 -0.0639688 0)
(0 -0.0771272 0)
(0 -0.0891412 0)
(0 -0.100071 0)
(0 -0.109986 0)
(0 -0.118956 0)
(0 -0.127051 0)
(0 -0.13434 0)
(0 -0.140891 0)
(0 -0.146776 0)
(0 -0.152073 0)
(0 -0.156865 0)
(0 -0.161242 0)
(0 -0.165296 0)
(0 -0.169122 0)
(0 -0.17282 0)
(0 -0.181507 0)
(0 -0.199403 0)
(0 -0.224832 0)
(0 -0.260771 0)
(0 -0.308506 0)
(0 -0.365379 0)
(0 -0.423681 0)
(0 -0.473166 0)
(0 -0.507011 0)
(0 -0.523744 0)
)
;
    }
    cylinder
    {
        type            fixedValue;
        value           uniform (0 0 0);
    }
    top
    {
        type            symmetryPlane;
    }
    bottom
    {
        type            symmetryPlane;
    }
    defaultFaces
    {
        type            empty;
    }
}


// ************************************************************************* //
