/*--------------------------------*- C++ -*----------------------------------*\
  =========                 |
  \\      /  F ield         | OpenFOAM: The Open Source CFD Toolbox
   \\    /   O peration     | Website:  https://openfoam.org
    \\  /    A nd           | Version:  7
     \\/     M anipulation  |
\*---------------------------------------------------------------------------*/
FoamFile
{
    version     2.0;
    format      ascii;
    class       surfaceScalarField;
    location    "1.5";
    object      phi;
}
// * * * * * * * * * * * * * * * * * * * * * * * * * * * * * * * * * * * * * //

dimensions      [0 3 -1 0 0 0 0];

internalField   nonuniform List<scalar> 
3880
(
0.000242584
0.00250193
-0.00274451
0.000998157
0.005288
-0.00604357
0.00221528
0.00704282
-0.00825994
0.00381458
0.00821477
-0.00981407
0.00570426
0.00905517
-0.0109448
0.00779134
0.00971381
-0.0118009
0.00998934
0.0102858
-0.0124838
0.012222
0.0108348
-0.0130674
0.0144225
0.0114045
-0.013605
0.012027
0.0165291
-0.0141336
0.000263519
0.00223841
0.00108118
0.00447033
0.00239919
0.0057248
0.00413611
0.00647785
0.00619795
0.00699332
0.00848903
0.00742274
0.0109195
0.00785535
0.0134091
0.00834519
0.0158859
0.00892768
0.00963171
0.0182812
0.000290339
0.00194807
0.00118031
0.00358036
0.00260968
0.00429543
0.00449249
0.00459504
0.00673133
0.00475448
0.00922776
0.00492631
0.0118898
0.00519331
0.0146354
0.00559962
0.0173906
0.00617249
0.00694031
0.020082
0.000324224
0.00162385
0.00129796
0.00260663
0.00284993
0.00274346
0.00488686
0.00255811
0.00730639
0.00233496
0.010007
0.00222565
0.0128956
0.0023047
0.0158907
0.00260462
0.0189195
0.00314365
0.00395188
0.0219079
0.000365946
0.0012579
0.00143562
0.00153695
0.00312188
0.0010572
0.00532102
0.000358974
0.00792397
-0.000267996
0.0108256
-0.000675958
0.013932
-0.000801767
0.0171644
-0.000627739
0.0204551
-0.00014707
0.000672995
0.023734
0.000416089
0.000841816
0.00159402
0.00035902
0.00342578
-0.000774554
0.00579416
-0.00200941
0.00858151
-0.00305535
0.0116781
-0.00377251
0.0149894
-0.00411314
0.0184406
-0.0040789
0.0219727
-0.00367918
-0.00287963
0.0255253
0.000474705
0.000367112
0.0017722
-0.000938478
0.0037587
-0.00276105
0.00630062
-0.00455134
0.00927003
-0.00602475
0.0125515
-0.00705399
0.0160494
-0.00761102
0.0196928
-0.00772226
0.0234341
-0.00742055
-0.00667501
0.0272295
0.000541158
-0.000174045
0.00196706
-0.00236438
0.00411358
-0.00490757
0.00682838
-0.00726613
0.00997207
-0.00916844
0.0134228
-0.0105047
0.0170823
-0.0112705
0.0208813
-0.0115213
0.0247845
-0.0113237
-0.010667
0.0287765
0.000613991
-0.000788034
0.00217297
-0.00392337
0.00447847
-0.00721306
0.00735785
-0.0101455
0.0106605
-0.0124711
0.014259
-0.0141032
0.0180517
-0.0150632
0.0219656
-0.0154352
0.025967
-0.0153251
-0.0148032
0.0301032
0.000690842
-0.00147888
0.0023816
-0.00561412
0.00483617
-0.00966764
0.00786112
-0.0131705
0.0112969
-0.0159068
0.015016
-0.0178224
0.0189222
-0.0189694
0.0229447
-0.0194577
0.0270305
-0.0194109
0.0311893
-0.018962
0.0181022
0.0521559
-0.053729
0.0183075
0.0595887
-0.0597941
0.0173686
0.0670548
-0.0661159
0.0156784
0.0738385
-0.0721483
0.0135564
0.0798175
-0.0776956
0.011059
0.0850646
-0.0825671
0.0084618
0.0890275
-0.0864303
0.00565402
0.0932252
-0.0904174
0.00274013
0.0962946
-0.0933807
0.10275
-0.10001
0.0200251
0.0504121
0.0202773
0.0593365
0.0192951
0.068037
0.0174801
0.0756536
0.0151661
0.0821316
0.0124177
0.087813
0.00952342
0.0919218
0.00637516
0.0963734
0.00309576
0.099574
0.105846
0.0219621
0.048532
0.0222567
0.0590418
0.0212452
0.0690485
0.0193171
0.0775816
0.0168225
0.0846262
0.0138226
0.0908128
0.0106367
0.0951077
0.00713701
0.0998731
0.00348598
0.103225
0.109332
0.0238873
0.0465526
0.0242192
0.05871
0.0231953
0.0700724
0.0211713
0.0796056
0.0185131
0.0872844
0.0152656
0.0940603
0.0117978
0.0985754
0.00793801
0.103733
0.00391096
0.107252
0.113243
0.0257759
0.0445107
0.026137
0.0583489
0.0251189
0.0710906
0.0230204
0.0817041
0.020221
0.0900838
0.0167344
0.097547
0.0129995
0.10231
0.0087734
0.107959
0.00436916
0.111656
0.117612
0.0275994
0.0424367
0.0279813
0.0579669
0.0269863
0.0720856
0.024838
0.0838524
0.021925
0.0929968
0.0182123
0.10126
0.0142302
0.106292
0.00963501
0.112554
0.00485723
0.116434
0.122469
0.0293129
0.0403533
0.0297143
0.0575655
0.0287618
0.0730381
0.0265917
0.0860225
0.0235977
0.0959908
0.0196779
0.105179
0.0154742
0.110496
0.0105108
0.117518
0.00536953
0.121575
0.127839
0.0308328
0.0382971
0.0312732
0.057125
0.0303955
0.0739158
0.0282402
0.0881778
0.0252042
0.0990269
0.0211036
0.10928
0.0167101
0.11489
0.0113846
0.122843
0.00589782
0.127062
0.133737
0.0320742
0.0363261
0.032609
0.0565902
0.0318538
0.074671
0.0297539
0.0902776
0.0267144
0.102066
0.0224614
0.113533
0.0179155
0.119435
0.0122365
0.128522
0.00643226
0.132866
0.140169
0.0330538
0.0344616
0.0338078
0.0558362
0.0331771
0.0753017
0.0311559
0.0922988
0.0281024
0.10512
0.0237418
0.117894
0.0190341
0.124143
0.0130577
0.134499
0.00694387
0.13898
0.147113
0.129275
0.050271
-0.145085
0.115472
0.0696391
0.102277
0.0884973
0.0894302
0.105145
0.0758302
0.11872
0.0623553
0.131369
0.0473948
0.139104
0.0323999
0.149493
0.0168502
0.15453
0.163963
0.146426
0.0653218
-0.161476
0.132258
0.0838067
0.118403
0.102352
0.104153
0.119395
0.0888521
0.134021
0.0730212
0.1472
0.0555683
0.156556
0.0380522
0.16701
0.0198719
0.17271
0.183835
0.163208
0.0795559
-0.177442
0.149063
0.0979523
0.13464
0.116775
0.119351
0.134684
0.102613
0.150759
0.0847167
0.165096
0.0649414
0.176332
0.0446145
0.187336
0.0231356
0.194189
0.206971
0.181607
0.0929501
-0.195001
0.167314
0.112246
0.152062
0.132027
0.135456
0.151291
0.117083
0.169132
0.0969898
0.185189
0.0747572
0.198564
0.0512794
0.210814
0.0263478
0.219121
0.233318
0.201526
0.105942
-0.214518
0.18704
0.126731
0.171042
0.148025
0.153186
0.169147
0.133102
0.189216
0.110707
0.207584
0.0858671
0.223404
0.0592596
0.237422
0.0308162
0.247564
0.264135
0.222704
0.118552
-0.235314
0.208259
0.141175
0.191849
0.164435
0.17303
0.187966
0.151359
0.210888
0.126607
0.232335
0.0985689
0.251443
0.0675952
0.268395
0.0344555
0.280704
0.29859
0.246771
0.131022
-0.259241
0.232301
0.155646
0.215523
0.181213
0.195835
0.207654
0.17251
0.234213
0.145029
0.259815
0.113193
0.283278
0.0775714
0.304017
0.0397303
0.318545
0.33832
0.269371
0.14231
-0.28066
0.256399
0.168618
0.241004
0.196607
0.222095
0.226564
0.199002
0.257306
0.171543
0.287275
0.139439
0.315382
0.1027
0.340757
0.0571017
0.364143
0.395422
0.300148
0.148018
-0.305855
0.288968
0.179798
0.272671
0.212904
0.251162
0.248072
0.223355
0.285113
0.187989
0.32264
0.14386
0.359511
0.0933907
0.391226
0.0427361
0.414798
0.438158
0.30128
-0.276869
0.311276
0.309971
0.299527
0.280842
0.252483
0.213631
0.158016
0.0865444
0.0380365
-0.15008
-0.0330416
0.0412221
-0.164662
0.0435063
-0.179726
0.0451901
-0.196685
0.0462117
-0.215539
0.0467453
-0.235847
0.0460722
-0.258568
0.0451187
-0.279706
0.0386592
-0.299395
-0.263407
0.0367821
-0.154264
-0.0325974
0.039633
-0.167513
0.041719
-0.181812
0.0432348
-0.198201
0.0441311
-0.216436
0.044559
-0.236275
0.0438605
-0.25787
0.0427447
-0.278591
0.0358513
-0.292502
-0.249204
0.0351684
-0.15789
-0.0315432
0.0376948
-0.170039
0.0395728
-0.18369
0.0409252
-0.199553
0.0417258
-0.217236
0.0420701
-0.23662
0.041416
-0.257215
0.040124
-0.277299
0.0329185
-0.285297
-0.234327
0.0330579
-0.161028
-0.0299196
0.0352715
-0.172253
0.0369488
-0.185368
0.0381617
-0.200766
0.0389067
-0.217981
0.0392241
-0.236937
0.0386706
-0.256662
0.0372504
-0.275878
0.0298166
-0.277863
-0.218923
0.0304168
-0.163704
-0.0277404
0.0323199
-0.174156
0.0338162
-0.186864
0.0349273
-0.201877
0.0356662
-0.21872
0.03602
-0.237291
0.0356216
-0.256264
0.0341235
-0.27438
0.026579
-0.270318
-0.203135
0.0272412
-0.165925
-0.02502
0.0288414
-0.175756
0.0301863
-0.188209
0.03124
-0.202931
0.0320242
-0.219504
0.0324759
-0.237742
0.0322772
-0.256065
0.0307464
-0.27285
0.0232655
-0.262837
-0.187091
0.0235568
-0.167695
-0.0217868
0.0248696
-0.177069
0.0260969
-0.189436
0.0271382
-0.203972
0.0280159
-0.220382
0.0286204
-0.238347
0.0286509
-0.256095
0.0271114
-0.27131
0.0199343
-0.25566
-0.170949
0.0194109
-0.169021
-0.0180856
0.0204583
-0.178116
0.0216015
-0.19058
0.0226726
-0.205043
0.0236866
-0.221396
0.0244926
-0.239153
0.0247685
-0.256371
0.0232189
-0.26976
0.0165336
-0.248975
-0.155164
0.0148676
-0.169912
-0.0139763
0.0156771
-0.178926
0.0167662
-0.191669
0.0179042
-0.206181
0.0190912
-0.222583
0.0201408
-0.240203
0.0206797
-0.25691
0.0191646
-0.268245
0.0128005
-0.242611
-0.140869
0.0100044
-0.170385
-0.00953141
0.0106091
-0.179531
0.0116676
-0.192727
0.0129027
-0.207417
0.0142914
-0.223972
0.0156206
-0.241532
0.0164514
-0.257741
0.0150983
-0.266892
0.00903843
-0.236551
-0.128585
0.00492076
-0.170458
-0.00484726
0.00535814
-0.179968
0.00640136
-0.19377
0.00775355
-0.208769
0.00936224
-0.22558
0.0109971
-0.243167
0.0121568
-0.258901
0.0110907
-0.265826
0.00543467
-0.230895
-0.118098
-0.000325068
-0.170139
5.31672e-06
2.95965e-06
-0.180296
0.00103358
-0.194801
0.00251668
-0.210252
0.0043545
-0.227418
0.00631252
-0.245125
0.00784223
-0.260431
0.00715982
-0.265144
0.00181622
-0.225551
-0.109285
-0.00555192
-0.169493
0.00490647
-0.00534004
-0.180508
-0.00432327
-0.195818
-0.00271991
-0.211855
-0.000657427
-0.229481
0.00164289
-0.247425
0.00354526
-0.262333
0.00335859
-0.264957
-0.00137715
-0.220815
-0.10163
-0.0107041
-0.16853
0.00974055
-0.0105703
-0.180642
-0.00958926
-0.196799
-0.00788106
-0.213563
-0.00561293
-0.231749
-0.0030113
-0.250027
-0.000683263
-0.264661
-0.000257653
-0.265383
-0.00411157
-0.216962
-0.0946011
-0.0156517
-0.167263
0.0143847
-0.015599
-0.180694
-0.0146819
-0.197716
-0.0129014
-0.215344
-0.0104582
-0.234192
-0.00755429
-0.252931
-0.00477553
-0.26744
-0.00400877
-0.266149
-0.00701371
-0.213957
-0.0882868
-0.0202942
-0.165686
0.018718
-0.020351
-0.180638
-0.0195299
-0.198537
-0.0177201
-0.217154
-0.0151406
-0.236772
-0.0119637
-0.256107
-0.00878515
-0.270618
-0.00750163
-0.267433
-0.00992036
-0.211538
-0.0826435
-0.024523
-0.163799
0.0226352
-0.0247306
-0.18043
-0.0240386
-0.199229
-0.0222519
-0.21894
-0.0195859
-0.239438
-0.0161812
-0.259512
-0.0126358
-0.274164
-0.0108508
-0.269218
-0.0127736
-0.209615
-0.0775973
-0.0281753
-0.161676
0.0260521
-0.0285927
-0.180013
-0.0280765
-0.199745
-0.0263833
-0.220634
-0.0237021
-0.242119
-0.0201398
-0.263074
-0.0162842
-0.278019
-0.0140503
-0.271452
-0.0155505
-0.208115
-0.0730687
-0.0312288
-0.159366
0.0289193
-0.0319643
-0.179277
-0.0316864
-0.200023
-0.0301614
-0.222159
-0.0275376
-0.244743
-0.0238838
-0.266728
-0.0197667
-0.282136
-0.0171262
-0.274092
-0.0182597
-0.206981
-0.0689955
-0.0340044
-0.156575
0.0312131
-0.0351514
-0.17813
-0.0351441
-0.20003
-0.0338518
-0.223451
-0.0313224
-0.247272
-0.0275933
-0.270457
-0.0231359
-0.286594
-0.0200946
-0.277133
-0.020653
-0.206423
-0.0650191
-0.0271947
-0.149924
0.0205441
-0.0320669
-0.173258
-0.0352961
-0.196801
-0.0369546
-0.221792
-0.0370207
-0.247206
-0.0372019
-0.270276
-0.0418959
-0.2819
-0.0587839
-0.260246
-0.0879058
-0.177301
-0.0413933
-0.0525166
-0.1438
0.0463925
-0.0574803
-0.168294
-0.0612723
-0.193009
-0.0635585
-0.219506
-0.0645968
-0.246167
-0.0666707
-0.268202
-0.0756151
-0.272955
-0.0983486
-0.237512
-0.131495
-0.144155
-0.0217096
-0.0759012
-0.137141
0.0692419
-0.0824437
-0.161752
-0.0877854
-0.187667
-0.0915729
-0.215719
-0.0943819
-0.243358
-0.099401
-0.263183
-0.11336
-0.258997
-0.141459
-0.209413
-0.175602
-0.110011
-0.00654173
-0.0999426
-0.128752
0.0915535
-0.108742
-0.152953
-0.116395
-0.180014
-0.122435
-0.209679
-0.127753
-0.23804
-0.136641
-0.254296
-0.156425
-0.239213
-0.189509
-0.176328
-0.222836
-0.0766848
0.00371838
-0.124
-0.117292
0.11254
-0.135992
-0.14096
-0.147144
-0.168862
-0.156826
-0.199997
-0.166297
-0.228569
-0.180773
-0.23982
-0.207048
-0.212937
-0.243437
-0.13994
-0.27344
-0.0466817
0.00910972
-0.147338
-0.102658
0.132704
-0.163905
-0.124393
-0.180355
-0.152412
-0.195968
-0.184385
-0.212215
-0.212322
-0.234306
-0.217729
-0.266735
-0.180508
-0.303369
-0.103306
-0.327146
-0.0229045
0.0100477
-0.169805
-0.081369
0.148516
-0.192404
-0.101794
-0.216194
-0.128621
-0.240681
-0.159898
-0.266891
-0.186111
-0.298312
-0.186309
-0.335351
-0.143469
-0.368516
-0.0701412
-0.384118
-0.00730213
0.00774693
-0.189766
-0.058753
0.16715
-0.21805
-0.0735099
-0.250681
-0.0959905
-0.286875
-0.123704
-0.32678
-0.146207
-0.370568
-0.142521
-0.412978
-0.101059
-0.441757
-0.0413623
-0.449987
0.000927914
0.00389425
-0.195648
-0.0299537
0.166849
-0.230295
-0.038863
-0.273129
-0.0531564
-0.325536
-0.0712964
-0.386719
-0.0850243
-0.449884
-0.0793556
-0.500464
-0.0504783
-0.525148
-0.0166783
-0.52672
0.0024992
0.000729529
-0.191625
0.161671
-0.230488
-0.283644
-0.35494
-0.439965
-0.51932
-0.569799
-0.586477
-0.583978
-0.0374216
0.0250303
0.0329354
-0.0398693
0.0488403
-0.0408251
0.0701977
-0.0401706
0.090899
-0.0377014
0.110071
-0.0334948
0.128498
-0.0274829
0.142504
-0.0191552
0.158822
-0.0100539
0.157747
0.151617
-0.0370829
0.0285306
0.0335825
-0.0388795
0.0506369
-0.0393889
0.0707071
-0.0383292
0.0898393
-0.0356383
0.10738
-0.0312711
0.12413
-0.0255252
0.136758
-0.0174569
0.150754
-0.00921882
0.149509
0.142398
-0.0366486
0.0315364
0.0336428
-0.037904
0.0518923
-0.0379525
0.0707556
-0.0365051
0.0883919
-0.0335866
0.104461
-0.0291584
0.119702
-0.0235302
0.13113
-0.0159598
0.143184
-0.00832606
0.141876
0.134072
-0.0357946
0.0341678
0.0331632
-0.0366434
0.0527411
-0.0363039
0.0704161
-0.0345475
0.0866355
-0.0314721
0.101386
-0.0270476
0.115278
-0.0215939
0.125676
-0.0145136
0.136103
-0.00746362
0.134826
0.126609
-0.0345218
0.0364602
0.0322294
-0.035067
0.0532863
-0.0344221
0.0697712
-0.0324498
0.0846632
-0.0292957
0.0982319
-0.0249444
0.110926
-0.0197079
0.120439
-0.0131244
0.12952
-0.00662758
0.128329
0.119981
-0.0329122
0.0384544
0.030918
-0.0332282
0.0536023
-0.0323477
0.0688907
-0.0302421
0.0825576
-0.0270788
0.0950686
-0.0228602
0.106708
-0.0178786
0.115458
-0.0117925
0.123434
-0.005826
0.122362
0.114155
-0.0310362
0.0401917
0.0292989
-0.0311844
0.0537505
-0.030132
0.0678383
-0.0279641
0.0803897
-0.0248509
0.0919553
-0.0208122
0.102669
-0.0161174
0.110763
-0.0105231
0.117839
-0.00507044
0.11691
0.109085
-0.0289548
0.0417049
0.0274416
-0.0289861
0.0537818
-0.0278223
0.0666745
-0.0256533
0.0782207
-0.0226403
0.0889423
-0.0188187
0.0988477
-0.0144359
0.10638
-0.00932449
0.112728
-0.00437086
0.111956
0.104714
-0.0267299
0.0430199
0.0254149
-0.026685
0.0537369
-0.0254645
0.0654539
-0.0233453
0.0761015
-0.0204737
0.0860707
-0.0168971
0.0952711
-0.0128446
0.102328
-0.00820454
0.108088
-0.0037334
0.107485
0.10098
-0.0244225
0.0441571
0.0232853
-0.0243332
0.0536476
-0.0231033
0.064224
-0.0210737
0.0740719
-0.0183759
0.0833728
-0.0150631
0.0919584
-0.0113529
0.0986174
-0.00716813
0.103903
-0.00315992
0.103477
0.0978204
-0.022093
0.0451319
0.0211182
-0.0219825
0.0535371
-0.0207824
0.0630239
-0.0188715
0.072161
-0.016371
0.0808723
-0.0133322
0.0889196
-0.00996941
0.0952547
-0.00621826
0.100152
-0.00264944
0.0999078
0.095171
-0.0197853
0.0459539
0.0189633
-0.0196674
0.0534192
-0.0185274
0.0618839
-0.0167551
0.0703888
-0.0144683
0.0785854
-0.0117068
0.0861582
-0.00869247
0.0922403
-0.00535045
0.09681
-0.00219672
0.0967541
0.0929743
-0.017545
0.0466284
0.0168706
-0.0174242
0.0532983
-0.0163665
0.0608262
-0.0147444
0.0687667
-0.0126807
0.0765217
-0.0101933
0.0836708
-0.00752365
0.0895706
-0.00456256
0.0938489
-0.00179807
0.0939896
0.0911762
-0.015406
0.0471569
0.0148775
-0.0152766
0.0531689
-0.0143151
0.0598647
-0.012848
0.0672996
-0.0110116
0.0746853
-0.00879006
0.0814493
-0.00645874
0.0872393
-0.0038493
0.0912395
-0.00144938
0.0915897
0.0897268
-0.0133928
0.0475378
0.0130118
-0.013239
0.0530152
-0.0123797
0.0590054
-0.0110672
0.0659871
-0.00945781
0.0730759
-0.00749055
0.079482
-0.00549011
0.0852388
-0.00320402
0.0889534
-0.00114729
0.0895329
0.0885795
-0.011522
0.0477677
0.0112922
-0.0113182
0.0528113
-0.0105591
0.0582464
-0.00939672
0.0648247
-0.00801073
0.0716899
-0.00628387
0.0777552
-0.00460692
0.0835619
-0.00261881
0.0869653
-0.000889169
0.0878033
0.0876904
-0.00979868
0.0478381
0.00972824
-0.00951224
0.0525248
-0.00884491
0.057579
-0.00782601
0.0638058
-0.00665708
0.070521
-0.00515592
0.076254
-0.00379582
0.0822018
-0.00208476
0.0852542
-0.00067289
0.0863914
0.0870175
-0.0082123
0.0477327
0.00831773
-0.00781418
0.0521267
-0.00722606
0.0569909
-0.00634312
0.0629229
-0.00538226
0.0695601
-0.0040921
0.0749639
-0.00304265
0.0811523
-0.00159272
0.0838043
-0.00049647
0.0852952
0.086521
-0.00676524
0.0474516
0.00704629
-0.00623352
0.051595
-0.00570599
0.0564634
-0.00494628
0.0621632
-0.00417975
0.0687936
-0.00308142
0.0738655
-0.00233711
0.080408
-0.00113441
0.0826016
-0.00035802
0.0845188
0.086163
-0.00549671
0.0470354
0.00591299
-0.00481139
0.0509097
-0.00430707
0.0559591
-0.00366047
0.0615166
-0.0030496
0.0681827
-0.00214118
0.0729571
-0.00165885
0.0799257
-0.000717577
0.0816603
-0.000249862
0.0840511
0.0859131
-0.0637401
0.0379643
0.0728111
-0.0566287
0.0437983
-0.0504066
0.0497371
-0.0443113
0.0554213
-0.0373672
0.0612386
-0.0304999
0.0660898
-0.0223535
0.0717793
-0.0149055
0.0742123
-0.00730249
0.076448
0.0786106
-0.0581665
0.0322905
0.0638402
-0.0522894
0.0379212
-0.0463892
0.0438368
-0.0402921
0.0493242
-0.0337922
0.0547386
-0.0273208
0.0596184
-0.0200091
0.0644676
-0.013713
0.0679163
-0.00718543
0.0699204
0.0714252
-0.0516698
0.0273104
0.0566499
-0.0465151
0.0327665
-0.0410471
0.0383688
-0.0353543
0.0436315
-0.0294127
0.048797
-0.0235263
0.053732
-0.0171042
0.0580454
-0.0116335
0.0624456
-0.00594496
0.0642319
0.0654802
-0.0458871
0.0228596
0.0503379
-0.0410559
0.0279353
-0.0357873
0.0331003
-0.0302542
0.0380983
-0.0245721
0.043115
-0.0190298
0.0481896
-0.0133099
0.0523256
-0.00856243
0.0576981
-0.00406777
0.0597373
0.0614125
-0.0404898
0.018934
0.0444155
-0.035943
0.0233884
-0.0308254
0.0279826
-0.0253332
0.0326062
-0.0196706
0.0374523
-0.0142475
0.0427665
-0.00899447
0.0470726
-0.00481685
0.0535204
-0.00187201
0.0567925
0.0595405
-0.0357588
0.0153124
0.0393804
-0.0313362
0.0189658
-0.0261978
0.0228442
-0.0205662
0.0269746
-0.0146735
0.0315597
-0.00900229
0.0370953
-0.00408373
0.0421541
0.000332294
0.0491044
0.000981113
0.0561436
0.0605216
-0.0323843
0.011919
0.0357777
-0.0278797
0.0144612
-0.0224734
0.0174379
-0.0164157
0.020917
-0.00993541
0.0250793
-0.00326644
0.0304263
0.00169083
0.0371968
0.00627366
0.0445216
0.00597175
0.0564456
0.0664933
-0.0344709
0.00834814
0.0380418
-0.0295568
0.00954709
-0.0235663
0.0114474
-0.0166486
0.0139992
-0.00891272
0.0173435
-6.00686e-05
0.0215736
0.00700651
0.0301302
0.0135807
0.0379474
0.0136233
0.0564029
0.0801166
-0.0656732
0.00382404
0.0701973
-0.0601987
0.00407259
-0.053632
0.00488067
-0.0457036
0.0060709
-0.0360976
0.00773747
-0.0250587
0.0105347
-0.0122486
0.0173201
0.00368795
0.0220108
0.0137837
0.0463072
0.0939003
-0.212835
0.216659
-0.208762
-0.203882
-0.197811
-0.190073
-0.179538
-0.162218
-0.140207
-0.0939003
-0.00469617
0.0721145
0.00539285
-0.00333009
0.0624741
-0.00226898
0.0555888
-0.00127146
0.0493404
-0.000509561
0.0436536
-1.93603e-05
0.0388902
8.54547e-05
0.0356729
-0.000512435
0.0386397
-0.00188994
0.0715748
0.214769
-0.00375513
0.0714432
0.00442635
-0.00271708
0.0614361
-0.00187284
0.0547446
-0.0010444
0.0485119
-0.000418882
0.043028
-2.84968e-05
0.0384998
3.09865e-05
0.0356134
-0.000490103
0.0391607
-0.00166402
0.0727488
0.213105
-0.00287669
0.0708789
0.00344106
-0.00214342
0.0607028
-0.00149711
0.0540983
-0.000839259
0.0478541
-0.000337605
0.0425264
-2.68368e-05
0.0381891
1.7894e-06
0.0355848
-0.000436903
0.0395994
-0.00141756
0.0737294
0.211687
-0.00207148
0.0704404
0.00250999
-0.00163687
0.0602682
-0.00116244
0.0536238
-0.000656323
0.0473479
-0.000259211
0.0421293
-9.64504e-06
0.0379395
8.66374e-06
0.0355664
-0.000346258
0.0399544
-0.00115387
0.074537
0.210533
-0.00137617
0.0701317
0.00168481
-0.00120446
0.0600965
-0.000871641
0.053291
-0.000494438
0.0469707
-0.000181398
0.0418162
2.71109e-05
0.037731
4.13264e-05
0.0355522
-0.000227004
0.0402227
-0.000879502
0.0751895
0.209654
-0.000809654
0.0699458
0.000995621
-0.000841072
0.0601279
-0.000619117
0.0530691
-0.000347571
0.0466992
-0.000101272
0.0415699
6.80352e-05
0.0375617
9.74182e-05
0.0355229
-8.65788e-05
0.0404067
-0.00060109
0.075704
0.209053
-0.000371526
0.069865
0.000452297
-0.000537324
0.0602937
-0.000398035
0.0529298
-0.000210008
0.0465112
-1.59947e-05
0.0413759
0.00012488
0.0374208
0.000171919
0.0354758
6.19796e-05
0.0405166
-0.000323666
0.0760897
0.208729
-4.64405e-05
0.0698637
4.76984e-05
-0.000280461
0.0605277
-0.000201404
0.0528507
-7.76107e-05
0.0463874
7.38356e-05
0.0412245
0.000192966
0.0373017
0.000257801
0.035411
0.000214527
0.0405599
-5.29746e-05
0.0763572
0.208676
0.000190891
0.0699216
-0.000248803
-5.65437e-05
0.0607752
-2.34691e-05
0.0528176
5.3424e-05
0.0463105
0.000163256
0.0411146
0.00026738
0.0371976
0.000348301
0.0353301
0.000368699
0.0405395
0.000216247
0.0765096
0.208892
0.000371054
0.0700105
-0.000459873
0.00014622
0.061
0.000140212
0.0528236
0.000173612
0.0462771
0.000253772
0.0410345
0.000342756
0.0371086
0.000436942
0.0352359
0.000516706
0.0404597
0.000471353
0.076555
0.209364
0.000512623
0.0701135
-0.000615702
0.000331219
0.0611814
0.000292718
0.0528621
0.00029164
0.0462781
0.000338879
0.0409872
0.00041248
0.037035
0.00051703
0.0351313
0.00065177
0.040325
0.000711268
0.0764955
0.210075
0.000644788
0.0702267
-0.000757905
0.000515662
0.0613105
0.000440199
0.0529376
0.000404818
0.0463135
0.000417116
0.0409749
0.000473385
0.0369787
0.000585527
0.0350192
0.000771406
0.0401391
0.000935895
0.076331
0.211011
0.000779265
0.0703559
-0.000908517
0.000699609
0.0613902
0.000582859
0.0530543
0.000509453
0.0463869
0.000484123
0.0410003
0.000520634
0.0369422
0.000638074
0.0349017
0.000871868
0.0399053
0.00114214
0.0760607
0.212153
0.000930808
0.070519
-0.0010939
0.000886997
0.061434
0.000723726
0.0532176
0.000605101
0.0465056
0.000537999
0.0410674
0.000551488
0.0369287
0.000672276
0.034781
0.000951399
0.0396262
0.00132843
0.0756837
0.213482
0.00111578
0.0707435
-0.00134033
0.00108335
0.0614664
0.000867018
0.0534339
0.000692665
0.0466799
0.000578087
0.041182
0.000564302
0.0369425
0.000686757
0.0346585
0.00100948
0.0393035
0.00149405
0.0751992
0.214976
0.00135458
0.0710634
-0.00167439
0.00129697
0.061524
0.00101874
0.0537122
0.000775015
0.0469236
0.000605231
0.0413517
0.00055861
0.0369891
0.000680975
0.0345361
0.00104673
0.0389377
0.00163941
0.0746065
0.216615
0.00167268
0.071513
-0.00212233
0.00154005
0.0616567
0.0011869
0.0540653
0.00085721
0.0472533
0.000621921
0.041587
0.0005351
0.0370759
0.000654776
0.0344165
0.00106445
0.038528
0.00176567
0.0739053
0.218381
0.00209507
0.0721255
-0.00270754
0.001827
0.0619247
0.00138032
0.054512
0.000945957
0.0476877
0.000632217
0.0419008
0.000495411
0.0372127
0.000607406
0.0343045
0.00106365
0.0380718
0.00187388
0.073095
0.220255
0.0026421
0.0729236
-0.00344019
0.0021734
0.0623934
0.00160907
0.0550763
0.0010497
0.0482471
0.000642148
0.0423083
0.000442148
0.0374127
0.000536453
0.0342102
0.00104423
0.037564
0.00196882
0.0721705
0.222223
0.00338945
0.0738281
-0.00429403
0.00261059
0.0631723
0.00189639
0.0557905
0.00119069
0.0489528
0.00067008
0.0428289
0.000388553
0.0376942
0.000447846
0.0341509
0.00102054
0.0369913
0.00207064
0.0711203
0.224294
-0.0442376
0.0626023
0.0554635
-0.0351229
0.0540576
-0.0282127
0.0488803
-0.0225537
0.0432938
-0.0177427
0.0380179
-0.013477
0.0334286
-0.00972689
0.0304008
-0.00659989
0.0338643
-0.00428624
0.0688067
0.220008
-0.0465076
0.0535563
0.0555536
-0.0398396
0.0473897
-0.0334791
0.0425198
-0.0276986
0.0375133
-0.0223901
0.0327094
-0.0173797
0.0284182
-0.0125918
0.0256129
-0.00808602
0.0293585
-0.00393361
0.0646543
0.216074
-0.0502484
0.0455482
0.0582565
-0.0442697
0.041411
-0.0381688
0.0364188
-0.032319
0.0316635
-0.0266327
0.0270231
-0.0209564
0.0227419
-0.0151727
0.0198292
-0.00932656
0.0235123
-0.00381915
0.0591469
0.212255
-0.0548363
0.0388613
0.0615232
-0.0488969
0.0354716
-0.0428688
0.0303907
-0.0369254
0.0257201
-0.0309494
0.0210471
-0.0247461
0.0165386
-0.0181206
0.0132037
-0.0110825
0.0164742
-0.00424751
0.0523118
0.208008
-0.0597054
0.0318209
0.0667458
-0.0535603
0.0293264
-0.0475872
0.0244176
-0.0416661
0.0197991
-0.0355777
0.0149587
-0.0290275
0.0099884
-0.0217537
0.00592988
-0.0135461
0.00826667
-0.00514716
0.0439129
0.20286
-0.0635963
0.0263686
0.0690486
-0.0579533
0.0236835
-0.0524245
0.0188888
-0.0469374
0.014312
-0.0412207
0.00924201
-0.0346056
0.00337334
-0.0262774
-0.00239838
-0.0163642
-0.00164651
-0.0067696
0.0343183
0.196091
-0.0686418
0.0191779
0.0758325
-0.0620831
0.0171248
-0.0563319
0.0131376
-0.0510201
0.00900018
-0.0459144
0.00413631
-0.0410571
-0.00148397
-0.0346365
-0.00881899
-0.0261065
-0.0101765
-0.0140082
0.02222
0.182083
-0.0719107
0.0138366
0.077252
-0.0665631
0.0117772
-0.0619551
0.00852964
-0.0579749
0.00501999
-0.0537161
-0.000122564
-0.0490934
-0.00610665
-0.0437525
-0.0141598
-0.0356895
-0.0182395
-0.0209702
0.00750074
0.161112
-0.0755901
0.0070314
0.0823953
-0.0695595
0.00574661
-0.0649602
0.00393029
-0.0618169
0.00187673
-0.0610428
-0.000896685
-0.0612981
-0.00585137
-0.0624777
-0.0129803
-0.0617033
-0.0190139
-0.054607
0.00040448
0.106505
-0.0797211
0.0867525
-0.0739745
-0.0700442
-0.0681675
-0.0690642
-0.0749156
-0.0878958
-0.10691
-0.106505
0.00403708
0.0563052
-0.00487883
0.00306821
0.0565225
0.00234846
0.0589762
0.00171346
0.0621582
0.00134245
0.0671168
0.000668664
0.0697224
0.000688458
0.0758127
0.00026195
0.0776785
0.000388651
0.0822686
0.0871412
0.00500829
0.0571203
-0.00582333
0.00405678
0.057474
0.00330441
0.0597286
0.00259045
0.0628722
0.00210262
0.0676046
0.00134537
0.0704796
0.00119434
0.0759637
0.000628874
0.078244
0.000571539
0.0823259
0.0877127
0.00613163
0.0577086
-0.00671996
0.0052706
0.058335
0.0044878
0.0605114
0.003679
0.063681
0.00303295
0.0682507
0.00215541
0.0713572
0.0017742
0.076345
0.00105843
0.0789597
0.000760301
0.0826241
0.088473
0.00727874
0.0580108
-0.0075809
0.00657674
0.059037
0.00579226
0.0612959
0.00488854
0.0645847
0.00407992
0.0690593
0.00305297
0.0723841
0.00242945
0.0769685
0.00153093
0.0798583
0.000961149
0.0831938
0.0894342
0.00846179
0.0580164
-0.00846746
0.00795437
0.0595444
0.00718376
0.0620665
0.00619088
0.0655776
0.00521471
0.0700354
0.00402354
0.0735753
0.00314412
0.0778479
0.00203804
0.0809643
0.0011698
0.0840621
0.090604
0.00974372
0.0577186
-0.00944586
0.0094289
0.0598592
0.00866752
0.0628279
0.00758135
0.0666638
0.00643021
0.0711866
0.00505808
0.0749474
0.0039112
0.0789948
0.00257289
0.0823026
0.00138675
0.0852482
0.0919907
0.0111624
0.0571209
-0.0105647
0.0110145
0.0600071
0.0102461
0.0635962
0.00905626
0.0678536
0.00772144
0.0725214
0.00615079
0.0765181
0.00472659
0.080419
0.00313228
0.083897
0.00161525
0.0867653
0.093606
0.0127263
0.0562399
-0.0118454
0.0127094
0.060024
0.0119147
0.0643909
0.0106097
0.0691586
0.00908326
0.0740479
0.00729828
0.0783031
0.00558837
0.0821289
0.00371665
0.0857687
0.00185993
0.088622
0.0954659
0.014423
0.0551001
-0.0132832
0.0145026
0.0599444
0.0136656
0.0652279
0.0122359
0.0705883
0.0105121
0.0757717
0.00849932
0.0803158
0.00649702
0.0841312
0.00432909
0.0879366
0.00212599
0.0908251
0.0975919
0.0162266
-0.0148555
0.016377
0.015489
0.0139291
0.0120052
0.00975385
0.00745472
0.00497391
0.00241828
0.000770313
-0.00224919
0.00258475
-0.00742856
0.00516607
-0.012249
0.0083002
-0.0163046
0.0118217
-0.0194283
0.0156108
-0.0216115
0.0195936
-0.0229523
0.0237481
-0.0236122
0.0281403
-0.0238031
-0.0238633
0.00084078
-0.00308997
0.00275681
-0.00934459
0.00542981
-0.0149219
0.00862479
-0.0194996
0.0121696
-0.0229731
0.0159482
-0.02539
0.0198944
-0.0268985
0.0239867
-0.0277045
0.0282352
-0.0280516
-0.0282256
0.000901707
-0.00399168
0.00289153
-0.0113344
0.0056103
-0.0176407
0.00880304
-0.0226923
0.0122916
-0.0264617
0.0159616
-0.0290601
0.01975
-0.0306869
0.0236287
-0.0315831
0.0275793
-0.0320021
-0.0321895
0.000948345
-0.00494002
0.00297576
-0.0133618
0.00568487
-0.0203498
0.00880406
-0.0258115
0.0121527
-0.0298103
0.0156216
-0.032529
0.0191548
-0.0342201
0.0227286
-0.0351568
0.0263277
-0.0356013
-0.0357813
0.000976131
-0.00591615
0.00299785
-0.0153836
0.00563523
-0.0229872
0.00860596
-0.0287822
0.0117328
-0.0329371
0.0149177
-0.0357139
0.0181176
-0.0374201
0.0213222
-0.0383614
0.0245316
-0.0388107
-0.0389901
0.000980964
-0.00689712
0.00294845
-0.017351
0.00544858
-0.0254873
0.00819631
-0.03153
0.011025
-0.0357658
0.0138534
-0.0385423
0.0166566
-0.0402233
0.0194409
-0.0411457
0.0222238
-0.0415936
-0.0417864
0.000959453
-0.00785657
0.00282113
-0.0192127
0.00511833
-0.0277845
0.00757251
-0.0339842
0.0100348
-0.038228
0.0124455
-0.040953
0.0147999
-0.0425778
0.0171214
-0.0434672
0.0194413
-0.0439135
-0.0441318
0.000909178
-0.00876575
0.00261287
-0.0209164
0.00464457
-0.0298162
0.00674175
-0.0360813
0.00877949
-0.0402658
0.0107226
-0.042896
0.0125866
-0.0444418
0.0144095
-0.0452901
0.0162316
-0.0457356
-0.0459858
0.000828905
-0.00959465
0.00232439
-0.0224119
0.00403409
-0.0315259
0.00572045
-0.0377677
0.00728707
-0.0418324
0.00872407
-0.044333
0.0100656
-0.0457834
0.0113603
-0.0465848
0.012653
-0.0470283
-0.0473091
0.000718517
-0.0103132
0.00196003
-0.0236534
0.0032999
-0.0328658
0.00453314
-0.0390009
0.0055945
-0.0428938
0.00649838
-0.0452369
0.00729432
-0.0465793
0.00803774
-0.0473282
0.00877379
-0.0477644
-0.0480667
0.000636045
-0.0109492
0.0016138
-0.0246311
0.00255735
-0.0338093
0.00330705
-0.0397506
0.00383373
-0.0434204
0.00417637
-0.0455796
0.00439793
-0.0468009
0.00455806
-0.0474883
0.00469992
-0.0479062
-0.0482141
0.000493038
-0.0114423
0.0011558
-0.0252939
0.00166864
-0.0343222
0.00191725
-0.0399993
0.00190456
-0.0434078
0.00168845
-0.0453635
0.00133982
-0.0464523
0.0009187
-0.0470672
0.000464429
-0.0474519
-0.0477443
0.000333046
-0.0117753
0.000659177
-0.02562
0.000727032
-0.03439
0.0004701
-0.0397423
-7.91242e-05
-0.0428585
-0.000848257
-0.0445943
-0.00176247
-0.0455381
-0.00276367
-0.046066
-0.00381649
-0.0463991
-0.0466543
0.000160676
-0.011936
0.000138335
-0.0255977
-0.00024098
-0.0340107
-0.000995135
-0.0389882
-0.00206561
-0.0417881
-0.0033703
-0.0432896
-0.00483412
-0.0440742
-0.00640243
-0.0444977
-0.00804256
-0.044759
-0.0449563
-1.93756e-05
-0.0119166
-0.00039183
-0.0252253
-0.00120841
-0.0331942
-0.00243926
-0.0377573
-0.0040039
-0.0402234
-0.00581474
-0.0414788
-0.00779957
-0.0420894
-0.00990827
-0.042389
-0.0121093
-0.042558
-0.042681
-0.000200472
-0.0117161
-0.000915747
-0.02451
-0.00214903
-0.0319609
-0.00382532
-0.036081
-0.00584611
-0.0382026
-0.00812187
-0.039203
-0.0105857
-0.0396256
-0.0131933
-0.0397815
-0.0159131
-0.0398381
-0.0398761
-0.00037799
-0.0113381
-0.00141898
-0.023469
-0.00303881
-0.0303411
-0.00512015
-0.0339997
-0.0075497
-0.0357731
-0.0102383
-0.0365144
-0.013126
-0.0367378
-0.0161764
-0.0367311
-0.01936
-0.0366544
-0.0366009
-0.000546386
-0.0107918
-0.0018883
-0.0221271
-0.00385674
-0.0283726
-0.00629565
-0.0315608
-0.00907945
-0.0329893
-0.0121202
-0.0334737
-0.0153649
-0.0334931
-0.0187877
-0.0333083
-0.0223679
-0.0330742
-0.0329167
-0.000700843
-0.0100909
-0.00231219
-0.0205157
-0.00458534
-0.0260995
-0.00732963
-0.0288165
-0.0104091
-0.0299098
-0.0137365
-0.0301463
-0.0172636
-0.029966
-0.0209736
-0.0295983
-0.0248623
-0.0291855
-0.0288598
-0.000837204
-0.00925371
-0.00268112
-0.0186718
-0.00521076
-0.0235698
-0.00820557
-0.0258217
-0.0115216
-0.0265937
-0.0150723
-0.0265957
-0.0188111
-0.0262271
-0.0227263
-0.0256832
-0.0268563
-0.0250555
-0.024503
-0.000950849
-0.00830286
-0.00299071
-0.016632
-0.00573137
-0.0208292
-0.00892578
-0.0226273
-0.0124242
-0.0230953
-0.0161435
-0.0228764
-0.0200429
-0.0223277
-0.0241034
-0.0216227
-0.0283323
-0.0208266
-0.0198999
-0.00105118
-0.00725168
-0.00324276
-0.0144404
-0.00613507
-0.0179368
-0.00946226
-0.0193001
-0.0130712
-0.0194864
-0.0168814
-0.0190662
-0.0208538
-0.0183553
-0.0249686
-0.0175079
-0.0292195
-0.0165757
-0.0155369
-0.00112346
-0.00612822
-0.00342054
-0.0121433
-0.00641011
-0.0149473
-0.00981059
-0.0158996
-0.0134645
-0.0158325
-0.0172903
-0.0152405
-0.021247
-0.0143986
-0.0253106
-0.0134443
-0.0294584
-0.0124279
-0.0113525
-0.00116777
-0.00496044
-0.00352447
-0.00978661
-0.00655838
-0.0119134
-0.00997554
-0.0124825
-0.0136138
-0.0121942
-0.0173889
-0.0114653
-0.0212579
-0.0105296
-0.0251945
-0.00950768
-0.0291742
-0.00844817
-0.00736344
-0.00118506
-0.00377538
-0.00355739
-0.00741428
-0.00658605
-0.00888471
-0.00996861
-0.00909991
-0.0135388
-0.00862404
-0.01721
-0.00779413
-0.0209379
-0.00680167
-0.0246974
-0.00574823
-0.0284681
-0.00467749
-0.00360212
-0.00117705
-0.00259833
-0.00352422
-0.00506711
-0.00650271
-0.00590622
-0.00980572
-0.0057969
-0.0132641
-0.00516563
-0.0167894
-0.00426885
-0.020337
-0.00325409
-0.0238837
-0.0022015
-0.0274146
-0.00114659
-9.87453e-05
-0.00114614
-0.00145219
-0.00343153
-0.00278173
-0.00632031
-0.00301743
-0.00950556
-0.00261166
-0.0128167
-0.00185452
-0.0161637
-0.000921849
-0.0195019
8.41399e-05
-0.0228102
0.00110683
-0.0260779
0.00212109
0.00312228
-0.00109522
-0.000356966
-0.00328704
-0.000589914
-0.00605249
-0.000251978
-0.00908846
0.000424309
-0.0122243
0.00128131
-0.015369
0.00222283
-0.0184776
0.00319272
-0.0215302
0.00415952
-0.0245191
0.00510999
0.00604478
-0.00102745
0.000670486
-0.00309922
0.00148185
-0.0057138
0.00236261
-0.00857556
0.00328607
-0.0115152
0.00422096
-0.014441
0.00514858
-0.0173073
0.00605906
-0.020095
0.00694717
-0.0227977
0.00781274
0.00866198
-0.000946071
0.00161656
-0.00287686
0.00341265
-0.00531918
0.00480492
-0.00798813
0.00595502
-0.0107172
0.00695001
-0.0134142
0.00784559
-0.0160328
0.00867765
-0.0185535
0.00946789
-0.0209709
0.0102301
0.0109764
-0.000863721
0.00248028
-0.00264185
0.00519078
-0.00489772
0.00706079
-0.00736122
0.00841852
-0.00987046
0.00945925
-0.0123337
0.0103088
-0.0147037
0.0110476
-0.0169603
0.0117246
-0.0190983
0.012368
0.0129963
-0.000773203
0.00325348
-0.00238837
0.00680595
-0.00444765
0.00912006
-0.006698
0.0106689
-0.00898369
0.0117449
-0.0112141
0.0125392
-0.0133415
0.013175
-0.0153449
0.013728
-0.0172186
0.0142418
0.014741
-0.000680663
0.00393414
-0.00212816
0.00825344
-0.00398615
0.0109781
-0.00602084
0.0127036
-0.00808399
0.0138081
-0.010087
0.0145423
-0.011982
0.01507
-0.0137474
0.0154933
-0.0153768
0.0158712
0.0162348
-0.000588794
0.00452294
-0.00186828
0.00953293
-0.00352507
0.0126348
-0.005346
0.0145245
-0.00719161
0.0156537
-0.00897625
0.0163269
-0.0106524
0.0167461
-0.012198
0.0170389
-0.0136064
0.0172796
0.017506
-0.000499952
0.00502289
-0.00161504
0.010648
-0.00307494
0.0140947
-0.00468803
0.0161376
-0.00632455
0.0172902
-0.00790258
0.017905
-0.00937557
0.0182191
-0.0107215
0.0183848
-0.0119336
0.0184917
0.0185841
-0.00041611
0.005439
-0.00137383
0.0116057
-0.00264491
0.0153658
-0.00405962
0.0175523
-0.00549863
0.0187292
-0.00688432
0.0192907
-0.00817153
0.0195063
-0.0093384
0.0195517
-0.0103784
0.0195317
0.0194979
-0.000338835
0.00577784
-0.00114899
0.0124159
-0.00224249
0.0164593
-0.00347144
0.0187813
-0.00472738
0.0199852
-0.00593738
0.0205007
-0.00705756
0.0206265
-0.00806565
0.0205598
-0.00895495
0.020421
0.0202712
-0.000269259
0.0060471
-0.000943734
0.0130904
-0.00187332
0.0173889
-0.00293165
0.0198396
-0.00402149
0.021075
-0.00507476
0.0215539
-0.00604831
0.0216
-0.00691737
0.0214289
-0.00767188
0.0211755
0.020917
-0.000208072
0.00625517
-0.000760023
0.0136423
-0.00154087
0.0181698
-0.00244525
0.020744
-0.00338755
0.0220173
-0.00430498
0.0224714
-0.0051547
0.0224498
-0.00590593
0.0221801
-0.00653603
0.0218056
0.0214273
-0.000155514
0.00641069
-0.00059854
0.0140854
-0.00124615
0.0188174
-0.00201328
0.0215111
-0.00282637
0.0228304
-0.00362926
0.0232742
-0.00438141
0.0232019
-0.00504731
0.022846
-0.00557665
0.022335
0.0217637
-0.000113526
0.00652421
-0.000459197
0.014431
-0.000984484
0.0193427
-0.00162447
0.0221511
-0.00231808
0.023524
-0.00301729
0.0239735
-0.00368924
0.0238739
-0.00431637
0.0234731
-0.00489619
0.0229148
0.0222603
-6.93093e-05
0.00659352
-0.000327118
0.0146888
-0.000745293
0.0197608
-0.00127448
0.0226803
-0.00186213
0.0241117
-0.00246328
0.0245746
-0.00304419
0.0244548
-0.00358129
0.0240102
-0.00405302
0.0233865
0.0226336
-3.23925e-05
0.00662592
-0.000213154
0.0148696
-0.000535247
0.0200829
-0.000962544
0.0231076
-0.00144857
0.0245977
-0.00194832
0.0250744
-0.00242372
0.0249302
-0.00284474
0.0244312
-0.00318819
0.02373
0.0228865
-2.39891e-06
0.00662832
-0.000114817
0.014982
-0.000350503
0.0203186
-0.000683994
0.0234411
-0.00107365
0.0249873
-0.00147409
0.0254748
-0.00184395
0.0253
-0.00215047
0.0247378
-0.00237308
0.0239526
0.0230234
2.45823e-05
0.00660373
-2.94022e-05
0.015036
-0.000187526
0.0204767
-0.000435053
0.0236886
-0.000735268
0.0252876
-0.00104347
0.025783
-0.00131711
0.0255737
-0.00152328
0.0249439
-0.00164464
0.0240739
0.0230636
4.66516e-05
0.00655708
4.51052e-05
0.0150376
-4.29977e-05
0.0205648
-0.000212331
0.0238579
-0.000431393
0.0255066
-0.000657839
0.0260095
-0.000850105
0.0257659
-0.000976773
0.0250706
-0.00102335
0.0241205
0.0230358
6.58875e-05
0.00649119
0.000111002
0.0149924
8.60754e-05
0.0205898
-1.23908e-05
0.0239564
-0.000159401
0.0256536
-0.000316342
0.0261664
-0.000444603
0.0258942
-0.000515302
0.0251413
-0.000516013
0.0241212
0.0229721
8.34044e-05
0.00640779
0.00017044
0.0149054
0.000202581
0.0205576
0.000167855
0.0239911
8.42878e-05
0.0257372
-1.54826e-05
0.0262662
-9.68483e-05
0.0259756
-0.000133958
0.0251784
-0.000115872
0.0241032
0.022904
0.000100182
0.00630761
0.000225423
0.0147802
0.000309605
0.0204734
0.000332435
0.0239683
0.000304038
0.0257656
0.00025063
0.0263196
0.000201572
0.0260246
0.000179703
0.0252003
0.000195857
0.024087
0.022851
0.000117303
0.0061903
0.000278033
0.0146194
0.00041021
0.0203413
0.000485538
0.023893
0.000505844
0.0257453
0.000490044
0.0263354
0.000462111
0.0260526
0.000442016
0.0252204
0.000440756
0.0240883
0.0228319
0.000101372
0.00608893
0.000277226
0.0144436
0.000447795
0.0201707
0.000573163
0.0237676
0.00064372
0.0256747
0.000668556
0.0263105
0.000664554
0.0260566
0.000648045
0.0252369
0.000630088
0.0241062
0.0228463
0.000110992
0.00597794
0.000314845
0.0142397
0.000527245
0.0199583
0.000700065
0.0235948
0.000814488
0.0255603
0.000871343
0.0262537
0.000881576
0.0260463
0.000858763
0.0252597
0.00081464
0.0241503
0.022903
0.000120345
0.00585759
0.00035158
0.0140085
0.000605238
0.0197046
0.000825458
0.0233746
0.000984372
0.0254014
0.00107451
0.0261635
0.00110075
0.0260201
0.00107373
0.0252867
0.00100563
0.0242184
0.0230001
0.000129543
0.00572805
0.00038797
0.0137501
0.000683296
0.0194093
0.000952515
0.0231053
0.00115904
0.0251949
0.0012871
0.0260355
0.00133523
0.025972
0.0013106
0.0253113
0.00122519
0.0243039
0.0231314
0.000138578
0.00558947
0.000424287
0.0134644
0.000762439
0.0190712
0.00108369
0.0227841
0.00134325
0.0249353
0.00151715
0.0258616
0.00159714
0.025892
0.00158613
0.0253223
0.00149487
0.0243951
0.023286
0.000147371
0.0054421
0.000460501
0.0131512
0.000843047
0.0186886
0.00122035
0.0224068
0.00154023
0.0246154
0.00177078
0.025631
0.00189664
0.0257661
0.00191544
0.0253035
0.00183534
0.0244752
0.0234469
0.000155739
0.00528636
0.000496253
0.0128107
0.000924747
0.0182601
0.00136251
0.021969
0.00175104
0.0242269
0.00205119
0.0253309
0.00224048
0.0255768
0.00231049
0.0252335
0.00226518
0.0245205
0.0235898
0.000163389
0.00512297
0.000530852
0.0124433
0.00100638
0.0177846
0.00150856
0.0214668
0.00197398
0.0237615
0.00235746
0.0249474
0.0026302
0.0253041
0.00277792
0.0250858
0.00279901
0.0244994
0.0236812
0.000169955
0.00495302
0.000563383
0.0120498
0.00108616
0.0172618
0.0016554
0.0208976
0.00220425
0.0232126
0.00268324
0.0244684
0.00305919
0.0249281
0.00331424
0.0248307
0.0034415
0.0243722
0.0236825
0.000175078
0.00477794
0.000592925
0.011632
0.00116208
0.0166927
0.001799
0.0202607
0.00243426
0.0225774
0.00301532
0.0238874
0.00350574
0.0244377
0.00388667
0.0244498
0.00416243
0.0240964
0.0235509
0.000177185
0.00460075
0.000619477
0.0111897
0.00123718
0.016075
0.00194529
0.0195526
0.002671
0.0218517
0.00335725
0.0232011
0.00396133
0.0238336
0.00444656
0.0239646
0.0047654
0.0237776
0.0234375
0.000184994
0.00441576
0.000651613
0.0107231
0.00131372
0.0154128
0.00208637
0.0187799
0.00289436
0.0210437
0.00367738
0.0224181
0.00439008
0.0231209
0.00499757
0.0233571
0.00547383
0.0233013
0.023088
0.000190585
0.00422517
0.000679916
0.0102337
0.00138544
0.0147073
0.00222208
0.0179433
0.0031121
0.0201537
0.00399205
0.0215381
0.00481519
0.0222978
0.00555022
0.0226221
0.00618184
0.0226697
0.0225499
0.000194736
0.00403043
0.000706255
0.00972222
0.00145584
0.0139577
0.00235828
0.0170408
0.00333314
0.0191788
0.00431343
0.0205579
0.00525005
0.0213612
0.00611228
0.0217598
0.00688742
0.0218946
0.0218564
0.000198321
0.00383211
0.000732898
0.00918764
0.00152928
0.0131613
0.00250245
0.0160677
0.00356933
0.0181119
0.00465901
0.0194682
0.00571856
0.0203016
0.00671461
0.0207638
0.00763168
0.0209775
0.0210206
0.000202256
0.00362986
0.000762236
0.00862766
0.00161026
0.0123133
0.00266208
0.0150159
0.0038324
0.0169416
0.00504615
0.0182544
0.00624537
0.0191024
0.00739128
0.0196179
0.00846198
0.0199068
0.0200367
0.000207438
0.00342242
0.000796534
0.00803856
0.00170276
0.0114071
0.00284327
0.0138754
0.00413112
0.0156537
0.00548718
0.0168984
0.00684759
0.017742
0.00816627
0.0182992
0.0094126
0.0186605
0.0188846
0.000214723
0.00320769
0.000837798
0.00741549
0.00180991
0.010435
0.00305003
0.0126352
0.00447014
0.0142336
0.00598727
0.0153812
0.00753134
0.0161979
0.00904802
0.0167825
0.0104969
0.0172117
0.0175361
0.000224738
0.00298296
0.000887532
0.00675269
0.00193377
0.00938874
0.00328428
0.0112847
0.00485019
0.0126677
0.00654507
0.0136863
0.00829274
0.0144502
0.0100306
0.0150447
0.0117084
0.0155339
0.0159613
0.000238444
0.000947568
0.00207636
0.00354702
0.00526988
0.00715533
0.00912173
0.011099
0.0130278
)
;

boundaryField
{
    inlet
    {
        type            calculated;
        value           uniform 0;
    }
    outlet
    {
        type            calculated;
        value           nonuniform List<scalar> 
40
(
0.123607
0.169802
0.214209
0.258516
0.303799
0.351
0.398363
0.446842
0.486269
0.524703
0.025197
0.0216485
0.0180411
0.0144122
0.0107917
0.00722107
0.00379223
0.000749129
-0.00149464
-0.00324609
-0.00505215
-0.00699669
-0.00903184
-0.0111407
-0.013328
-0.0155637
-0.0178199
-0.020079
-0.0223329
-0.0246295
-0.111531
-0.151179
-0.19077
-0.233096
-0.278831
-0.328084
-0.381817
-0.446134
-0.523555
-0.583248
)
;
    }
    cylinder
    {
        type            calculated;
        value           uniform 0;
    }
    top
    {
        type            symmetryPlane;
        value           uniform 0;
    }
    bottom
    {
        type            symmetryPlane;
        value           uniform 0;
    }
    defaultFaces
    {
        type            empty;
        value           nonuniform 0();
    }
}


// ************************************************************************* //
