/*--------------------------------*- C++ -*----------------------------------*\
  =========                 |
  \\      /  F ield         | OpenFOAM: The Open Source CFD Toolbox
   \\    /   O peration     | Website:  https://openfoam.org
    \\  /    A nd           | Version:  7
     \\/     M anipulation  |
\*---------------------------------------------------------------------------*/
FoamFile
{
    version     2.0;
    format      ascii;
    class       volVectorField;
    location    "90.7";
    object      U;
}
// * * * * * * * * * * * * * * * * * * * * * * * * * * * * * * * * * * * * * //

dimensions      [0 1 -1 0 0 0 0];

internalField   nonuniform List<vector> 
2000
(
(-0.000103986 -0.0048542 -1.96302e-22)
(1.51227e-05 -0.0115126 0)
(0.00047705 -0.0153701 0)
(0.00123159 -0.0168549 -1.00543e-21)
(0.00223063 -0.0162407 3.26913e-22)
(0.00345078 -0.0137082 1.30858e-23)
(0.00489035 -0.00938538 -5.62817e-22)
(0.00655412 -0.00338291 0)
(0.00844397 0.00417883 0)
(0.010452 0.0131545 0)
(0.000363249 -0.00470786 0)
(0.00132995 -0.0115318 -7.67031e-22)
(0.00254137 -0.0156033 7.07356e-22)
(0.00381972 -0.0173259 1.34315e-21)
(0.00512639 -0.0169803 0)
(0.00644849 -0.0147644 1.22861e-21)
(0.00779882 -0.0108158 -1.14253e-21)
(0.00920288 -0.00523712 0)
(0.0106983 0.00188396 2.10277e-21)
(0.0121882 0.0104505 -4.04925e-21)
(0.000870399 -0.00464315 0)
(0.00282971 -0.0116482 6.12598e-21)
(0.00496212 -0.0158871 0)
(0.00692698 -0.0177863 5.47631e-21)
(0.00869535 -0.0176447 0)
(0.0102656 -0.015686 -4.94119e-21)
(0.011665 -0.0120653 0)
(0.0129387 -0.00688448 4.48925e-21)
(0.0141601 -0.000203911 -4.20446e-21)
(0.0152408 0.00791934 -4.12669e-21)
(0.0014483 -0.00468121 -1.59259e-21)
(0.00455451 -0.0118847 -3.05924e-21)
(0.00776338 -0.0162329 -1.43259e-21)
(0.0105562 -0.0182326 -2.6897e-21)
(0.0129187 -0.0182131 -2.57391e-21)
(0.0148659 -0.0164318 2.43096e-21)
(0.016443 -0.013068 2.33413e-21)
(0.0177149 -0.00823058 -2.50559e-23)
(0.0187897 -0.00195906 4.24371e-21)
(0.0195877 0.00571757 4.12477e-21)
(0.00213135 -0.00483394 -1.56464e-21)
(0.0065436 -0.0122485 -3.12118e-21)
(0.0109582 -0.0166386 -5.92735e-21)
(0.0146856 -0.0186549 2.72671e-21)
(0.0177375 -0.0186692 0)
(0.0201555 -0.0169781 0)
(0.0220102 -0.01379 -4.79481e-21)
(0.0233892 -0.00922589 -4.55097e-21)
(0.0244332 -0.00331021 4.29794e-21)
(0.0250739 0.00394403 1.24134e-20)
(0.00295445 -0.00509984 1.5916e-21)
(0.00882909 -0.0127257 1.62206e-21)
(0.0145414 -0.0170856 -8.79476e-21)
(0.0192622 -0.0190361 1.39668e-20)
(0.023047 -0.0190019 -2.60358e-21)
(0.025978 -0.0173224 0)
(0.0281621 -0.0142365 0)
(0.0297162 -0.00987994 2.26597e-20)
(0.0308115 -0.00426383 -2.14519e-20)
(0.0313933 0.00260706 4.07658e-21)
(0.00394839 -0.00546189 1.24085e-20)
(0.011429 -0.0132805 0)
(0.0184832 -0.0175384 1.17526e-20)
(0.0241987 -0.0193511 -1.11485e-20)
(0.0286971 -0.0192046 0)
(0.0321191 -0.0174819 5.06879e-21)
(0.034621 -0.014452 -1.42152e-20)
(0.0363594 -0.0102646 -1.81016e-20)
(0.0375357 -0.00491516 8.49558e-21)
(0.0381065 0.0016049 8.25233e-21)
(0.00513499 -0.00588799 -2.48208e-20)
(0.0143402 -0.0138566 -3.16401e-21)
(0.0227245 -0.0179468 -5.96258e-21)
(0.0293722 -0.0195689 -1.40154e-20)
(0.034498 -0.0192745 -5.36293e-21)
(0.0383198 -0.0174894 -5.06353e-21)
(0.0410582 -0.0145105 4.07511e-23)
(0.0429219 -0.0105014 0)
(0.0441489 -0.00543759 0)
(0.0447013 0.000729205 3.96135e-23)
(0.00652266 -0.00633332 1.24126e-20)
(0.0175328 -0.0143824 -1.26221e-20)
(0.0271743 -0.0182509 8.86434e-21)
(0.0346282 -0.0196561 1.97292e-20)
(0.0402317 -0.0192138 -5.26307e-21)
(0.0442991 -0.017387 5.06001e-21)
(0.047128 -0.0144983 4.77205e-21)
(0.0489897 -0.0107283 0)
(0.0501762 -0.00603566 0)
(0.0506663 -0.000301201 -1.93781e-22)
(0.00810337 -0.00674489 -1.56385e-21)
(0.0209458 -0.0147779 1.58378e-20)
(0.0317099 -0.0183894 -2.96341e-21)
(0.0397873 -0.0195836 0)
(0.0456693 -0.019032 0)
(0.0497846 -0.0172227 1.00178e-20)
(0.0525149 -0.0144959 0)
(0.0541967 -0.0110545 -8.79869e-21)
(0.0551852 -0.00686999 1.19426e-23)
(0.0555232 -0.00177615 7.88085e-21)
(0.0144702 0.0359321 1.54148e-22)
(0.0254371 0.0883607 -1.55874e-22)
(0.0339473 0.14439 -1.74459e-22)
(0.0358991 0.196585 -1.96337e-22)
(0.0323214 0.247728 -2.39096e-22)
(0.0286913 0.301688 -8.78927e-24)
(0.0180282 0.363792 1.25072e-22)
(0.0152224 0.450181 4.49154e-22)
(-0.00312597 0.582455 0)
(0.00442185 0.74043 -3.27755e-22)
(0.0144828 0.0324578 5.97498e-22)
(0.0230243 0.0838759 -6.68748e-22)
(0.0315613 0.141634 1.19273e-21)
(0.0339441 0.195695 1.96658e-22)
(0.0307957 0.248083 4.24171e-22)
(0.0274811 0.302858 7.2881e-22)
(0.0172967 0.36549 -2.70997e-22)
(0.0145788 0.452212 -3.01545e-22)
(-0.00298958 0.583839 5.81549e-22)
(0.00402384 0.740213 3.26981e-22)
(0.015915 0.028976 0)
(0.021342 0.0786894 -6.52765e-22)
(0.0295413 0.137806 -3.45113e-22)
(0.032249 0.193802 0)
(0.029476 0.247561 -1.30673e-21)
(0.0264558 0.303237 4.09029e-22)
(0.0166949 0.366417 4.56668e-22)
(0.0140222 0.453416 1.62732e-21)
(-0.00282498 0.584744 -5.79665e-22)
(0.00367086 0.739822 1.18123e-21)
(0.0188322 0.0256799 0)
(0.0205338 0.0730291 6.58232e-22)
(0.0279102 0.13296 0)
(0.0308044 0.190897 1.53195e-21)
(0.0283481 0.246153 -1.53991e-21)
(0.0255992 0.302827 -9.27804e-22)
(0.0162083 0.366563 -5.32953e-23)
(0.0135612 0.453783 -1.59646e-21)
(-0.00263509 0.584981 -2.59901e-22)
(0.00334243 0.739087 -1.45202e-21)
(0.023153 0.022723 3.55609e-23)
(0.0207496 0.0671641 -1.88531e-21)
(0.026706 0.127194 5.10507e-23)
(0.0296036 0.186988 -1.38776e-21)
(0.0273972 0.243859 0)
(0.024894 0.301647 -8.88213e-22)
(0.0158214 0.365992 -7.38613e-23)
(0.0131809 0.453496 2.0036e-21)
(-0.00243974 0.584866 2.63331e-22)
(0.00303981 0.738299 -2.64298e-22)
(0.0286031 0.020185 -5.09506e-21)
(0.0220894 0.0613704 3.22866e-21)
(0.0259833 0.120664 1.36458e-21)
(0.0286436 0.182108 -1.36392e-21)
(0.0266102 0.240679 -7.3383e-22)
(0.0243289 0.29968 0)
(0.0155333 0.364637 -1.77737e-21)
(0.0128911 0.452315 8.93662e-22)
(-0.00223152 0.583852 9.66927e-22)
(0.00274189 0.737058 1.01045e-21)
(0.0347055 0.0180624 -6.12396e-22)
(0.024523 0.0558999 0)
(0.0258011 0.113587 0)
(0.0279263 0.176316 0)
(0.0259708 0.236651 -7.80509e-22)
(0.0238835 0.29705 1.51203e-21)
(0.0153195 0.362786 1.73399e-21)
(0.0126478 0.45087 -2.70559e-21)
(-0.00204642 0.582979 4.7586e-22)
(0.00247156 0.736049 -1.47205e-21)
(0.0408117 0.0162511 3.83313e-21)
(0.0278069 0.0508477 2.64054e-21)
(0.0261821 0.106183 -2.61639e-21)
(0.0274554 0.169726 2.75502e-21)
(0.0254762 0.231707 -3.41891e-21)
(0.0235595 0.293465 0)
(0.0152052 0.359838 -7.82348e-22)
(0.0125118 0.447979 3.82921e-23)
(-0.0018345 0.58049 -8.57463e-22)
(0.00218602 0.734255 -9.11572e-22)
(0.0461241 0.0143722 -3.25124e-21)
(0.031441 0.0458297 0)
(0.0270729 0.0982644 -2.94472e-21)
(0.0272059 0.162362 5.28352e-21)
(0.0250869 0.226337 -1.96351e-21)
(0.023312 0.289973 -3.57463e-22)
(0.0151112 0.357464 7.80648e-22)
(0.0123348 0.446308 1.04672e-23)
(-0.00170969 0.579628 1.24098e-21)
(0.0019422 0.733301 1.32281e-21)
(0.0496713 0.0123002 -2.64494e-21)
(0.0347216 0.0408551 2.58725e-21)
(0.0283571 0.0895889 3.28682e-22)
(0.0272792 0.152858 0)
(0.0248262 0.217958 0)
(0.0232027 0.28317 3.52681e-22)
(0.0152148 0.351441 1.48435e-21)
(0.0124266 0.440327 -1.44197e-21)
(-0.00145762 0.574713 -3.88125e-22)
(0.00165037 0.73073 3.75255e-22)
(0.0514255 0.0133258 0)
(0.0390988 0.0392331 0)
(0.0306879 0.0836915 0)
(0.0281176 0.147285 0)
(0.024981 0.215339 0)
(0.0225606 0.283354 0)
(0.0146622 0.35339 0)
(0.0114905 0.443595 0)
(-0.00162721 0.577103 0)
(0.00113853 0.729827 0)
(0.0529361 0.0272402 0)
(0.0426152 0.0565591 0)
(0.0322883 0.0960686 0)
(0.0275789 0.153519 0)
(0.0241804 0.219655 0)
(0.0214549 0.288137 0)
(0.0140549 0.359746 0)
(0.0104966 0.451233 0)
(-0.00144804 0.582992 0)
(0.000710533 0.729584 0)
(0.0500617 0.0308413 0)
(0.0435643 0.0646711 0)
(0.033948 0.104532 0)
(0.0276128 0.15963 0)
(0.0233993 0.224765 0)
(0.020257 0.293274 0)
(0.013332 0.365557 0)
(0.00955697 0.457293 0)
(-0.00132634 0.587308 0)
(0.000381285 0.728947 0)
(0.0452979 0.0328652 0)
(0.0418269 0.0707245 0)
(0.0342213 0.111501 0)
(0.0276477 0.165095 0)
(0.0228615 0.229715 0)
(0.0192867 0.298986 0)
(0.0127252 0.372772 0)
(0.00883025 0.465411 0)
(-0.000996563 0.593429 0)
(0.000221281 0.728978 0)
(0.0400379 0.0332022 0)
(0.0386546 0.0751268 0)
(0.0330948 0.117658 0)
(0.0271475 0.170247 0)
(0.0222949 0.233853 0)
(0.0184852 0.303092 0)
(0.0121996 0.377456 0)
(0.00816076 0.470259 0)
(-0.000899098 0.596773 0)
(2.09247e-05 0.728288 0)
(0.0344998 0.032066 0)
(0.0347809 0.0777375 0)
(0.0309641 0.122654 0)
(0.0259334 0.17533 0)
(0.0214328 0.238668 0)
(0.0177003 0.308564 0)
(0.011815 0.384383 0)
(0.00773053 0.478117 0)
(-0.000539327 0.602588 0)
(-3.85119e-05 0.72824 0)
(0.0289046 0.0296444 0)
(0.0307249 0.0788223 0)
(0.0285906 0.126464 0)
(0.0245534 0.179533 0)
(0.0204572 0.242208 0)
(0.0168654 0.311747 0)
(0.0113415 0.387729 0)
(0.00725754 0.481393 0)
(-0.000496309 0.604728 0)
(-0.000171357 0.727527 0)
(0.0232483 0.025789 0)
(0.0264389 0.0779797 0)
(0.0257039 0.128583 0)
(0.0228143 0.183395 0)
(0.0194043 0.24696 0)
(0.0161139 0.317579 0)
(0.0110328 0.395081 0)
(0.00698654 0.489616 0)
(-8.35471e-05 0.610669 0)
(-0.00014841 0.727539 0)
(0.0184227 0.0223212 0)
(0.0234125 0.0773859 0)
(0.0239369 0.130427 0)
(0.0216978 0.185803 0)
(0.0186069 0.249028 0)
(0.01547 0.319352 0)
(0.010642 0.396908 0)
(0.00666763 0.491272 0)
(-8.95679e-05 0.611718 0)
(-0.000223326 0.727055 0)
(0.0123779 0.0113155 0)
(0.0181616 0.0701301 0)
(0.0210932 0.128825 0)
(0.0205502 0.188455 0)
(0.0182148 0.253951 0)
(0.0152704 0.325989 0)
(0.0107044 0.405276 0)
(0.00662261 0.500547 0)
(0.000453316 0.618264 0)
(-0.000127995 0.727217 0)
(0.0577475 0.00326431 2.31368e-21)
(0.056195 0.00910606 -2.27373e-21)
(0.0509601 0.00958237 1.98222e-22)
(0.0450314 0.00876714 0)
(0.0388768 0.00670412 0)
(0.0325224 0.00368694 6.16555e-23)
(0.0261892 -0.000170085 -8.26923e-23)
(0.0199193 -0.00507914 8.12572e-23)
(0.0141542 -0.00951429 -9.97013e-24)
(0.00752449 -0.0191993 9.79379e-24)
(0.0587187 -0.000868762 -3.05357e-21)
(0.0554773 0.00152592 0)
(0.0495639 0.00045339 1.12081e-21)
(0.0434437 -0.00153715 -2.23519e-21)
(0.0372309 -0.00449288 1.1165e-21)
(0.0308617 -0.00815342 -6.0255e-23)
(0.0245143 -0.012475 5.92557e-23)
(0.0182751 -0.0176785 2.51601e-23)
(0.0123257 -0.0224154 -1.74155e-23)
(0.00612033 -0.0312542 -1.9792e-23)
(0.0589041 -0.00505111 3.44453e-21)
(0.0543186 -0.00569348 -1.60781e-21)
(0.0480338 -0.0083227 1.59237e-21)
(0.0417973 -0.0115364 -8.93445e-22)
(0.0355422 -0.0154135 6.99604e-22)
(0.0291557 -0.0197207 0)
(0.022802 -0.02447 -5.93912e-23)
(0.0166093 -0.0298489 1.26414e-24)
(0.0106012 -0.0346983 1.50454e-24)
(0.00490695 -0.0424235 2.85537e-23)
(0.0583961 -0.00983406 -5.24741e-22)
(0.0527341 -0.0130613 0)
(0.0463129 -0.0170489 0)
(0.0400444 -0.0213585 0)
(0.0337971 -0.0260508 4.64289e-22)
(0.0274268 -0.0309077 -2.87038e-22)
(0.0210985 -0.0359809 2.04493e-23)
(0.0149724 -0.0413921 -1.3776e-24)
(0.00903353 -0.046152 4.62136e-24)
(0.00384137 -0.0526703 1.25184e-23)
(0.057143 -0.0153217 -3.56332e-22)
(0.0506602 -0.0206778 -1.40654e-21)
(0.044289 -0.0257943 -5.76129e-22)
(0.0380695 -0.0310016 5.75721e-22)
(0.0318965 -0.0363452 -1.75034e-22)
(0.0256106 -0.0416064 0)
(0.0193747 -0.0468631 -6.01844e-23)
(0.0133785 -0.0521584 3.59042e-23)
(0.00763514 -0.0566513 -1.4017e-23)
(0.00295816 -0.0619842 -1.73282e-23)
(0.0552313 -0.0214383 -3.88801e-21)
(0.0482001 -0.0284586 6.42217e-22)
(0.0420239 -0.034494 1.61262e-22)
(0.0359159 -0.0403826 5.67426e-22)
(0.0298804 -0.0461996 0)
(0.0237386 -0.0517039 0)
(0.0176599 -0.0569968 0)
(0.0118626 -0.0620443 3.05191e-23)
(0.00641461 -0.0661408 0)
(0.00225368 -0.0703817 0)
(0.052725 -0.0280516 0)
(0.0454581 -0.0362475 1.11708e-21)
(0.0395871 -0.0430275 -7.2056e-22)
(0.0336499 -0.0493846 -4.19534e-22)
(0.0278054 -0.0555056 4.2169e-22)
(0.0218611 -0.0610985 9.32466e-23)
(0.0159968 -0.0662943 -1.14876e-22)
(0.0104589 -0.070993 -1.29543e-22)
(0.0053726 -0.0746188 1.05155e-23)
(0.00170421 -0.0779031 4.13908e-24)
(0.049716 -0.0349436 0)
(0.0425231 -0.0438874 -3.968e-22)
(0.0370383 -0.0512612 -1.61359e-22)
(0.0313263 -0.057891 0)
(0.0257201 -0.0641666 5.92786e-23)
(0.020022 -0.0697148 -2.14752e-22)
(0.0144202 -0.074707 1.01009e-22)
(0.00918946 -0.078994 7.42262e-24)
(0.00449995 -0.0821257 -9.3457e-24)
(0.0012833 -0.084607 -3.29521e-24)
(0.0463288 -0.0419328 5.25116e-22)
(0.0394704 -0.0512393 3.60674e-22)
(0.0344307 -0.0590766 -1.21145e-22)
(0.0289956 -0.0658077 6.35846e-23)
(0.0236673 -0.0721143 9.14368e-23)
(0.0182576 -0.0775133 9.58502e-23)
(0.0129549 -0.0822275 -2.13201e-23)
(0.008064 -0.0860778 -1.20634e-23)
(0.00378006 -0.0887324 9.37628e-24)
(0.000965761 -0.0905637 9.22972e-25)
(0.0426813 -0.0488714 -1.10914e-22)
(0.0363662 -0.0581998 1.11927e-22)
(0.0318128 -0.0663867 -8.16329e-23)
(0.0267039 -0.0730759 -6.34883e-23)
(0.0216831 -0.0793161 4.0913e-23)
(0.0165959 -0.084493 -7.43529e-23)
(0.0116162 -0.0888866 3.006e-23)
(0.00708169 -0.0923073 3.2638e-24)
(0.00319217 -0.0945285 0)
(0.000728497 -0.0958506 -9.24961e-25)
(0.0389033 -0.0556483 1.13463e-22)
(0.033282 -0.0647085 -1.1446e-22)
(0.0292363 -0.0731425 -8.5728e-23)
(0.0244977 -0.0796772 -6.7426e-23)
(0.0198003 -0.0857772 -4.2878e-23)
(0.0150587 -0.0906893 6.29405e-24)
(0.0104113 -0.0947463 1.53802e-23)
(0.00623485 -0.0977681 2.49324e-23)
(0.00271475 -0.0996134 0)
(0.000551678 -0.100548 -2.25379e-24)
(0.0351268 -0.0621996 0)
(0.0302948 -0.0707475 -3.84982e-22)
(0.0267532 -0.0793317 6.50794e-22)
(0.0224207 -0.0856313 6.75255e-23)
(0.0180462 -0.0915347 1.07047e-22)
(0.0136608 -0.0961664 1.15175e-22)
(0.00934153 -0.0998904 -2.49546e-23)
(0.0055117 -0.102559 -1.52453e-23)
(0.00232785 -0.104089 1.8112e-23)
(0.000419571 -0.104738 2.24848e-24)
(0.0314566 -0.0685057 0)
(0.0274664 -0.0763387 -4.43263e-22)
(0.0243986 -0.0849723 -1.77495e-22)
(0.0205017 -0.0909899 0)
(0.0164364 -0.0966515 -2.96544e-22)
(0.0124065 -0.101009 1.12425e-22)
(0.00840137 -0.104416 6.97687e-23)
(0.00489772 -0.106782 1.19094e-22)
(0.00201376 -0.108056 -1.80529e-23)
(0.000320079 -0.108499 1.3031e-23)
(0.0279661 -0.0745789 0)
(0.0248388 -0.0815412 4.46938e-22)
(0.0221916 -0.0901073 0)
(0.0187528 -0.0958303 5.24907e-22)
(0.0149751 -0.101209 -5.27629e-22)
(0.0112911 -0.105313 -1.43939e-22)
(0.00758039 -0.108425 2.98207e-23)
(0.00437718 -0.110542 -1.23264e-22)
(0.00175739 -0.111609 -2.27418e-23)
(0.000243933 -0.111909 -1.99429e-23)
(0.0247058 -0.0804501 4.555e-21)
(0.0224451 -0.0864466 -1.70977e-21)
(0.0201451 -0.0947974 -1.62434e-22)
(0.0171775 -0.100246 -6.99369e-22)
(0.0136619 -0.105301 0)
(0.0103054 -0.109183 -1.52528e-22)
(0.00686678 -0.112021 4.87955e-23)
(0.0039353 -0.113936 1.83671e-22)
(0.00154666 -0.114838 7.63805e-24)
(0.000184356 -0.115044 -7.63457e-24)
(0.021702 -0.0861497 3.80248e-22)
(0.0203119 -0.0911736 2.66257e-21)
(0.0182727 -0.0991148 7.2929e-22)
(0.0157745 -0.104341 -7.28839e-22)
(0.0124958 -0.109026 -2.5693e-22)
(0.0094395 -0.112719 0)
(0.00624973 -0.115303 -2.48583e-22)
(0.0035597 -0.117059 1.33185e-22)
(0.00137261 -0.117827 6.86058e-23)
(0.000136651 -0.117977 1.72677e-23)
(0.0189684 -0.091686 -6.35786e-22)
(0.0184713 -0.0958627 0)
(0.0166017 -0.103139 0)
(0.0145459 -0.108215 0)
(0.0114809 -0.112482 -2.0457e-22)
(0.00868703 -0.116019 4.60978e-22)
(0.00572183 -0.118364 2.54951e-22)
(0.00324146 -0.119996 -3.03845e-22)
(0.00122923 -0.120655 1.76057e-23)
(9.76711e-05 -0.120778 -3.45341e-23)
(0.0164968 -0.0970236 -1.45583e-21)
(0.0169324 -0.100664 1.97459e-21)
(0.0151529 -0.106955 -1.95593e-21)
(0.0134807 -0.111966 1.26986e-21)
(0.0106143 -0.115765 -1.54097e-21)
(0.00803748 -0.119173 0)
(0.00527425 -0.121289 -1.52776e-22)
(0.0029722 -0.122824 -5.92868e-24)
(0.00111172 -0.123394 -5.75381e-23)
(6.49847e-05 -0.123513 -1.92383e-23)
(0.0140888 -0.102038 -6.87881e-22)
(0.0154917 -0.105722 0)
(0.0138283 -0.110652 -1.93203e-21)
(0.0124772 -0.115678 3.01006e-21)
(0.0098325 -0.118965 -1.03633e-21)
(0.00744167 -0.122262 -1.12097e-22)
(0.00487559 -0.124157 1.52427e-22)
(0.00273234 -0.125617 1.92363e-23)
(0.00101146 -0.126113 1.17962e-22)
(3.76658e-05 -0.126249 3.82844e-23)
(0.011755 -0.106404 -2.77493e-21)
(0.0140672 -0.111166 2.71445e-21)
(0.0126411 -0.114352 2.48608e-22)
(0.0115291 -0.119444 0)
(0.00912663 -0.122181 0)
(0.0068974 -0.125373 1.15385e-22)
(0.00452253 -0.127047 2.81866e-22)
(0.00252199 -0.128446 -2.76636e-22)
(0.000930215 -0.128878 -2.10151e-23)
(2.62712e-05 -0.129051 2.05756e-23)
(0.0111203 -0.113488 0)
(0.0141679 -0.124215 0)
(0.012337 -0.123064 0)
(0.0110234 -0.128518 0)
(0.00866035 -0.130037 0)
(0.00644146 -0.133071 0)
(0.00421452 -0.134247 0)
(0.00234537 -0.135519 0)
(0.000896259 -0.13578 0)
(5.78393e-05 -0.135999 0)
(0.0112397 -0.135233 0)
(0.010368 -0.147368 0)
(0.00871231 -0.143001 0)
(0.00744599 -0.148534 0)
(0.00572202 -0.148127 0)
(0.00424871 -0.150848 0)
(0.00274004 -0.151025 0)
(0.00155171 -0.152092 0)
(0.000597323 -0.15197 0)
(6.02966e-05 -0.15223 0)
(0.0118398 -0.162536 0)
(0.00972948 -0.175744 0)
(0.00792259 -0.168921 0)
(0.0063357 -0.174839 0)
(0.00478761 -0.17278 0)
(0.00345438 -0.175569 0)
(0.00223234 -0.174869 0)
(0.00128613 -0.175977 0)
(0.000531678 -0.175475 0)
(7.21909e-05 -0.175844 0)
(0.0121206 -0.19652 0)
(0.00915055 -0.210724 0)
(0.00736057 -0.20227 0)
(0.00550564 -0.208883 0)
(0.00417066 -0.205499 0)
(0.00289433 -0.20869 0)
(0.00192075 -0.20721 0)
(0.00110696 -0.208572 0)
(0.000501406 -0.207669 0)
(7.27332e-05 -0.208237 0)
(0.0120441 -0.237397 0)
(0.00865423 -0.251757 0)
(0.00693885 -0.242889 0)
(0.00488628 -0.250062 0)
(0.00375009 -0.245919 0)
(0.00246719 -0.249607 0)
(0.00170551 -0.247556 0)
(0.000940877 -0.249278 0)
(0.000468421 -0.248015 0)
(5.28848e-05 -0.248862 0)
(0.0113187 -0.282799 0)
(0.00792694 -0.295827 0)
(0.00636209 -0.28811 0)
(0.00427524 -0.29514 0)
(0.00332852 -0.291112 0)
(0.00205686 -0.294988 0)
(0.00147239 -0.292773 0)
(0.00072529 -0.294728 0)
(0.000386391 -0.293282 0)
(7.64549e-06 -0.294361 0)
(0.0097754 -0.327675 0)
(0.00676456 -0.338036 0)
(0.00542749 -0.332797 0)
(0.00353365 -0.338761 0)
(0.00276883 -0.335743 0)
(0.00160187 -0.339208 0)
(0.00115618 -0.337345 0)
(0.000459346 -0.339175 0)
(0.00024869 -0.337844 0)
(-4.51231e-05 -0.338942 0)
(0.0074918 -0.365999 0)
(0.00514751 -0.373229 0)
(0.00411983 -0.370944 0)
(0.00262757 -0.375269 0)
(0.00205421 -0.373737 0)
(0.00111412 -0.376293 0)
(0.000785455 -0.375139 0)
(0.000213408 -0.376485 0)
(0.000107886 -0.375526 0)
(-7.50352e-05 -0.376376 0)
(0.00468392 -0.393166 0)
(0.00319802 -0.397813 0)
(0.00255573 -0.397992 0)
(0.0016082 -0.400769 0)
(0.00125221 -0.40059 0)
(0.000642167 -0.402169 0)
(0.000434501 -0.401739 0)
(5.74747e-05 -0.402498 0)
(1.88177e-05 -0.401971 0)
(-6.72334e-05 -0.40245 0)
(0.00159304 -0.407017 0)
(0.00107827 -0.410271 0)
(0.000865248 -0.411797 0)
(0.000538722 -0.413675 0)
(0.000420395 -0.414268 0)
(0.000207589 -0.415241 0)
(0.000136556 -0.41525 0)
(3.52525e-06 -0.41563 0)
(-3.99565e-06 -0.415388 0)
(-2.68812e-05 -0.415612 0)
(0.0113009 -0.12198 3.1973e-21)
(0.0126087 -0.145265 -3.13619e-21)
(0.0137179 -0.174043 4.0161e-22)
(0.0141557 -0.208689 0)
(0.0140182 -0.248913 0)
(0.0130663 -0.292102 4.65608e-22)
(0.0112284 -0.333624 -2.002e-21)
(0.00860783 -0.368405 1.97333e-21)
(0.00540146 -0.392776 5.35807e-22)
(0.0018377 -0.405136 -5.27342e-22)
(0.0116225 -0.126542 -3.79488e-21)
(0.0133892 -0.149817 0)
(0.0146175 -0.178657 2.74755e-21)
(0.0150789 -0.213183 -6.34412e-21)
(0.0148871 -0.252912 4.07435e-21)
(0.0138287 -0.295148 -4.33322e-22)
(0.0118656 -0.33541 9.66339e-22)
(0.00910198 -0.368938 2.04125e-21)
(0.00572176 -0.392357 5.74483e-22)
(0.00194396 -0.404215 5.57806e-22)
(0.012178 -0.131252 4.42071e-21)
(0.0144412 -0.154574 -3.02463e-21)
(0.0157199 -0.183301 2.99592e-21)
(0.0161678 -0.217536 -3.35692e-21)
(0.015887 -0.256633 2.48225e-21)
(0.0146901 -0.297838 0)
(0.0125678 -0.33684 -9.68674e-22)
(0.00962751 -0.369179 4.90992e-23)
(0.0060493 -0.39173 -1.07157e-21)
(0.00204655 -0.403142 -1.09426e-21)
(0.013012 -0.135499 -7.1283e-22)
(0.0157133 -0.158931 0)
(0.0170027 -0.187586 0)
(0.0174152 -0.221552 0)
(0.0170233 -0.260046 2.76618e-21)
(0.0156686 -0.300265 -1.85093e-21)
(0.0133603 -0.338065 -1.36675e-23)
(0.0102102 -0.369266 -1.14416e-21)
(0.00640445 -0.390977 -5.87522e-22)
(0.00215487 -0.401947 -6.29283e-22)
(0.0141904 -0.139383 5.98189e-23)
(0.0171968 -0.162762 -2.14243e-21)
(0.018452 -0.191296 -1.63193e-21)
(0.0188071 -0.225001 1.63089e-21)
(0.0182866 -0.262939 -9.02752e-22)
(0.0167622 -0.30227 0)
(0.0142511 -0.338991 -1.0643e-21)
(0.0108663 -0.369161 2.33334e-21)
(0.00680466 -0.390098 -1.1943e-21)
(0.00227818 -0.400652 1.23111e-21)
(0.0157457 -0.142956 -5.67964e-21)
(0.0189121 -0.166111 6.16631e-22)
(0.0200848 -0.194415 -1.20892e-22)
(0.0203509 -0.227815 1.6739e-21)
(0.0196795 -0.265213 0)
(0.0179704 -0.30374 0)
(0.0152401 -0.339517 0)
(0.0115991 -0.368794 1.25033e-21)
(0.0072552 -0.389062 0)
(0.00242047 -0.399256 0)
(0.0176891 -0.146126 0)
(0.0208729 -0.16895 2.33533e-21)
(0.0219232 -0.196936 -1.57895e-21)
(0.0220639 -0.229993 -1.88325e-21)
(0.0212162 -0.266859 1.89304e-21)
(0.0193016 -0.304657 1.1362e-21)
(0.0163302 -0.339613 -1.1263e-21)
(0.0124085 -0.368134 -4.4662e-21)
(0.00775533 -0.387845 3.17937e-22)
(0.00258244 -0.397745 -1.0898e-21)
(0.0200302 -0.148788 0)
(0.0230852 -0.171205 -7.58161e-22)
(0.0239815 -0.198819 -4.28022e-22)
(0.0239598 -0.231522 0)
(0.0229111 -0.267886 5.53383e-22)
(0.0207675 -0.305035 -1.66754e-21)
(0.0175287 -0.339287 1.86428e-21)
(0.0132974 -0.367179 6.66338e-22)
(0.00830499 -0.38644 -7.29325e-22)
(0.00276445 -0.396112 1.44576e-21)
(0.0227806 -0.150862 6.78763e-22)
(0.0255543 -0.172824 8.2127e-22)
(0.0262693 -0.200021 -1.81247e-22)
(0.0260469 -0.23238 2.45544e-22)
(0.0247747 -0.268288 5.24587e-22)
(0.0223778 -0.304883 8.84186e-22)
(0.0188439 -0.338553 -3.33468e-22)
(0.0142713 -0.36594 -3.60897e-22)
(0.00890628 -0.384848 7.31726e-22)
(0.00296753 -0.394348 3.96748e-22)
(0.02595 -0.152281 -1.88922e-22)
(0.0282855 -0.173779 1.90733e-22)
(0.0287951 -0.200512 -2.20034e-22)
(0.0283315 -0.232549 -2.45219e-22)
(0.0268149 -0.268055 2.93138e-22)
(0.0241404 -0.304199 -5.9914e-22)
(0.0202831 -0.337415 5.10423e-22)
(0.0153361 -0.364419 1.82876e-22)
(0.00956279 -0.383069 0)
(0.00319317 -0.392452 -3.97638e-22)
(0.029546 -0.152999 1.93211e-22)
(0.0312814 -0.174063 -1.9512e-22)
(0.0315664 -0.200285 -2.35711e-22)
(0.0308187 -0.232029 -2.64785e-22)
(0.0290384 -0.267188 -3.05905e-22)
(0.0260611 -0.302989 -2.21867e-23)
(0.0218522 -0.335876 1.7972e-22)
(0.0164967 -0.362618 5.81532e-22)
(0.0102776 -0.3811 0)
(0.00344249 -0.390419 -4.34171e-22)
(0.0335737 -0.153003 0)
(0.0345424 -0.173671 -8.99708e-22)
(0.0345877 -0.199346 1.6322e-21)
(0.033512 -0.230828 2.65225e-22)
(0.0314517 -0.265694 6.19221e-22)
(0.0281462 -0.301254 1.02162e-21)
(0.0235581 -0.333935 -3.64467e-22)
(0.0177598 -0.360534 -3.94625e-22)
(0.0110547 -0.378939 8.73943e-22)
(0.00371656 -0.388244 4.33163e-22)
(0.0380371 -0.152325 0)
(0.0380687 -0.1726 -8.83609e-22)
(0.0378587 -0.197733 -4.91031e-22)
(0.0364139 -0.228967 0)
(0.034059 -0.263598 -1.95397e-21)
(0.0303997 -0.299015 6.51905e-22)
(0.0254041 -0.331608 7.82199e-22)
(0.019127 -0.358172 2.5317e-21)
(0.0118951 -0.376579 -8.71104e-22)
(0.00401516 -0.385917 1.88166e-21)
(0.0429352 -0.151088 0)
(0.0418615 -0.170844 8.91113e-22)
(0.0413702 -0.195494 0)
(0.0395279 -0.226457 2.48488e-21)
(0.0368636 -0.260913 -2.49764e-21)
(0.0328279 -0.29627 -1.54207e-21)
(0.027399 -0.328887 -3.68619e-23)
(0.0206095 -0.355523 -2.60634e-21)
(0.0128058 -0.37401 -4.34452e-22)
(0.00433915 -0.383427 -2.34051e-21)
(0.0481993 -0.149321 6.38979e-21)
(0.0459468 -0.168414 -2.4529e-21)
(0.0451094 -0.192649 2.79688e-22)
(0.0428578 -0.22332 -2.30345e-21)
(0.039864 -0.257661 0)
(0.0354337 -0.293045 -1.60844e-21)
(0.029544 -0.325794 -1.3917e-22)
(0.0222069 -0.352609 3.53967e-21)
(0.0137866 -0.371254 4.86111e-22)
(0.00468759 -0.380783 -4.88001e-22)
(0.0538109 -0.146989 -6.83582e-22)
(0.0503189 -0.165402 4.60103e-21)
(0.049059 -0.189264 2.3954e-21)
(0.0464006 -0.219626 -2.39379e-21)
(0.0430597 -0.253879 -1.45797e-21)
(0.0382206 -0.28935 0)
(0.0318457 -0.32232 -3.61285e-21)
(0.0239279 -0.349411 1.81209e-21)
(0.0148459 -0.368295 1.93895e-21)
(0.00506288 -0.377974 2.08408e-21)
(0.0597037 -0.14419 -8.78063e-22)
(0.0549671 -0.16187 0)
(0.0532023 -0.185399 0)
(0.0501493 -0.215443 0)
(0.0464467 -0.249647 -1.69247e-21)
(0.0411834 -0.285282 3.14497e-21)
(0.0342935 -0.318562 3.68096e-21)
(0.0257571 -0.346005 -5.80398e-21)
(0.0159704 -0.365172 1.04051e-21)
(0.00545786 -0.375017 -3.09538e-21)
(0.0657691 -0.141067 -1.2942e-21)
(0.0598825 -0.157858 4.5552e-21)
(0.0575176 -0.181079 -4.5118e-21)
(0.0540938 -0.210744 5.87915e-21)
(0.0500294 -0.244861 -7.39941e-21)
(0.0443454 -0.280661 0)
(0.0369303 -0.31432 -1.92452e-21)
(0.027747 -0.342228 -8.02839e-23)
(0.0172031 -0.36179 -2.16356e-21)
(0.0058884 -0.371849 -2.20592e-21)
(0.0718642 -0.137847 -9.3124e-22)
(0.0650631 -0.153564 0)
(0.0619689 -0.176583 -6.06163e-21)
(0.0581805 -0.205973 1.14722e-20)
(0.0537346 -0.240139 -4.45216e-21)
(0.047601 -0.276207 -9.07685e-22)
(0.0396192 -0.310257 1.92031e-21)
(0.0297549 -0.338544 -9.90101e-23)
(0.0184374 -0.358389 3.15682e-21)
(0.00630929 -0.368597 3.26452e-21)
(0.0781576 -0.133335 -4.21967e-21)
(0.071128 -0.14774 4.13757e-21)
(0.0670097 -0.170363 6.46316e-22)
(0.0627775 -0.199279 0)
(0.0579284 -0.233372 0)
(0.0513641 -0.269824 8.9717e-22)
(0.0428136 -0.304653 4.13402e-21)
(0.0322039 -0.333846 -4.04714e-21)
(0.0199725 -0.354416 -1.11086e-21)
(0.0068367 -0.36494 1.09239e-21)
(0.0882974 -0.133139 0)
(0.0848278 -0.145205 0)
(0.0779624 -0.168307 0)
(0.0724785 -0.196749 0)
(0.0663612 -0.230049 0)
(0.0584458 -0.265308 0)
(0.0484514 -0.298771 0)
(0.0363101 -0.326739 0)
(0.0224678 -0.346566 0)
(0.00759867 -0.356936 0)
(0.10577 -0.12194 0)
(0.107671 -0.138306 0)
(0.0972873 -0.163724 0)
(0.0907439 -0.191645 0)
(0.0823183 -0.223695 0)
(0.0719341 -0.256818 0)
(0.0592501 -0.287781 0)
(0.0442094 -0.313265 0)
(0.0273216 -0.330813 0)
(0.0094009 -0.33929 0)
(0.127678 -0.111173 0)
(0.131942 -0.129782 0)
(0.118244 -0.155418 0)
(0.111021 -0.18198 0)
(0.0996818 -0.212239 0)
(0.0864021 -0.242683 0)
(0.0705176 -0.271048 0)
(0.0522018 -0.294669 0)
(0.0320304 -0.311674 0)
(0.0106318 -0.321084 0)
(0.154785 -0.10349 0)
(0.159731 -0.122564 0)
(0.142411 -0.14713 0)
(0.134498 -0.172257 0)
(0.119505 -0.200744 0)
(0.103108 -0.228452 0)
(0.083557 -0.254184 0)
(0.0615217 -0.275198 0)
(0.037697 -0.28942 0)
(0.0130892 -0.295514 0)
(0.186545 -0.0942282 0)
(0.189892 -0.11175 0)
(0.168737 -0.133882 0)
(0.159336 -0.156449 0)
(0.139371 -0.181639 0)
(0.119226 -0.205501 0)
(0.0951835 -0.228245 0)
(0.0691633 -0.24746 0)
(0.0417375 -0.262253 0)
(0.013208 -0.272238 0)
(0.222514 -0.0867212 0)
(0.223378 -0.10208 0)
(0.198584 -0.122393 0)
(0.187112 -0.142357 0)
(0.161515 -0.164517 0)
(0.138063 -0.185398 0)
(0.109341 -0.206041 0)
(0.0791569 -0.22303 0)
(0.0478593 -0.234695 0)
(0.0175959 -0.237117 0)
(0.260067 -0.0720519 0)
(0.25474 -0.0839489 0)
(0.22709 -0.100522 0)
(0.211332 -0.115648 0)
(0.179465 -0.132976 0)
(0.151971 -0.149246 0)
(0.116538 -0.165861 0)
(0.0815693 -0.180528 0)
(0.0464712 -0.195435 0)
(0.0108923 -0.213715 0)
(0.296064 -0.063016 0)
(0.286716 -0.0709558 0)
(0.258157 -0.0847821 0)
(0.238193 -0.0962078 0)
(0.203572 -0.111511 0)
(0.173209 -0.12578 0)
(0.133816 -0.142179 0)
(0.0955145 -0.157651 0)
(0.0559601 -0.172856 0)
(0.0288411 -0.168045 0)
(0.334163 -0.0353126 0)
(0.321786 -0.0387811 0)
(0.279675 -0.0470875 0)
(0.25358 -0.0525434 0)
(0.206534 -0.0615635 0)
(0.167487 -0.068584 0)
(0.114185 -0.0774744 0)
(0.0629236 -0.0862257 0)
(0.0149439 -0.104823 0)
(-0.0418199 -0.156524 0)
(0.607428 -0.018604 0)
(0.58798 -0.0215533 0)
(0.54894 -0.025841 0)
(0.518387 -0.0300149 0)
(0.47026 -0.0360985 0)
(0.426178 -0.0430067 0)
(0.364315 -0.0533657 0)
(0.297027 -0.0690472 0)
(0.208527 -0.0985994 0)
(0.150326 -0.157248 0)
(0.10522 -0.119902 4.31833e-21)
(0.12477 -0.108422 -4.25223e-21)
(0.1469 -0.09794 7.09242e-22)
(0.173521 -0.0904415 0)
(0.205278 -0.0818096 0)
(0.239867 -0.0750876 1.10233e-21)
(0.276988 -0.0621245 -5.2761e-21)
(0.311236 -0.0550623 5.20066e-21)
(0.360436 -0.0306069 1.48543e-21)
(0.628156 -0.0163174 -1.5092e-21)
(0.111117 -0.114125 -3.9913e-21)
(0.130525 -0.102558 0)
(0.152329 -0.0924549 5.11172e-21)
(0.178652 -0.0851678 -1.24013e-20)
(0.21041 -0.0768593 8.39317e-21)
(0.244954 -0.0705158 -1.03476e-21)
(0.282101 -0.0581885 2.24625e-21)
(0.316589 -0.0519225 5.09857e-21)
(0.370157 -0.0287756 1.37408e-21)
(0.636322 -0.0153459 1.40308e-21)
(0.116261 -0.107766 4.59922e-21)
(0.135464 -0.0964214 -4.73674e-21)
(0.156836 -0.0868641 4.69189e-21)
(0.182905 -0.0798618 -6.60132e-21)
(0.214438 -0.0719704 4.77986e-21)
(0.249085 -0.0660819 0)
(0.286158 -0.0544465 -2.25163e-21)
(0.32143 -0.0489722 -5.53351e-23)
(0.378768 -0.0271101 -2.60503e-21)
(0.644099 -0.014413 -2.78375e-21)
(0.121214 -0.100976 -7.89518e-22)
(0.140571 -0.0901214 0)
(0.161597 -0.0812145 0)
(0.187517 -0.0745339 0)
(0.218743 -0.067123 5.43709e-21)
(0.253408 -0.061758 -3.70831e-21)
(0.290244 -0.0508712 -1.56839e-22)
(0.326325 -0.0461436 -2.59273e-21)
(0.386795 -0.0255997 -1.31604e-21)
(0.651655 -0.0135616 -1.3575e-21)
(0.125654 -0.093859 8.27869e-22)
(0.145355 -0.0837456 -2.51618e-21)
(0.166143 -0.0755547 -2.68001e-21)
(0.191958 -0.0692416 2.67833e-21)
(0.223002 -0.0623446 -1.70416e-21)
(0.257697 -0.0575311 0)
(0.294246 -0.0474428 -2.1824e-21)
(0.331198 -0.0433974 4.90415e-21)
(0.394362 -0.0242112 -2.46125e-21)
(0.6589 -0.0127996 2.69935e-21)
(0.129421 -0.0864424 -5.92736e-21)
(0.149529 -0.0773165 2.58458e-22)
(0.170137 -0.0698929 -4.44492e-22)
(0.195825 -0.06401 2.61474e-21)
(0.226755 -0.0576706 0)
(0.261544 -0.0534096 0)
(0.297879 -0.0441653 0)
(0.335726 -0.0407446 2.33355e-21)
(0.401372 -0.0229245 0)
(0.665728 -0.0121265 0)
(0.13244 -0.0787506 0)
(0.153043 -0.0708307 3.03046e-21)
(0.173539 -0.0642176 -2.10788e-21)
(0.199068 -0.0588323 -3.00284e-21)
(0.229885 -0.0530966 3.01844e-21)
(0.264763 -0.0493998 1.96875e-21)
(0.30104 -0.0410281 -1.85063e-21)
(0.339698 -0.0381962 -8.02261e-21)
(0.407714 -0.0217313 5.66722e-22)
(0.67205 -0.0115284 -1.91019e-21)
(0.134613 -0.0708202 0)
(0.155864 -0.0642844 -9.2566e-22)
(0.176345 -0.0585192 -5.62153e-22)
(0.201706 -0.0536953 0)
(0.23241 -0.0486005 9.15979e-22)
(0.26735 -0.0454944 -2.62705e-21)
(0.303695 -0.0380103 3.14203e-21)
(0.343077 -0.0357511 1.21352e-21)
(0.413365 -0.0206313 -1.19107e-21)
(0.677867 -0.0109968 2.55358e-21)
(0.135838 -0.0626902 5.67738e-22)
(0.157932 -0.0576731 9.96929e-22)
(0.178514 -0.0527896 -1.69965e-22)
(0.203721 -0.0485875 3.32182e-22)
(0.234328 -0.0441618 7.88287e-22)
(0.269322 -0.0416771 1.35674e-21)
(0.30582 -0.0350904 -5.00367e-22)
(0.345883 -0.0334042 -5.543e-22)
(0.418263 -0.0196115 1.19499e-21)
(0.683134 -0.010519 6.14927e-22)
(0.136029 -0.0544008 -1.87816e-22)
(0.159189 -0.0509889 1.90161e-22)
(0.179996 -0.047017 -2.74732e-22)
(0.205071 -0.0434948 -3.31736e-22)
(0.235601 -0.0397627 4.13146e-22)
(0.27067 -0.0379289 -8.64581e-22)
(0.307386 -0.0322492 7.61221e-22)
(0.34811 -0.0311467 2.91898e-22)
(0.422362 -0.0186517 0)
(0.687832 -0.0100812 -6.16273e-22)
(0.135148 -0.0459978 1.84068e-22)
(0.159604 -0.0442224 -1.86372e-22)
(0.180757 -0.0411853 -2.66317e-22)
(0.205733 -0.0383987 -3.23202e-22)
(0.236201 -0.0353847 -4.08282e-22)
(0.271375 -0.0342295 -2.52794e-23)
(0.308367 -0.0294677 2.31488e-22)
(0.349739 -0.0289663 7.9952e-22)
(0.425636 -0.0177341 0)
(0.691981 -0.00967417 -5.98498e-22)
(0.133207 -0.0375412 0)
(0.159171 -0.037363 -9.45281e-22)
(0.180784 -0.0352748 1.74637e-21)
(0.205703 -0.0332764 3.23732e-22)
(0.236112 -0.0310062 7.52231e-22)
(0.271422 -0.0305572 1.30488e-21)
(0.30874 -0.0267256 -4.8863e-22)
(0.350745 -0.0268494 -5.39383e-22)
(0.428059 -0.0168463 1.13404e-21)
(0.695566 -0.0092909 5.971e-22)
(0.130255 -0.0291168 0)
(0.157881 -0.0304007 -8.1915e-22)
(0.180071 -0.0292644 -5.28746e-22)
(0.204985 -0.0281022 0)
(0.235337 -0.0266018 -2.36332e-21)
(0.270805 -0.0268872 7.53041e-22)
(0.308496 -0.0240008 9.17133e-22)
(0.351116 -0.0247808 3.13692e-21)
(0.429643 -0.0159781 -1.13035e-21)
(0.698623 -0.00892815 2.33801e-21)
(0.126367 -0.0208316 0)
(0.155717 -0.0233304 8.26091e-22)
(0.178614 -0.023136 0)
(0.203579 -0.0228503 2.76372e-21)
(0.233879 -0.0221455 -2.77791e-21)
(0.269522 -0.0231943 -1.81777e-21)
(0.307629 -0.0212712 -9.81607e-23)
(0.350843 -0.0227464 -3.13811e-21)
(0.430366 -0.01512 -5.19672e-22)
(0.701099 -0.00857913 -2.89116e-21)
(0.121667 -0.0128156 4.86781e-21)
(0.152679 -0.0161557 -1.79283e-21)
(0.176416 -0.0168781 4.56072e-22)
(0.201496 -0.0174963 -2.31891e-21)
(0.231751 -0.0176116 0)
(0.267583 -0.0194533 -1.81746e-21)
(0.306149 -0.0185152 -1.82086e-22)
(0.349946 -0.0207319 4.10827e-21)
(0.430324 -0.0142623 5.63147e-22)
(0.70309 -0.0082422 -5.62818e-22)
(0.116331 -0.00522609 -7.72414e-22)
(0.148794 -0.00889287 3.63981e-21)
(0.173498 -0.010486 2.32189e-21)
(0.198754 -0.0120188 -2.32031e-21)
(0.228968 -0.0129767 -1.50278e-21)
(0.26499 -0.01564 0)
(0.304042 -0.0157103 -3.92794e-21)
(0.348394 -0.0187264 1.95547e-21)
(0.429393 -0.0133932 2.14299e-21)
(0.704449 -0.0079038 2.27733e-21)
(0.110587 0.00175535 -5.83708e-22)
(0.144126 -0.00157548 0)
(0.169897 -0.00396341 0)
(0.195391 -0.00640005 0)
(0.22558 -0.00821951 -1.74308e-21)
(0.261811 -0.0117339 3.24028e-21)
(0.301394 -0.012841 3.93041e-21)
(0.346309 -0.0167237 -6.18313e-21)
(0.427973 -0.012502 1.11374e-21)
(0.705427 -0.00756428 -3.3546e-21)
(0.104736 0.00796155 -8.80521e-22)
(0.13882 0.00574827 3.75477e-21)
(0.165661 0.00267556 -3.71919e-21)
(0.191406 -0.000628556 5.67284e-21)
(0.221534 -0.00331829 -7.15046e-21)
(0.257922 -0.0077023 0)
(0.298008 -0.00986483 -1.94533e-21)
(0.343429 -0.0147046 -2.00228e-23)
(0.425339 -0.011569 -2.18142e-21)
(0.705632 -0.00719659 -2.26039e-21)
(0.0987018 0.0134113 -5.90862e-22)
(0.133005 0.0131189 0)
(0.161007 0.00943737 -5.31731e-21)
(0.187129 0.0052779 1.04764e-20)
(0.217298 0.00169362 -4.13382e-21)
(0.253938 -0.00359433 -8.86689e-22)
(0.294582 -0.00684379 1.94106e-21)
(0.340528 -0.0127228 -5.75592e-23)
(0.423304 -0.0105819 3.16617e-21)
(0.705715 -0.00680326 3.31798e-21)
(0.0911004 0.01911 -2.80077e-21)
(0.125006 0.0213038 2.73705e-21)
(0.154098 0.0169417 5.38186e-22)
(0.180752 0.011827 0)
(0.210947 0.00722794 0)
(0.247806 0.000951897 8.79163e-22)
(0.289133 -0.00344876 4.05064e-21)
(0.335637 -0.0105881 -3.95622e-21)
(0.417955 -0.00952712 -1.07602e-21)
(0.704697 -0.00635326 1.01959e-21)
(0.091217 0.0361197 0)
(0.12351 0.0400236 0)
(0.152386 0.0328706 0)
(0.178648 0.0260114 0)
(0.208115 0.0191309 0)
(0.24419 0.0105736 0)
(0.284793 0.00357187 0)
(0.331306 -0.00630465 0)
(0.417301 -0.00657191 0)
(0.703349 -0.00510006 0)
(0.0917117 0.0660957 0)
(0.120541 0.0725896 0)
(0.146611 0.0604701 0)
(0.171471 0.0509955 0)
(0.200516 0.0401983 0)
(0.235961 0.0276709 0)
(0.276646 0.0162181 0)
(0.326644 0.00164798 0)
(0.423269 -0.00187676 0)
(0.714546 -0.00281891 0)
(0.0874207 0.100718 0)
(0.112839 0.107756 0)
(0.135038 0.0900026 0)
(0.158081 0.0783567 0)
(0.186129 0.0633976 0)
(0.219872 0.0467265 0)
(0.259109 0.030252 0)
(0.310052 0.0110848 0)
(0.410888 0.00316746 0)
(0.704219 -0.00147688 0)
(0.0817382 0.139449 0)
(0.102443 0.145267 0)
(0.121301 0.121751 0)
(0.143396 0.109072 0)
(0.170654 0.0894479 0)
(0.203094 0.068423 0)
(0.242677 0.0464413 0)
(0.298769 0.0226484 0)
(0.412346 0.0088701 0)
(0.71274 0.000492213 0)
(0.071216 0.182929 0)
(0.0863886 0.185883 0)
(0.102576 0.157997 0)
(0.122599 0.144964 0)
(0.146484 0.119659 0)
(0.17514 0.0945303 0)
(0.212107 0.0669099 0)
(0.268386 0.038095 0)
(0.385785 0.0178535 0)
(0.688105 0.0022583 0)
(0.0621872 0.230789 0)
(0.0720827 0.231736 0)
(0.0873501 0.200333 0)
(0.103926 0.186521 0)
(0.124824 0.154822 0)
(0.151252 0.127218 0)
(0.188888 0.0943114 0)
(0.250913 0.0606559 0)
(0.381027 0.0321073 0)
(0.689024 0.0071368 0)
(0.0408022 0.28732 0)
(0.0463656 0.285968 0)
(0.0580185 0.251878 0)
(0.06896 0.237878 0)
(0.0853846 0.201848 0)
(0.106836 0.175177 0)
(0.14083 0.138414 0)
(0.200052 0.101847 0)
(0.328179 0.0635758 0)
(0.633028 0.0152632 0)
(0.0354866 0.364679 0)
(0.0393542 0.364409 0)
(0.0498384 0.326988 0)
(0.058037 0.314649 0)
(0.0729383 0.275218 0)
(0.0915803 0.25167 0)
(0.125148 0.21095 0)
(0.185886 0.175231 0)
(0.314328 0.12296 0)
(0.604157 0.0357393 0)
(-0.000726494 0.511816 0)
(-0.00151922 0.513623 0)
(0.00132099 0.482134 0)
(0.00296745 0.475202 0)
(0.0097862 0.441913 0)
(0.0208865 0.425397 0)
(0.0462492 0.385514 0)
(0.0960392 0.348173 0)
(0.201693 0.262743 0)
(0.449788 0.0759179 0)
(0.0113214 0.723108 0)
(0.0148846 0.724314 0)
(0.0194069 0.71133 0)
(0.0259648 0.707724 0)
(0.0351864 0.688839 0)
(0.0491008 0.673939 0)
(0.0706874 0.637008 0)
(0.10623 0.583324 0)
(0.170744 0.450364 0)
(0.316639 0.150924 0)
(0.0672477 0.0426383 2.87667e-21)
(0.0764928 0.0801848 -2.84012e-21)
(0.0750389 0.118481 4.77806e-22)
(0.0703431 0.159276 0)
(0.0610471 0.204378 0)
(0.0529191 0.252242 8.01291e-22)
(0.0345026 0.309933 -3.82711e-21)
(0.0295808 0.388778 3.79614e-21)
(-0.00166007 0.532259 1.06882e-21)
(0.0101488 0.729866 -1.07999e-21)
(0.05808 0.0452239 -2.87694e-21)
(0.0698959 0.0852233 0)
(0.0699663 0.124468 3.51949e-21)
(0.0659105 0.165708 -8.62026e-21)
(0.0571504 0.211165 5.89156e-21)
(0.0494226 0.25946 -7.50802e-22)
(0.0320818 0.317776 1.58147e-21)
(0.0272761 0.397707 3.59491e-21)
(-0.0020275 0.539908 9.2243e-22)
(0.009636 0.731604 9.66708e-22)
(0.0499281 0.0467399 3.38594e-21)
(0.0633514 0.0892454 -3.16596e-21)
(0.0649205 0.129734 3.13534e-21)
(0.0615881 0.171458 -4.57581e-21)
(0.0534287 0.217083 3.29681e-21)
(0.0461668 0.265878 0)
(0.0298471 0.324698 -1.58527e-21)
(0.0251946 0.405845 -6.65337e-23)
(-0.00243041 0.546904 -1.80334e-21)
(0.00902615 0.732856 -1.92928e-21)
(0.0426626 0.0475589 -5.65713e-22)
(0.057076 0.0925215 0)
(0.0600275 0.134682 0)
(0.0574382 0.177126 0)
(0.0498959 0.223055 3.74294e-21)
(0.0431286 0.2723 -2.56606e-21)
(0.0277813 0.331524 -1.27846e-22)
(0.0233288 0.413646 -1.78807e-21)
(-0.00281807 0.553507 -8.89755e-22)
(0.0083555 0.734363 -9.19034e-22)
(0.0362086 0.0477571 2.90096e-22)
(0.0511844 0.0949171 -1.81042e-21)
(0.0553716 0.138949 -1.79339e-21)
(0.0535316 0.182318 1.79209e-21)
(0.0466048 0.228726 -1.15983e-21)
(0.0403278 0.278486 0)
(0.0258785 0.338158 -1.47932e-21)
(0.0216592 0.421027 3.29743e-21)
(-0.00312151 0.559671 -1.63098e-21)
(0.00768565 0.736055 1.8302e-21)
(0.030516 0.0473087 -4.65146e-21)
(0.0457179 0.096354 3.47912e-22)
(0.0509918 0.142321 -2.75909e-22)
(0.0498938 0.186851 1.73566e-21)
(0.0435809 0.23373 0)
(0.03779 0.284112 0)
(0.0241483 0.344287 0)
(0.0201776 0.427779 1.52692e-21)
(-0.00330763 0.56525 0)
(0.00705246 0.737615 0)
(0.0255742 0.0462001 0)
(0.0406959 0.0967999 2.07599e-21)
(0.0469258 0.144746 -1.42693e-21)
(0.0465222 0.190609 -1.95977e-21)
(0.0408118 0.237993 1.96987e-21)
(0.0355282 0.28905 1.269e-21)
(0.0225934 0.349722 -1.16385e-21)
(0.0188785 0.433775 -5.15445e-21)
(-0.00338289 0.570147 3.61034e-22)
(0.00646241 0.73884 -1.19104e-21)
(0.0214109 0.0444435 0)
(0.0361344 0.0962267 -6.50775e-22)
(0.0431825 0.146203 -3.70643e-22)
(0.0434309 0.193487 0)
(0.0382957 0.241584 5.90068e-22)
(0.0335134 0.293349 -1.66689e-21)
(0.021206 0.354375 1.96837e-21)
(0.0177484 0.438998 7.90005e-22)
(-0.00337547 0.574314 -6.94004e-22)
(0.00590485 0.739667 1.59201e-21)
(0.0180928 0.0420815 5.67196e-22)
(0.0320506 0.0946158 6.86252e-22)
(0.0397667 0.146655 -1.4153e-22)
(0.0406323 0.195456 2.0925e-22)
(0.0360522 0.244448 4.96452e-22)
(0.0317089 0.296937 8.44861e-22)
(0.019976 0.358208 -2.9679e-22)
(0.0167814 0.443483 -3.33611e-22)
(-0.00331558 0.57776 6.96295e-22)
(0.00537487 0.740172 3.61355e-22)
(0.0157295 0.039199 -1.53098e-22)
(0.0284702 0.0919757 1.54796e-22)
(0.0366854 0.14606 -1.80828e-22)
(0.0381248 0.196496 -2.08968e-22)
(0.0340678 0.246509 2.49341e-22)
(0.0300998 0.299719 -5.24818e-22)
(0.0189147 0.361345 4.50195e-22)
(0.015952 0.447251 1.79317e-22)
(-0.00323142 0.580452 0)
(0.0048732 0.740391 -3.62152e-22)
(0.00985125 -0.00706617 0)
(0.0244879 -0.0149635 0)
(0.0361818 -0.0183075 -1.22256e-20)
(0.0446568 -0.0193344 0)
(0.0505904 -0.018752 5.3694e-21)
(0.0545435 -0.0170538 -4.97593e-21)
(0.0569891 -0.0145795 0)
(0.0583288 -0.0115488 0)
(0.0589868 -0.00801613 -8.10774e-21)
(0.0593143 -0.00408946 1.54267e-20)
(0.0117117 -0.00723499 0)
(0.0280322 -0.0148649 -9.90136e-21)
(0.0404159 -0.0179652 -3.2353e-21)
(0.0490386 -0.0189096 -1.1606e-20)
(0.0547945 -0.0184154 -5.4088e-21)
(0.0583926 -0.0169569 -1.49935e-20)
(0.060404 -0.0148482 0)
(0.0612926 -0.0122889 0)
(0.061504 -0.00932944 0)
(0.0613789 -0.00608774 -2.2663e-22)
(0.0135993 -0.0071962 0)
(0.031415 -0.0144311 -3.6832e-21)
(0.0442198 -0.0173509 6.01155e-21)
(0.0527403 -0.0183367 8.70444e-21)
(0.0581108 -0.018083 -9.96761e-23)
(0.0611979 -0.0170217 -3.79363e-23)
(0.0626711 -0.0154254 9.2434e-21)
(0.0630519 -0.0134601 -8.50266e-21)
(0.062802 -0.0111501 1.56524e-20)
(0.0622546 -0.00858063 -1.47571e-20)
(0.0154191 -0.00691839 -1.72407e-21)
(0.0344641 -0.0136475 1.00765e-20)
(0.0474093 -0.0164863 1.58463e-20)
(0.055598 -0.0176667 -1.79269e-20)
(0.060416 -0.0178243 1.09207e-20)
(0.0628862 -0.0173266 1.00987e-20)
(0.0637688 -0.0163931 -4.59126e-21)
(0.0636314 -0.0151499 1.69064e-20)
(0.0629423 -0.0135928 -2.30964e-22)
(0.0620349 -0.0117751 -7.39563e-21)
(0.0170659 -0.00639199 -1.82849e-21)
(0.0370065 -0.0125349 1.73727e-21)
(0.0498195 -0.0154241 0)
(0.0574868 -0.0169695 1.50136e-20)
(0.0616406 -0.017711 -2.7889e-21)
(0.0634472 -0.0179323 -8.06429e-23)
(0.0637417 -0.0177925 -4.68564e-21)
(0.0631219 -0.0173776 -1.26158e-20)
(0.0620483 -0.0166644 7.04666e-23)
(0.0608553 -0.0156792 1.06567e-20)
(0.0184306 -0.00563132 0)
(0.0388808 -0.0111505 -1.11221e-20)
(0.0513172 -0.0142451 3.3773e-21)
(0.0583279 -0.0163287 -9.37411e-21)
(0.0617689 -0.0178121 2.84904e-21)
(0.0629254 -0.0188813 2.39976e-23)
(0.0626848 -0.0196325 2.50699e-23)
(0.0616568 -0.0201166 8.43648e-21)
(0.0602748 -0.0203051 -1.15468e-20)
(0.0588497 -0.0201945 1.07288e-20)
(0.0194086 -0.00467601 9.96853e-22)
(0.039951 -0.00958542 7.45955e-21)
(0.0518099 -0.0130526 0)
(0.0580916 -0.0158353 9.45153e-21)
(0.0608343 -0.0181906 -8.78672e-21)
(0.0614069 -0.0201997 -2.58722e-21)
(0.0607234 -0.0218999 7.1194e-21)
(0.0593874 -0.0233101 0)
(0.0578008 -0.0243921 0)
(0.0562229 -0.0251888 0)
(0.0199069 -0.00358979 -1.0485e-21)
(0.0401181 -0.00795924 -3.05152e-21)
(0.0512519 -0.0119648 3.68875e-21)
(0.0567951 -0.0155823 4.96466e-21)
(0.0589088 -0.0189016 4.36359e-21)
(0.0590046 -0.0219007 2.71109e-21)
(0.0579948 -0.0245666 0)
(0.0564587 -0.0268985 4.27266e-21)
(0.054761 -0.0288702 -2.02376e-21)
(0.0531311 -0.0305587 0)
(0.0198549 -0.00245864 0)
(0.0393241 -0.00641204 6.15856e-21)
(0.0496452 -0.0111063 -3.68805e-21)
(0.054497 -0.0156592 -3.33864e-21)
(0.0560942 -0.0199912 4.52472e-23)
(0.0558462 -0.0239874 -1.31716e-21)
(0.0546372 -0.0275968 1.24605e-21)
(0.0530082 -0.0308126 0)
(0.051282 -0.0336315 -1.97783e-21)
(0.0496544 -0.0361449 -1.79397e-21)
(0.0192215 -0.00138265 1.47401e-22)
(0.0375657 -0.00509403 -2.37785e-21)
(0.0470405 -0.0106027 -2.35206e-22)
(0.0512926 -0.0161486 1.21303e-23)
(0.0525138 -0.0214973 -1.14964e-21)
(0.052067 -0.0264573 0)
(0.0507864 -0.0309544 -1.24575e-21)
(0.0491654 -0.0349869 0)
(0.047485 -0.0385786 0)
(0.0459063 -0.0418254 0)
(0.0180459 -0.000465466 -3.10529e-22)
(0.0349117 -0.00415109 0)
(0.0435401 -0.0105681 0)
(0.0473093 -0.0171208 -1.39322e-21)
(0.048306 -0.0234482 3.8285e-22)
(0.0478049 -0.0293047 -2.76981e-23)
(0.0465726 -0.0346072 -6.58627e-22)
(0.0450516 -0.0393686 0)
(0.0434844 -0.0436387 0)
(0.0419995 -0.0475121 0)
(0.0163616 0.000203761 0)
(0.0314495 -0.00370087 -1.15115e-21)
(0.0392656 -0.0110953 1.06166e-21)
(0.0426832 -0.0186324 1.83836e-21)
(0.0436067 -0.0258675 0)
(0.043187 -0.032527 1.45179e-21)
(0.0421117 -0.0385349 -1.3501e-21)
(0.0407729 -0.0439247 0)
(0.0393804 -0.0487696 2.06947e-21)
(0.0380347 -0.0531577 -2.00422e-21)
(0.0141912 0.000535046 0)
(0.0272775 -0.00385838 9.80886e-21)
(0.0343521 -0.0122671 0)
(0.0375602 -0.0207303 7.77113e-21)
(0.0385567 -0.0287718 0)
(0.0383414 -0.0361208 -6.133e-21)
(0.0375171 -0.0427216 0)
(0.0364306 -0.0486338 4.726e-21)
(0.0352666 -0.0539493 -4.42626e-21)
(0.0341023 -0.0587453 -4.05211e-21)
(0.0116141 0.000448166 -2.7246e-21)
(0.022545 -0.00472051 -4.77279e-21)
(0.028965 -0.0141484 -2.25696e-21)
(0.0320999 -0.0234474 -3.91563e-21)
(0.0332987 -0.032171 -3.5617e-21)
(0.0333902 -0.0400811 3.0985e-21)
(0.0328925 -0.047156 2.82196e-21)
(0.0321143 -0.0534838 1.51085e-22)
(0.0312231 -0.0591711 4.5181e-21)
(0.0302762 -0.0642777 4.05504e-21)
(0.00874024 -0.000116713 -2.90941e-21)
(0.0174294 -0.00635485 -5.00625e-21)
(0.0232859 -0.0167802 -8.95587e-21)
(0.0264673 -0.0268013 4.09522e-21)
(0.0279739 -0.0360661 0)
(0.0284511 -0.0444006 0)
(0.0283346 -0.0518278 -5.50082e-21)
(0.0279041 -0.0584673 -4.89984e-21)
(0.0273182 -0.0644358 4.53753e-21)
(0.0266168 -0.0697685 -3.9805e-21)
(0.00569445 -0.00119534 2.85386e-21)
(0.0121238 -0.00879666 2.3768e-21)
(0.0175036 -0.0201786 -1.40481e-20)
(0.0208289 -0.0307934 2.03317e-20)
(0.0227224 -0.0404499 -3.68208e-21)
(0.0236388 -0.0490675 0)
(0.0239358 -0.0567251 0)
(0.0238728 -0.0635753 2.52986e-20)
(0.0236088 -0.0697431 -2.28637e-20)
(0.0231691 -0.075231 -1.25058e-20)
(0.00260993 -0.00279701 2.4146e-20)
(0.0068279 -0.0120472 0)
(0.0118088 -0.0243341 1.84873e-20)
(0.0153504 -0.0354094 -1.63467e-20)
(0.0176833 -0.0453066 0)
(0.0190688 -0.0540669 6.33035e-21)
(0.019789 -0.061833 -1.74508e-20)
(0.0200904 -0.0687945 -2.03683e-20)
(0.0201417 -0.075086 9.47114e-21)
(0.0199625 -0.0806692 8.61236e-21)
(-0.000378671 -0.00490369 -4.82761e-20)
(0.00174009 -0.0160734 -5.14562e-21)
(0.00638755 -0.0292122 -9.25102e-21)
(0.0101928 -0.0406198 -2.06336e-20)
(0.0129952 -0.0506148 -7.15437e-21)
(0.0148621 -0.0593838 -6.35999e-21)
(0.0159986 -0.0671396 -5.5421e-23)
(0.0166376 -0.0741108 0)
(0.0169675 -0.0804516 0)
(0.0170243 -0.0860787 1.74956e-20)
(-0.00314274 -0.00747108 2.41306e-20)
(-0.00295161 -0.0208088 -2.06774e-20)
(0.00141476 -0.0347534 1.40189e-20)
(0.00550807 -0.0463819 2.86615e-20)
(0.0087941 -0.0563506 -7.43256e-21)
(0.0111518 -0.0650117 6.40126e-21)
(0.0127045 -0.0726478 5.68898e-21)
(0.0136629 -0.0795218 0)
(0.0142371 -0.0858222 0)
(0.0144765 -0.0914378 -8.83322e-21)
(-0.00556718 -0.0104318 -2.96301e-21)
(-0.00707789 -0.0261559 2.57247e-20)
(-0.00295381 -0.0408745 -4.65184e-21)
(0.00142991 -0.0526403 0)
(0.0052025 -0.0624943 0)
(0.00807379 -0.0709743 1.29696e-20)
(0.0100962 -0.0784312 0)
(0.0114661 -0.0851403 -1.02896e-20)
(0.0123982 -0.0913015 3.21758e-22)
(0.0128187 -0.0967771 9.04256e-21)
(-0.00755671 -0.0137016 0)
(-0.0104958 -0.0319922 0)
(-0.00658935 -0.0474697 -1.7634e-20)
(-0.00193904 -0.0593233 0)
(0.00229907 -0.0690255 7.03759e-21)
(0.00569433 -0.0773435 -6.52217e-21)
(0.0082518 -0.0847567 0)
(0.0101622 -0.0916533 0)
(0.0115784 -0.0984114 -9.51514e-21)
(0.0122328 -0.105303 1.8457e-20)
(-0.00902673 -0.0171695 0)
(-0.013083 -0.0381642 -1.41838e-20)
(-0.00938696 -0.0544024 -3.83855e-21)
(-0.00452821 -0.0663211 -1.53634e-20)
(0.000103817 -0.0758517 -6.93814e-21)
(0.00394758 -0.0840092 -1.90039e-20)
(0.00693981 -0.0913931 0)
(0.00921375 -0.0984183 0)
(0.0108415 -0.105367 0)
(0.0116144 -0.112231 1.42961e-23)
(-0.00991363 -0.0206968 0)
(-0.0147483 -0.0444803 -3.7118e-21)
(-0.0112684 -0.0615001 9.06712e-21)
(-0.00628586 -0.0734813 1.15423e-20)
(-0.00136637 -0.082817 3.62875e-22)
(0.00281119 -0.0907644 2.4661e-22)
(0.00610875 -0.098011 1.13092e-20)
(0.00860192 -0.10494 -1.04179e-20)
(0.0103404 -0.111703 1.92745e-20)
(0.0112655 -0.118172 -1.85933e-20)
(-0.0101921 -0.0241454 -2.5055e-21)
(-0.0154442 -0.0507404 1.3714e-20)
(-0.0121864 -0.0685762 2.0425e-20)
(-0.00717478 -0.0806344 -2.15221e-20)
(-0.00208498 -0.0897524 1.35902e-20)
(0.00231215 -0.0974177 1.24036e-20)
(0.0058144 -0.104391 -5.66814e-21)
(0.00845928 -0.111024 2.07483e-20)
(0.0103095 -0.117397 -1.11534e-22)
(0.0114219 -0.123376 -9.32078e-21)
(-0.00986858 -0.0273793 -2.25959e-21)
(-0.0151621 -0.0567401 2.14706e-21)
(-0.0121219 -0.0754361 0)
(-0.00717272 -0.0876064 1.77581e-20)
(-0.00202729 -0.0964982 -3.21974e-21)
(0.0024842 -0.103821 7.93559e-23)
(0.00611041 -0.110417 -5.5142e-21)
(0.00886373 -0.116635 -1.53209e-20)
(0.0108249 -0.122542 -1.9597e-23)
(0.0121161 -0.128054 1.39074e-20)
(-0.00897843 -0.0302692 0)
(-0.0139316 -0.0622792 -1.12793e-20)
(-0.0110851 -0.0818864 3.56482e-21)
(-0.00627625 -0.0942262 -9.7915e-21)
(-0.00117963 -0.102909 3.07805e-21)
(0.00335122 -0.10986 7.52216e-23)
(0.00703074 -0.116017 5.17998e-23)
(0.00985131 -0.121764 1.01456e-20)
(0.0119028 -0.127194 -1.42675e-20)
(0.0133368 -0.132284 1.38707e-20)
(-0.00758441 -0.0327004 9.81027e-22)
(-0.0118199 -0.067171 7.4135e-21)
(-0.00911658 -0.0877414 0)
(-0.00450351 -0.100331 9.62776e-21)
(0.000456403 -0.108852 -8.69993e-21)
(0.00492355 -0.115437 -2.80367e-21)
(0.00859294 -0.121136 7.92526e-21)
(0.0114387 -0.126396 0)
(0.0135487 -0.131359 0)
(0.0150794 -0.136056 0)
(-0.00577267 -0.0345762 -8.70428e-22)
(-0.00892947 -0.0712501 -2.27863e-21)
(-0.00628728 -0.0928304 2.97462e-21)
(-0.00189564 -0.105768 4.3596e-21)
(0.00286166 -0.114206 4.38565e-21)
(0.00719637 -0.120463 2.63362e-21)
(0.0107996 -0.12572 0)
(0.0136292 -0.130503 4.93001e-21)
(0.0157626 -0.135014 -2.29562e-21)
(0.0173447 -0.139333 0)
(-0.0036481 -0.0358205 0)
(-0.00539467 -0.0743764 4.50992e-21)
(-0.00269726 -0.0970007 -2.9739e-21)
(0.00148255 -0.110399 -2.85887e-21)
(0.00599828 -0.118857 -6.1864e-23)
(0.0101493 -0.124858 -1.36777e-21)
(0.0136396 -0.129714 1.22717e-21)
(0.016415 -0.134047 0)
(0.018539 -0.138124 -2.32138e-21)
(0.0201332 -0.142069 -2.32094e-21)
(-0.00133024 -0.0364005 8.67046e-23)
(-0.00137961 -0.076453 -1.57624e-21)
(0.00152359 -0.100129 -1.79762e-22)
(0.00554118 -0.114098 -2.08831e-23)
(0.00980837 -0.122699 -9.95557e-22)
(0.0137459 -0.128541 0)
(0.017089 -0.133061 -1.22678e-21)
(0.0197791 -0.136984 0)
(0.0218665 -0.140649 0)
(0.0234431 -0.144217 0)
(0.00106179 -0.0364023 -1.52491e-22)
(0.00293734 -0.0774936 0)
(0.00622234 -0.102167 0)
(0.0101677 -0.116792 -8.47732e-22)
(0.0142143 -0.12566 3.32925e-22)
(0.017934 -0.131449 3.80905e-23)
(0.0211119 -0.135713 -5.71195e-22)
(0.0236952 -0.139278 0)
(0.0257282 -0.142554 0)
(0.0272712 -0.145739 0)
(0.00343908 -0.0358612 0)
(0.00741295 -0.0774845 -5.63231e-22)
(0.0112549 -0.103049 5.19418e-22)
(0.0152423 -0.118399 1.1602e-21)
(0.0191245 -0.127652 0)
(0.0226467 -0.13351 1.18802e-21)
(0.0256591 -0.137614 -1.1048e-21)
(0.0281268 -0.140883 0)
(0.0300984 -0.143802 2.314e-21)
(0.0316102 -0.146609 -2.22852e-21)
(0.00570954 -0.0347583 0)
(0.0118903 -0.0764099 3.62466e-21)
(0.0164612 -0.102732 0)
(0.0206272 -0.118851 4.01663e-21)
(0.0244357 -0.128606 0)
(0.0278053 -0.134661 -4.32425e-21)
(0.030671 -0.138711 0)
(0.0330271 -0.14176 4.6316e-21)
(0.0349333 -0.144364 -4.33784e-21)
(0.0364368 -0.146821 -4.57256e-21)
(0.00778483 -0.0331438 -8.3992e-22)
(0.0162043 -0.0743129 -1.90845e-21)
(0.0216723 -0.101222 -8.46664e-22)
(0.0261726 -0.118112 -1.9452e-21)
(0.0300222 -0.128468 -1.9133e-21)
(0.0333126 -0.134844 2.09611e-21)
(0.036074 -0.138957 2.07181e-21)
(0.0383398 -0.14188 -1.99238e-22)
(0.0401687 -0.144237 4.29343e-21)
(0.0416766 -0.146323 4.56862e-21)
(0.00959368 -0.0311006 -6.71325e-22)
(0.0202048 -0.0712817 -1.66571e-21)
(0.026719 -0.0985604 -3.46869e-21)
(0.0317204 -0.116181 1.66802e-21)
(0.0357495 -0.127206 0)
(0.0390581 -0.134015 0)
(0.0417732 -0.138306 -4.45076e-21)
(0.0439801 -0.141203 -4.55342e-21)
(0.0458015 -0.143373 4.40793e-21)
(0.0473263 -0.145119 -4.95426e-21)
(0.011083 -0.0287207 6.52432e-22)
(0.0237621 -0.0674336 9.0218e-22)
(0.0314404 -0.0948221 -4.12453e-21)
(0.0371092 -0.113086 8.4442e-21)
(0.0414732 -0.124808 -1.70577e-21)
(0.0449207 -0.13214 0)
(0.0476715 -0.136716 0)
(0.0498683 -0.139685 2.18267e-20)
(0.051703 -0.14175 -2.19606e-20)
(0.0532927 -0.14326 -1.44676e-20)
(0.0122187 -0.0261005 3.80789e-21)
(0.0267711 -0.0629078 0)
(0.0356905 -0.0901159 5.91646e-21)
(0.0421811 -0.108885 -6.59775e-21)
(0.0470435 -0.121289 0)
(0.0507683 -0.129201 4.08601e-21)
(0.0536554 -0.134154 -1.1821e-20)
(0.0559017 -0.137296 -1.74126e-20)
(0.0577704 -0.139356 8.32244e-21)
(0.0594639 -0.140699 9.11696e-21)
(0.0129859 -0.0233358 -7.23577e-21)
(0.029155 -0.0578593 -1.31463e-21)
(0.0393445 -0.0845791 -2.531e-21)
(0.0467878 -0.103671 -7.33817e-21)
(0.0523112 -0.11669 -3.6931e-21)
(0.0564636 -0.125201 -3.88826e-21)
(0.0596029 -0.130594 1.65203e-22)
(0.0619655 -0.133993 0)
(0.0638787 -0.136145 0)
(0.065687 -0.137413 1.86124e-20)
(0.0133877 -0.0205186 3.42793e-21)
(0.0308669 -0.0524514 -4.40234e-21)
(0.042303 -0.0783719 3.80965e-21)
(0.0507976 -0.0975651 1.05044e-20)
(0.0571339 -0.111087 -2.98066e-21)
(0.0618719 -0.120166 4.08309e-21)
(0.0653972 -0.126019 4.24072e-21)
(0.0679571 -0.129721 0)
(0.0698947 -0.132038 0)
(0.0717482 -0.133358 -9.04013e-21)
(0.0134439 -0.0177337 -3.86198e-22)
(0.0318906 -0.0468484 5.61033e-21)
(0.0444964 -0.0716716 -1.1133e-21)
(0.0541003 -0.0907208 0)
(0.0613834 -0.104586 0)
(0.0668679 -0.114152 7.11676e-21)
(0.0709313 -0.12042 0)
(0.0737853 -0.12435 -8.64475e-21)
(0.075634 -0.126677 -8.81643e-22)
(0.0771513 -0.127888 8.60847e-21)
(0.0131882 -0.0150532 0)
(0.0322377 -0.0412034 0)
(0.0458843 -0.0646586 -4.82253e-21)
(0.0566088 -0.0833082 0)
(0.0649497 -0.0973291 3.39315e-21)
(0.0713643 -0.107267 -3.14454e-21)
(0.076243 -0.11386 0)
(0.0799095 -0.117865 0)
(0.0826736 -0.120023 -9.18015e-21)
(0.0856227 -0.121202 1.8061e-20)
(0.0126486 -0.0125255 0)
(0.0319316 -0.0356474 -3.13546e-21)
(0.0464471 -0.0575082 -1.08905e-21)
(0.0582544 -0.0755142 -5.39719e-21)
(0.0677217 -0.0895015 -2.69094e-21)
(0.0752161 -0.0997152 -9.70701e-21)
(0.081118 -0.106673 0)
(0.0858416 -0.111018 0)
(0.0897928 -0.113617 0)
(0.0937651 -0.115488 1.93415e-22)
(0.0118549 -0.0101914 0)
(0.0310123 -0.0303085 -1.31142e-21)
(0.0461902 -0.0504007 2.38088e-21)
(0.0589903 -0.0675385 4.17096e-21)
(0.0695925 -0.0812976 8.52441e-23)
(0.0782461 -0.0916739 1.40368e-22)
(0.0852749 -0.0989937 7.0554e-21)
(0.091092 -0.10379 -7.59607e-21)
(0.0961046 -0.1069 1.68781e-20)
(0.100843 -0.109167 -1.75712e-20)
(0.0108543 -0.00809075 -4.17155e-22)
(0.0295453 -0.0253 3.20622e-21)
(0.0451512 -0.0435019 6.01041e-21)
(0.0588034 -0.0595704 -8.34566e-21)
(0.0704876 -0.0728981 5.43685e-21)
(0.0803123 -0.0832807 5.98505e-21)
(0.0885047 -0.0908692 -3.82414e-21)
(0.0954073 -0.0960662 1.56079e-20)
(0.10136 -0.0995988 7.48443e-22)
(0.106729 -0.102118 -8.13182e-21)
(0.0096976 -0.00625122 -5.31388e-22)
(0.027611 -0.0207129 5.04865e-22)
(0.0433935 -0.036957 0)
(0.0577159 -0.0517853 6.87957e-21)
(0.0703748 -0.0644794 -1.35784e-21)
(0.0813272 -0.0746843 2.64469e-22)
(0.0906786 -0.0823981 -3.16648e-21)
(0.0986661 -0.0878903 -1.13777e-20)
(0.105536 -0.0917553 -5.96426e-22)
(0.111529 -0.0944808 1.27714e-20)
(0.00843334 -0.0046866 0)
(0.0252975 -0.0166132 -3.86212e-21)
(0.0410015 -0.0308863 1.22022e-21)
(0.0557823 -0.0443427 -4.27234e-21)
(0.0692638 -0.0562152 1.36821e-21)
(0.0812522 -0.0660487 -2.06523e-22)
(0.0917203 -0.073719 -1.87018e-22)
(0.100783 -0.0793722 7.37646e-21)
(0.108586 -0.0834633 -1.15299e-20)
(0.115255 -0.086347 1.19479e-20)
(0.00710655 -0.00339959 2.65388e-22)
(0.0226963 -0.0130443 2.53876e-21)
(0.0380751 -0.0253855 0)
(0.0530852 -0.0373816 4.29217e-21)
(0.0672014 -0.0482698 -4.34988e-21)
(0.080091 -0.0575421 -1.6514e-21)
(0.0915936 -0.0649861 4.83509e-21)
(0.101697 -0.0706426 0)
(0.110443 -0.0748339 0)
(0.11785 -0.0778106 0)
(0.00575785 -0.00238409 -3.24867e-22)
(0.0198981 -0.0100289 -1.10926e-21)
(0.0347238 -0.0205242 1.44571e-21)
(0.0497293 -0.031018 2.23519e-21)
(0.0642678 -0.0407929 2.25647e-21)
(0.0778871 -0.0493292 1.54497e-21)
(0.0903036 -0.0563619 0)
(0.101381 -0.0618509 3.58676e-21)
(0.111058 -0.0660009 -1.60393e-21)
(0.119249 -0.068986 0)
(0.00442247 -0.00162706 0)
(0.0169891 -0.00757105 2.1671e-21)
(0.0310606 -0.0163478 -1.4454e-21)
(0.0458339 -0.025343 -1.47037e-21)
(0.0605698 -0.0339148 -3.08417e-23)
(0.0747202 -0.0415663 -8.08252e-22)
(0.0878957 -0.0480121 7.95268e-22)
(0.0998471 -0.0531592 0)
(0.110411 -0.0571147 -1.75515e-21)
(0.119403 -0.0600002 -1.92635e-21)
(0.00313353 -0.00111031 4.25623e-23)
(0.0140531 -0.00565955 -8.4958e-22)
(0.0272018 -0.0128787 -1.08267e-22)
(0.0415313 -0.0204229 -1.53763e-23)
(0.0562375 -0.027745 -5.78356e-22)
(0.0707026 -0.0343965 0)
(0.0844534 -0.0400999 -7.95045e-22)
(0.0971442 -0.0447361 0)
(0.108516 -0.0483366 0)
(0.118288 -0.0509901 0)
(0.001931 -0.000811553 -9.19955e-23)
(0.0111851 -0.00426941 0)
(0.0232817 -0.0101182 0)
(0.0369815 -0.0162986 -6.05626e-22)
(0.0514404 -0.0223688 2.18414e-22)
(0.0659963 -0.0279454 3.0032e-23)
(0.0801169 -0.0327804 -3.80412e-22)
(0.09338 -0.0367524 0)
(0.105442 -0.0398377 0)
(0.115933 -0.0421047 0)
(0.000829941 -0.000705262 0)
(0.00844138 -0.00336112 -4.42708e-22)
(0.0193967 -0.00803952 4.08251e-22)
(0.0323113 -0.0129728 8.11944e-22)
(0.0463238 -0.0178282 0)
(0.0607516 -0.0222968 8.24311e-22)
(0.0750279 -0.0261743 -7.66546e-22)
(0.0886765 -0.0293556 0)
(0.101282 -0.0317797 1.70104e-21)
(0.112398 -0.0334983 -1.62556e-21)
(-0.00016842 -0.000766818 0)
(0.00585792 -0.00289123 3.68621e-21)
(0.0156209 -0.0066053 0)
(0.0276308 -0.0104317 3.47619e-21)
(0.0410272 -0.0141455 0)
(0.0551264 -0.0175149 -3.26431e-21)
(0.0693496 -0.020387 0)
(0.0831895 -0.0226853 3.29871e-21)
(0.0961733 -0.0243266 -3.08945e-21)
(0.107792 -0.0253418 -3.28484e-21)
(-0.00105647 -0.000972483 -9.42784e-22)
(0.0034741 -0.00281205 -1.82318e-21)
(0.0120291 -0.0057659 -8.91968e-22)
(0.0230499 -0.00864112 -1.67196e-21)
(0.0356912 -0.0113164 -1.66655e-21)
(0.049285 -0.0136351 1.57776e-21)
(0.0632596 -0.0154972 1.5683e-21)
(0.0770986 -0.0168609 -1.00705e-22)
(0.0902877 -0.0176309 3.06607e-21)
(0.102263 -0.0178073 3.28538e-21)
(-0.00182712 -0.0012986 -9.4779e-22)
(0.00132294 -0.00307098 -2.01512e-21)
(0.00868474 -0.00545854 -3.9555e-21)
(0.0186643 -0.00754498 1.78843e-21)
(0.0304431 -0.00930662 0)
(0.0433817 -0.010658 0)
(0.0569327 -0.011549 -3.32163e-21)
(0.0705909 -0.011973 -3.25028e-21)
(0.0838174 -0.0118266 3.11871e-21)
(0.095998 -0.0110622 -3.57135e-21)
(-0.00247571 -0.00172141 1.03849e-21)
(-0.000571549 -0.00361111 1.1078e-21)
(0.00563653 -0.00560887 -6.08148e-21)
(0.0145501 -0.00706642 9.55443e-21)
(0.0253872 -0.00805185 -1.76509e-21)
(0.0375473 -0.00854625 0)
(0.0505223 -0.00854538 0)
(0.0638391 -0.00807477 1.60504e-20)
(0.0769536 -0.00702193 -1.55752e-20)
(0.089205 -0.00526585 -9.85232e-21)
(-0.00299918 -0.00221648 8.59314e-21)
(-0.00219314 -0.00437155 0)
(0.00291864 -0.0061324 8.02417e-21)
(0.0107629 -0.00710934 -7.64393e-21)
(0.0206009 -0.00745681 0)
(0.0318793 -0.00721939 3.52987e-21)
(0.0441425 -0.00643709 -9.97768e-21)
(0.0569729 -0.00516615 -1.287e-20)
(0.0698514 -0.00328334 6.08097e-21)
(0.0820788 -0.000555165 6.19668e-21)
(-0.00339539 -0.00275819 -1.75822e-20)
(-0.00353215 -0.00528812 -2.24885e-21)
(0.000552936 -0.00693662 -4.35342e-21)
(0.00733946 -0.00756088 -1.00622e-20)
(0.0161354 -0.00739596 -3.80172e-21)
(0.0264365 -0.00654887 -3.66319e-21)
(0.0378487 -0.0051072 -9.94946e-23)
(0.0500364 -0.00316599 0)
(0.0625591 -0.000601358 0)
(0.0747224 0.00298991 1.23192e-20)
(-0.00366332 -0.00331962 8.98931e-21)
(-0.0045846 -0.00629491 -9.325e-21)
(-0.00144832 -0.00792471 6.36438e-21)
(0.00430409 -0.00829632 1.42615e-20)
(0.0120247 -0.00771625 -3.82419e-21)
(0.0212497 -0.00635199 3.50057e-21)
(0.0316352 -0.0043471 3.39609e-21)
(0.0429319 -0.00186361 0)
(0.0548333 0.00115951 0)
(0.0667854 0.00534665 -5.99046e-21)
(-0.00380388 -0.00387334 -1.19695e-21)
(-0.00535175 -0.00732729 1.17255e-20)
(-0.00307899 -0.00900189 -2.21221e-21)
(0.00167751 -0.00918912 0)
(0.00830835 -0.00824761 0)
(0.0163688 -0.00638745 7.34278e-21)
(0.0255191 -0.0037941 0)
(0.0355107 -0.000706357 -6.63072e-21)
(0.0461042 0.00271915 -7.75492e-24)
(0.0570476 0.00709317 5.95766e-21)
(-0.00382074 -0.00439322 0)
(-0.00584013 -0.00832673 0)
(-0.00433768 -0.0100853 -9.34591e-21)
(-0.000517146 -0.0101318 0)
(0.00505208 -0.00884563 4.08139e-21)
(0.0119354 -0.00643019 -3.7823e-21)
(0.0197589 -0.00301239 0)
(0.0281655 0.00133372 0)
(0.0368572 0.0066422 -6.75239e-21)
(0.0457953 0.0136373 1.31866e-20)
(-0.00371841 -0.00485231 0)
(-0.00606044 -0.00924268 -7.68384e-21)
(-0.00522762 -0.0111115 -2.60315e-21)
(-0.00225858 -0.0110569 -9.00383e-21)
(0.00233393 -0.0094576 -4.24578e-21)
(0.00815679 -0.00649109 -1.17928e-20)
(0.0148773 -0.00222704 0)
(0.0222166 0.00335325 0)
(0.0300897 0.0103137 0)
(0.0386155 0.0188622 1.51908e-22)
(-0.0035062 -0.00522453 0)
(-0.00603145 -0.0100326 -2.90229e-21)
(-0.00576159 -0.0120357 4.61358e-21)
(-0.00354388 -0.0119304 6.74408e-21)
(0.000179657 -0.010087 -2.15854e-22)
(0.00507661 -0.00666634 -2.0525e-22)
(0.0108805 -0.00172579 7.64717e-21)
(0.0173959 0.00473123 -7.25243e-21)
(0.0245968 0.0126612 1.39495e-20)
(0.0324571 0.0219202 -1.36242e-20)
(-0.00320126 -0.00549365 -1.38219e-21)
(-0.00577978 -0.0106692 7.83276e-21)
(-0.0059615 -0.0128322 1.23371e-20)
(-0.00438751 -0.0127383 -1.41727e-20)
(-0.00142437 -0.0107483 8.59403e-21)
(0.00265828 -0.00701945 8.06676e-21)
(0.00765213 -0.00162577 -3.79989e-21)
(0.0134098 0.00536845 1.46764e-20)
(0.0198916 0.0138087 3.22246e-22)
(0.0269623 0.0233904 -6.83844e-21)
(-0.00282343 -0.00565038 -1.43028e-21)
(-0.00533678 -0.0111419 1.35896e-21)
(-0.00585319 -0.0134909 0)
(-0.00480949 -0.0134777 1.1877e-20)
(-0.00249922 -0.0114506 -2.22823e-21)
(0.000866349 -0.00757043 -2.51113e-23)
(0.00512641 -0.00193417 -3.9488e-21)
(0.0101617 0.00534253 -1.14185e-20)
(0.0159076 0.01404 1.23049e-23)
(0.0221772 0.0237977 1.06842e-20)
(-0.00239572 -0.00569396 0)
(-0.00473417 -0.0114534 -8.45839e-21)
(-0.00546024 -0.0140161 2.59478e-21)
(-0.00482694 -0.0141519 -7.41945e-21)
(-0.00306019 -0.0121964 2.28043e-21)
(-0.000320189 -0.00831299 -8.34753e-23)
(0.00327121 -0.00261734 -8.06528e-23)
(0.00761435 0.00474483 7.71039e-21)
(0.0126261 0.01353 -1.1074e-20)
(0.0181069 0.0233748 1.08274e-20)
(-0.00194015 -0.00563506 7.47119e-22)
(-0.00399907 -0.0116182 5.6444e-21)
(-0.00480071 -0.0144214 0)
(-0.00444859 -0.0147688 7.47329e-21)
(-0.00311056 -0.0129814 -7.08217e-21)
(-0.000903219 -0.00922412 -2.23096e-21)
(0.00208355 -0.00362235 6.20491e-21)
(0.00576805 0.00366756 0)
(0.0100619 0.0124057 0)
(0.0147761 0.0222539 0)
(-0.0014747 -0.0054919 -7.62249e-22)
(-0.00315178 -0.0116648 -2.19984e-21)
(-0.00388387 -0.0147289 2.73839e-21)
(-0.00367229 -0.0153379 3.8597e-21)
(-0.00263782 -0.0137958 3.56207e-21)
(-0.000862438 -0.0102684 2.28855e-21)
(0.00159149 -0.0048831 0)
(0.00466178 0.00220748 4.08805e-21)
(0.00826873 0.0107837 -1.87768e-21)
(0.0122444 0.0205478 0)
(-0.00101172 -0.00528941 0)
(-0.00220294 -0.0116307 4.40575e-21)
(-0.00270827 -0.0149672 -2.7378e-21)
(-0.00248366 -0.0158691 -2.57223e-21)
(-0.00161502 -0.0146247 -1.19192e-24)
(-0.000157963 -0.0114007 -1.14341e-21)
(0.0018488 -0.00632341 1.10583e-21)
(0.00436477 0.000467291 0)
(0.00733043 0.00878194 -1.95085e-21)
(0.0106015 0.0183705 -1.9307e-21)
(-0.000556328 -0.00506076 9.75059e-23)
(-0.00115191 -0.0115614 -1.66976e-21)
(-0.00126182 -0.0151689 -1.8004e-22)
(-0.000858775 -0.0163721 -7.1462e-24)
(-5.19167e-06 -0.0154482 -9.25996e-22)
(0.00126224 -0.0125681 0)
(0.00292484 -0.00785689 -1.10551e-21)
(0.00496527 -0.00143918 0)
(0.0073521 0.0065301 0)
(0.00996159 0.015853 0)
)
;

boundaryField
{
    inlet
    {
        type            uniformFixedValue;
        uniformValue    constant (1 0 0);
        value           uniform (1 0 0);
    }
    outlet
    {
        type            pressureInletOutletVelocity;
        value           nonuniform List<vector> 
40
(
(0.0123779 0.0113155 0)
(0.0181616 0.0701301 0)
(0.0210932 0.128825 0)
(0.0205502 0.188455 0)
(0.0182148 0.253951 0)
(0.0152704 0.325989 0)
(0.0107044 0.405276 0)
(0.00662261 0.500547 0)
(0.000453316 0.618264 0)
(-0.000127995 0.727217 0)
(0 -0.0191993 0)
(0 -0.0312542 0)
(0 -0.0424235 0)
(0 -0.0526703 0)
(0 -0.0619842 0)
(0 -0.0703817 0)
(0 -0.0779031 0)
(0 -0.084607 0)
(0 -0.0905637 0)
(0 -0.0958506 0)
(0 -0.100548 0)
(0 -0.104738 0)
(0 -0.108499 0)
(0 -0.111909 0)
(0 -0.115044 0)
(0 -0.117977 0)
(0 -0.120778 0)
(0 -0.123513 0)
(0 -0.126249 0)
(0 -0.129051 0)
(0 -0.135999 0)
(0 -0.15223 0)
(0 -0.175844 0)
(0 -0.208237 0)
(0 -0.248862 0)
(0 -0.294361 0)
(0 -0.338942 0)
(0 -0.376376 0)
(0 -0.40245 0)
(0 -0.415612 0)
)
;
    }
    cylinder
    {
        type            fixedValue;
        value           uniform (0 0 0);
    }
    top
    {
        type            symmetryPlane;
    }
    bottom
    {
        type            symmetryPlane;
    }
    defaultFaces
    {
        type            empty;
    }
}


// ************************************************************************* //
