/*--------------------------------*- C++ -*----------------------------------*\
  =========                 |
  \\      /  F ield         | OpenFOAM: The Open Source CFD Toolbox
   \\    /   O peration     | Website:  https://openfoam.org
    \\  /    A nd           | Version:  7
     \\/     M anipulation  |
\*---------------------------------------------------------------------------*/
FoamFile
{
    version     2.0;
    format      ascii;
    class       surfaceScalarField;
    location    "33.2";
    object      phi;
}
// * * * * * * * * * * * * * * * * * * * * * * * * * * * * * * * * * * * * * //

dimensions      [0 3 -1 0 0 0 0];

internalField   nonuniform List<scalar> 
3880
(
0.000108694
-0.00242768
0.00231898
0.000352096
-0.00366356
0.00342016
0.000695343
-0.00289992
0.00255667
0.00110302
-0.000912897
0.000505217
0.00153278
0.00179991
-0.00222967
0.00194494
0.00490028
-0.00531244
0.00231151
0.00815806
-0.00852462
0.00261876
0.0114153
-0.0117225
0.0028629
0.0145525
-0.0147966
0.0174624
0.00304008
-0.0176396
8.41293e-05
-0.0025118
0.000300823
-0.00388026
0.00063996
-0.00323905
0.00108165
-0.00135458
0.00159013
0.00129143
0.00212419
0.00436621
0.00264893
0.00763332
0.00314101
0.0109232
0.00358612
0.0141073
0.017077
0.00397144
5.96358e-05
-0.00257144
0.000250356
-0.00407098
0.000586782
-0.00357548
0.00106651
-0.00183431
0.00166365
0.000694285
0.002338
0.00369186
0.00304824
0.00692309
0.00376024
0.0102112
0.00444789
0.0134197
0.0164364
0.00508848
3.56058e-05
-0.00260705
0.000200549
-0.00423592
0.000532268
-0.0039072
0.00104672
-0.00234876
0.00173155
9.45647e-06
0.00255202
0.00287139
0.00346331
0.0060118
0.00442112
0.00925337
0.00538613
0.0124547
0.015499
0.00632359
1.34086e-05
-0.00262046
0.000153213
-0.00437573
0.000476138
-0.00423012
0.00101526
-0.00288788
0.00177475
-0.000750035
0.00273123
0.00191491
0.0038424
0.00490063
0.00505754
0.00803823
0.00632446
0.0111878
0.0142298
0.00759362
-5.4262e-06
-0.00261503
0.000112677
-0.00449383
0.000423236
-0.00454068
0.000972852
-0.0034375
0.00178317
-0.00156035
0.00284787
0.000850205
0.00413589
0.00361262
0.00559841
0.0065757
0.00717507
0.0096111
0.0126056
0.00879928
-1.89016e-05
-0.00259613
8.59961e-05
-0.00459873
0.00038445
-0.00483914
0.000930925
-0.00398397
0.00176196
-0.00239139
0.00289151
-0.000279339
0.00430868
0.00219545
0.00597937
0.00490502
0.00784742
0.00774304
0.0106209
0.00983212
-2.17187e-05
-0.00257441
8.23105e-05
-0.00470275
0.000375813
-0.00513264
0.000911893
-0.00452005
0.00173531
-0.0032148
0.00287837
-0.0014224
0.00435558
0.000718235
0.00616138
0.00309922
0.00826597
0.00563845
0.00829551
0.0105914
-1.08629e-05
-0.00256355
0.000110591
-0.00482421
0.000415175
-0.00543722
0.000945183
-0.00505006
0.00174389
-0.00401351
0.00285358
-0.00253209
0.00431107
-0.000739252
0.00614657
0.00126371
0.00838768
0.00339734
0.00567224
0.011011
1.52671e-05
-0.00257881
0.000177114
-0.00498605
0.000516744
-0.00577685
0.00105864
-0.00559196
0.00183431
-0.00478918
0.00288201
-0.00357979
0.00424441
-0.00210164
0.00596797
-0.000459852
0.00814176
0.00122354
0.0110101
0.00280393
0.00215688
0.0822472
-0.081364
0.000847252
0.111928
-0.110619
-0.00033479
0.135995
-0.134813
-0.00107616
0.155183
-0.154441
-0.00114131
0.170827
-0.170762
-0.000723617
0.186071
-0.186488
-8.52622e-07
0.206624
-0.207347
0.000155619
0.238843
-0.238999
0.000208716
0.289674
-0.289727
0.345574
-0.345365
0.00355277
0.0826659
0.00257256
0.112908
0.00155806
0.137009
0.000890338
0.15585
0.000768422
0.170949
0.00101136
0.185828
0.00142922
0.206206
0.00144614
0.238826
0.000913769
0.290206
0.346488
0.00513349
0.0826208
0.00446903
0.113573
0.00360407
0.137874
0.00294641
0.156508
0.00268189
0.171214
0.00274835
0.185761
0.00292527
0.206029
0.00266805
0.239083
0.00164969
0.291225
0.348138
0.00685453
0.0820899
0.00649379
0.113934
0.00575304
0.138615
0.0050485
0.157213
0.00461559
0.171647
0.00445549
0.185921
0.00439896
0.206086
0.00386073
0.239621
0.00237673
0.292709
0.350514
0.00865519
0.0810283
0.00859544
0.113993
0.0079559
0.139254
0.00717047
0.157998
0.00653458
0.172282
0.0061275
0.186328
0.00582957
0.206384
0.0050319
0.240419
0.00309489
0.294646
0.353609
0.0104608
0.0793668
0.0107116
0.113743
0.0101617
0.139804
0.00927292
0.158887
0.0084096
0.173146
0.00773932
0.186999
0.00719231
0.206931
0.00614699
0.241464
0.00377404
0.297019
0.357383
0.0121954
0.0770035
0.0128007
0.113137
0.01235
0.140255
0.0113452
0.159892
0.010237
0.174254
0.0092897
0.187946
0.00849871
0.207722
0.00722776
0.242735
0.00444321
0.299803
0.361826
0.0137524
0.0738426
0.0147589
0.112131
0.0144287
0.140585
0.0133172
0.161003
0.0119647
0.175607
0.0107292
0.189181
0.00968498
0.208766
0.00819554
0.244225
0.00504171
0.302957
0.366868
0.0151133
0.0697402
0.016658
0.110586
0.0164837
0.140759
0.0152646
0.162222
0.0136608
0.17721
0.0121324
0.19071
0.0108516
0.210047
0.00916056
0.245916
0.00564829
0.306469
0.372516
0.0159579
0.0647924
0.0180881
0.108456
0.0181877
0.14066
0.0169541
0.163456
0.0151667
0.178998
0.0133198
0.192557
0.0118193
0.211547
0.00989138
0.247844
0.00618617
0.310175
0.378703
-0.000123802
0.0758364
-0.0109202
-0.00890917
0.117241
-0.0139501
0.145701
-0.0155244
0.16503
-0.0146379
0.178111
-0.0121145
0.190033
-0.00865283
0.208086
-0.00558327
0.244774
-0.0031519
0.307743
0.375551
0.00238848
0.0845241
-0.0110762
-0.00477184
0.124402
-0.00989636
0.150825
-0.0123864
0.16752
-0.0127392
0.178464
-0.0115005
0.188795
-0.00918188
0.205767
-0.00657942
0.242172
-0.00378378
0.304948
0.371767
0.0041588
0.0914082
-0.0110429
-0.00150074
0.130061
-0.00614716
0.155472
-0.00888812
0.170261
-0.0099693
0.179545
-0.00965525
0.188481
-0.00817602
0.204288
-0.00609347
0.240089
-0.00356308
0.302417
0.368204
0.00584122
0.0956074
-0.0100404
0.0018752
0.134027
-0.0025015
0.159848
-0.00594124
0.173701
-0.00812161
0.181726
-0.00901761
0.189377
-0.00862642
0.203897
-0.00692195
0.238385
-0.00411035
0.299606
0.364093
0.00629775
0.0977253
-0.00841562
0.00433555
0.135989
0.00116972
0.163014
-0.00210613
0.176977
-0.00468463
0.184304
-0.00630989
0.191002
-0.0068057
0.204392
-0.00610398
0.237683
-0.00388867
0.29739
0.360205
0.00694447
0.098129
-0.00734816
0.00599119
0.136943
0.00309731
0.165908
-0.000398514
0.180472
-0.00342658
0.187332
-0.0056206
0.193196
-0.00661694
0.205389
-0.00597673
0.237043
-0.00372878
0.295142
0.356476
0.00743202
0.0970885
-0.0063916
0.00808808
0.136287
0.00628544
0.167711
0.00292584
0.183832
-0.000581535
0.19084
-0.00346932
0.196084
-0.0053702
0.20729
-0.00574181
0.237414
-0.00392225
0.293323
0.352554
0.00739881
0.0959511
-0.00626133
0.00783418
0.135851
0.00645547
0.169089
0.00372251
0.186565
0.000631783
0.19393
-0.0020552
0.198771
-0.00392819
0.209163
-0.00448593
0.237972
-0.00317232
0.292009
0.349381
0.00835406
0.0938662
-0.00626921
0.00959025
0.134615
0.00857953
0.1701
0.00577225
0.189372
0.00224451
0.197458
-0.00105375
0.202069
-0.00351602
0.211625
-0.00451021
0.238966
-0.00332244
0.290821
0.346059
0.00546371
-0.00415431
0.00681821
0.00696647
0.00553913
0.00330379
0.000889459
-0.00127166
-0.00275653
-0.00241394
0.0135348
-0.0150483
-0.00940672
0.0165265
-0.0140679
0.0186249
-0.0131413
0.0199379
-0.0113535
0.0206763
-0.00915404
0.0208701
-0.00754192
0.0207696
-0.00629111
0.0204659
-0.00595766
0.0200166
-0.00581992
-0.00405583
0.012951
-0.0188088
-0.00919047
0.0157714
-0.0168883
0.0176831
-0.015053
0.0188149
-0.0124852
0.0193647
-0.00970385
0.0193789
-0.00755621
0.0191002
-0.00601241
0.018606
-0.00546344
0.0180069
-0.00522077
-0.00381861
0.0128128
-0.0221437
-0.00947797
0.0151862
-0.0192617
0.0167217
-0.0165885
0.0175406
-0.0133041
0.0178252
-0.00998843
0.0176386
-0.0073696
0.0171944
-0.00556817
0.0165659
-0.00483498
0.0158825
-0.00453734
-0.00347598
0.012603
-0.0248927
-0.00985389
0.0144035
-0.0210623
0.0154759
-0.0176609
0.0159339
-0.013762
0.0159444
-0.00999894
0.0155797
-0.00700494
0.0150136
-0.00500205
0.0143134
-0.00413479
0.0136004
-0.00382429
-0.00306332
0.0119023
-0.0269388
-0.00985621
0.0130925
-0.0222524
0.0137099
-0.0182783
0.0138438
-0.013896
0.0136378
-0.00979299
0.0131595
-0.00652662
0.0125374
-0.0043799
0.0118308
-0.00342826
0.0111351
-0.00312857
-0.00261331
0.0104397
-0.0282524
-0.00912609
0.0110706
-0.0228833
0.0113152
-0.018523
0.0112169
-0.0137977
0.0108882
-0.00946422
0.0103796
-0.00601808
0.00977484
-0.00377512
0.00912252
-0.00277594
0.00848387
-0.00248992
-0.0021573
0.00815791
-0.0288945
-0.00751586
0.00834495
-0.0230704
0.00833453
-0.0185125
0.00811124
-0.0135744
0.00775553
-0.00910851
0.00729514
-0.00555769
0.0067728
-0.00325278
0.00622332
-0.00222645
0.00567432
-0.00194093
-0.00172488
0.00519464
-0.0289819
-0.00510725
0.00507395
-0.0229497
0.00492145
-0.01836
0.00466522
-0.0133181
0.00435829
-0.00880158
0.00400503
-0.00520443
0.00361175
-0.0028595
0.00319785
-0.00181255
0.00276256
-0.00150564
-0.001344
0.00180384
-0.0286483
-0.00213743
0.00149557
-0.0226414
0.00128072
-0.0181452
0.00105958
-0.013097
0.000846561
-0.00858856
0.000637544
-0.00499541
0.000396292
-0.00261825
0.000136033
-0.00155229
-0.000195811
-0.00117379
-0.00106144
-0.00173345
-0.0280193
0.00110451
-0.0021403
-0.0222345
-0.00236234
-0.0179232
-0.00252147
-0.0129379
-0.00262324
-0.00848679
-0.00268154
-0.00493711
-0.00276158
-0.00253821
-0.00287047
-0.00144341
-0.00305159
-0.000992669
-0.000851569
-0.0051683
-0.0271944
0.00434337
-0.00561981
-0.021783
-0.00582967
-0.0177133
-0.00591865
-0.0128489
-0.00590834
-0.00849711
-0.00582389
-0.00502156
-0.00575579
-0.00260631
-0.00572689
-0.00147232
-0.0057908
-0.000928753
-0.000736509
-0.00833101
-0.026273
0.00740955
-0.00878729
-0.0213267
-0.00898718
-0.0175134
-0.00900191
-0.0128342
-0.00889726
-0.00860176
-0.00869259
-0.00522623
-0.00850512
-0.00279378
-0.00836713
-0.0016103
-0.00833731
-0.000958574
-0.000703724
-0.0111083
-0.0253277
0.0101631
-0.0115443
-0.0208908
-0.0117416
-0.0173161
-0.0116915
-0.0128843
-0.0115197
-0.00877354
-0.0112295
-0.00551649
-0.0109619
-0.0030613
-0.0107533
-0.00181898
-0.010661
-0.00105085
-0.000729783
-0.0134507
-0.024409
0.012532
-0.0138492
-0.0204922
-0.0140538
-0.0171115
-0.0139567
-0.0129814
-0.0137497
-0.00898054
-0.0134161
-0.00585008
-0.013113
-0.00336442
-0.0128764
-0.00205556
-0.0127563
-0.00117101
-0.000785719
-0.0153574
-0.0235408
0.0144891
-0.0157066
-0.0201429
-0.0159272
-0.0168909
-0.0158087
-0.0130999
-0.0155985
-0.0091907
-0.015267
-0.00618166
-0.0149718
-0.00365955
-0.0147493
-0.00227815
-0.0146349
-0.00128539
-0.000840552
-0.0168599
-0.0227159
0.016035
-0.0171525
-0.0198503
-0.0173946
-0.0166489
-0.0172855
-0.0132091
-0.0171016
-0.00937456
-0.0168158
-0.00646743
-0.0165672
-0.00390817
-0.0163962
-0.00244918
-0.0163184
-0.00136319
-0.000863195
-0.0180019
-0.0218964
0.0171823
-0.0182397
-0.0196125
-0.0185018
-0.0163867
-0.0184365
-0.0132744
-0.018304
-0.00950711
-0.018103
-0.0066684
-0.017933
-0.00407816
-0.0178457
-0.00253649
-0.0178325
-0.00137641
-0.000823176
-0.0188053
-0.0210365
0.0179454
-0.0190148
-0.0194029
-0.019292
-0.0161095
-0.0193088
-0.0132576
-0.0192495
-0.00956634
-0.0191662
-0.0067517
-0.0191015
-0.0041429
-0.0191254
-0.00251254
-0.0192031
-0.00129871
-0.000690676
-0.0192754
-0.0201081
0.0183469
-0.0195238
-0.0191545
-0.0198077
-0.0158256
-0.0199415
-0.0131238
-0.0199749
-0.00953294
-0.0200353
-0.00669133
-0.020099
-0.00407923
-0.0202594
-0.0023521
-0.0204546
-0.00110356
-0.000436102
-0.0194499
-0.019133
0.0184749
-0.0198188
-0.0187855
-0.0200664
-0.0155781
-0.0203306
-0.0128596
-0.0204807
-0.00938293
-0.0207111
-0.00646084
-0.0209354
-0.00385499
-0.0212614
-0.00202604
-0.0216117
-0.000753264
-3.26983e-05
-0.08179
-0.018153
0.08081
-0.0850308
-0.0155447
-0.087368
-0.0132408
-0.0897127
-0.0105149
-0.0911701
-0.00792555
-0.092233
-0.00539793
-0.0926687
-0.00341929
-0.0928677
-0.00182703
-0.0928559
-0.000765119
-4.39516e-05
-0.101644
-0.0165048
0.0999961
-0.10402
-0.0131691
-0.105843
-0.0114184
-0.107744
-0.00861297
-0.109003
-0.00666739
-0.109932
-0.00446827
-0.110347
-0.00300474
-0.110532
-0.00164166
-0.110525
-0.000772714
-6.15551e-05
-0.121561
-0.0146588
0.119715
-0.123475
-0.0112556
-0.125157
-0.00973621
-0.126676
-0.00709427
-0.1277
-0.0056431
-0.128422
-0.00374594
-0.128742
-0.00268482
-0.128878
-0.0015057
-0.128855
-0.000796467
-7.44968e-05
-0.142972
-0.0129422
0.141255
-0.14463
-0.00959715
-0.146096
-0.00826965
-0.147293
-0.00589744
-0.148131
-0.00480497
-0.148709
-0.00316821
-0.14897
-0.00242397
-0.149089
-0.00138686
-0.14907
-0.000815087
-7.81967e-05
-0.167777
-0.0111486
0.165984
-0.169218
-0.00815622
-0.170508
-0.00697988
-0.171507
-0.00489787
-0.172252
-0.00406005
-0.172756
-0.00266494
-0.173023
-0.00215673
-0.173178
-0.00123207
-0.173199
-0.000794063
-5.96716e-05
-0.197876
-0.00927304
0.196001
-0.19926
-0.00677242
-0.200538
-0.00570179
-0.201501
-0.00393504
-0.202241
-0.00332019
-0.202759
-0.00214692
-0.203131
-0.00178443
-0.203409
-0.000954164
-0.203556
-0.000646827
5.58459e-06
-0.233769
-0.00701784
0.231514
-0.235622
-0.00491997
-0.237132
-0.0041914
-0.238133
-0.0029345
-0.238934
-0.00251832
-0.239551
-0.00153
-0.240095
-0.00124036
-0.240564
-0.000485974
-0.240893
-0.000317624
8.85971e-05
-0.27427
-0.00500867
0.272261
-0.275366
-0.00382343
-0.276457
-0.00310032
-0.277432
-0.00195961
-0.278366
-0.0015845
-0.279074
-0.000821854
-0.279739
-0.000575762
-0.280233
8.26168e-06
-0.28059
3.96907e-05
0.000170678
-0.30381
-0.00237351
0.301175
-0.306434
-0.00120025
-0.308531
-0.00100289
-0.309793
-0.000697209
-0.310774
-0.000603851
-0.311285
-0.000311194
-0.311715
-0.000145619
-0.311862
0.000154847
-0.311972
0.000149919
0.000119281
-0.324495
0.322122
-0.325695
-0.326698
-0.327395
-0.327999
-0.328311
-0.328456
-0.328301
-0.328151
-0.0215617
0.0828767
0.019495
-0.0227032
0.101138
-0.0231606
0.120173
-0.0230154
0.14111
-0.022323
0.165291
-0.0208707
0.194548
-0.0184777
0.229121
-0.0124904
0.266273
-0.00784344
0.296528
0.314278
-0.0205618
0.0842245
0.019214
-0.0214851
0.102061
-0.0217635
0.120451
-0.0214598
0.140806
-0.0206299
0.164461
-0.0191002
0.193019
-0.0165723
0.226593
-0.0122157
0.261917
-0.00686181
0.291174
0.307416
-0.0196555
0.0853156
0.0185645
-0.0203669
0.102772
-0.0204889
0.120573
-0.0201004
0.140418
-0.0192361
0.163597
-0.0177397
0.191522
-0.0152695
0.224123
-0.0113418
0.257989
-0.00620542
0.286038
0.301211
-0.0185945
0.0862631
0.017647
-0.0191109
0.103289
-0.0190689
0.120531
-0.0185849
0.139934
-0.0176852
0.162697
-0.0162221
0.190059
-0.0138682
0.221769
-0.0103103
0.254431
-0.00552396
0.281252
0.295687
-0.0173579
0.0870897
0.0165313
-0.0177138
0.103645
-0.0175366
0.120354
-0.0169712
0.139368
-0.0160444
0.161771
-0.0146201
0.188635
-0.012416
0.219565
-0.00918575
0.251201
-0.00487206
0.276938
0.290815
-0.0159629
0.0877856
0.0152669
-0.0161648
0.103846
-0.0158752
0.120064
-0.0152497
0.138743
-0.0143132
0.160834
-0.0129462
0.187268
-0.010917
0.217536
-0.00801663
0.2483
-0.00424015
0.273162
0.286575
-0.0144462
0.0883405
0.0138913
-0.0144921
0.103892
-0.0140977
0.11967
-0.0134232
0.138068
-0.0124911
0.159902
-0.0112014
0.185978
-0.00936926
0.215703
-0.00682471
0.245756
-0.00360392
0.269941
0.282971
-0.0128413
0.0887432
0.0124386
-0.0127354
0.103786
-0.0122393
0.119174
-0.0115194
0.137348
-0.0105982
0.158981
-0.0093998
0.18478
-0.0077826
0.214086
-0.00561923
0.243593
-0.00295677
0.267278
0.280014
-0.0111798
0.0889797
0.0109433
-0.0109306
0.103537
-0.0103364
0.11858
-0.0095733
0.136585
-0.00866571
0.158073
-0.00756645
0.18368
-0.00617504
0.212695
-0.00440702
0.241825
-0.00230198
0.265173
0.277712
-0.00949361
0.0890317
0.00944157
-0.00911154
0.103155
-0.00841993
0.117888
-0.00761643
0.135782
-0.00672291
0.15718
-0.00572786
0.182685
-0.00456783
0.211535
-0.00319998
0.240457
-0.0016487
0.263622
0.276063
-0.0078194
0.0888738
0.00797727
-0.00732004
0.102656
-0.00652537
0.117093
-0.00568365
0.13494
-0.00480154
0.156298
-0.00391057
0.181794
-0.0029803
0.210605
-0.00201081
0.239487
-0.00100414
0.262615
0.275059
-0.00620499
0.0885039
0.00657489
-0.0055929
0.102044
-0.00469781
0.116198
-0.00381663
0.134059
-0.00294338
0.155424
-0.00214821
0.180999
-0.00143555
0.209892
-0.000849152
0.238901
-0.000375424
0.262142
0.274684
-0.00470455
0.0879381
0.00527038
-0.0039731
0.101312
-0.00298914
0.115214
-0.00206583
0.133136
-0.00120408
0.154563
-0.000500417
0.180296
-1.86932e-05
0.20941
0.000251112
0.238631
0.000221362
0.262171
0.274905
-0.00334965
0.0872046
0.00408317
-0.00248583
0.100449
-0.0014396
0.114168
-0.000481974
0.132178
0.000396693
0.153684
0.00109446
0.179598
0.0014316
0.209073
0.00132456
0.238738
0.00079918
0.262697
0.275704
-0.00216085
0.0863445
0.00302096
-0.00115131
0.099439
-0.00011633
0.113133
0.00104554
0.131016
0.00198447
0.152745
0.00260598
0.178976
0.00276555
0.208913
0.00234003
0.239164
0.00135056
0.263686
0.277055
-0.00114839
0.0854136
0.00207924
-3.78551e-05
0.0983284
0.00125532
0.11184
0.00243303
0.129838
0.00338294
0.151795
0.00396157
0.178398
0.00397323
0.208902
0.00326195
0.239875
0.00184949
0.265099
0.278904
-0.000319398
0.0844975
0.0012355
0.00111884
0.0968902
0.0024196
0.110539
0.0036551
0.128603
0.00464085
0.150809
0.005204
0.177835
0.00510166
0.209004
0.00413453
0.240842
0.00232804
0.266905
0.281232
0.000446811
0.0835982
0.00045246
0.00202122
0.0953158
0.00335981
0.109201
0.00464519
0.127317
0.00566252
0.149792
0.00621889
0.177278
0.00603309
0.20919
0.00486194
0.242013
0.00272225
0.269045
0.283955
0.00126623
0.0826407
-0.000308663
0.00288408
0.0936979
0.00426087
0.107824
0.00559087
0.125987
0.00664824
0.148735
0.00721139
0.176715
0.00695289
0.209448
0.00558422
0.243382
0.00312204
0.271507
0.287077
0.00154886
0.0820967
-0.00100486
0.00322732
0.0920195
0.00464393
0.106407
0.00599504
0.124636
0.00708402
0.147646
0.00767814
0.176121
0.00742048
0.209706
0.00597544
0.244827
0.00332621
0.274156
0.290403
-0.0715138
0.0737037
0.0799068
-0.0633011
0.0838068
-0.0571604
0.100267
-0.0507128
0.118189
-0.0442456
0.141178
-0.037417
0.169292
-0.029733
0.202022
-0.0207994
0.235893
-0.0106465
0.264003
0.279756
-0.0841444
0.0663586
0.0914895
-0.0765779
0.0762403
-0.0695351
0.0932237
-0.0619382
0.110592
-0.0545662
0.133806
-0.0465206
0.161247
-0.0372611
0.192763
-0.0263582
0.22499
-0.0138859
0.251531
0.265871
-0.0980171
0.0588536
0.105522
-0.0902753
0.0684985
-0.0825996
0.085548
-0.0743994
0.102392
-0.066014
0.125421
-0.0562734
0.151506
-0.0449914
0.18148
-0.0315941
0.211593
-0.0160846
0.236022
0.249786
-0.11472
0.0517544
0.121819
-0.107049
0.0608279
-0.0992275
0.0777263
-0.0903836
0.0935478
-0.0807065
0.115744
-0.0690949
0.139894
-0.0554843
0.16787
-0.0391882
0.195297
-0.0206453
0.217479
0.229141
-0.134738
0.0442715
0.142221
-0.127278
0.0533674
-0.118586
0.0690344
-0.108391
0.0833532
-0.0967615
0.104114
-0.0825775
0.12571
-0.0658624
0.151155
-0.0458605
0.175295
-0.0231257
0.194744
0.206015
-0.16069
0.0374429
0.167519
-0.1527
0.0453778
-0.142924
0.0592579
-0.131354
0.0717831
-0.117546
0.0903064
-0.100575
0.10874
-0.0802869
0.130866
-0.0561006
0.151109
-0.0296209
0.168264
0.176394
-0.189954
0.0294211
0.197976
-0.181241
0.0366647
-0.169722
0.0477385
-0.155812
0.0578735
-0.138696
0.0731904
-0.117532
0.0875762
-0.0918784
0.105212
-0.0621
0.12133
-0.0304589
0.136623
0.145935
-0.226738
0.0214986
0.23466
-0.216273
0.0261994
-0.202783
0.0342491
-0.186377
0.041467
-0.165688
0.0525017
-0.14023
0.0621186
-0.109916
0.074898
-0.075839
0.0872535
-0.0402811
0.101065
0.105654
-0.25714
0.0103935
0.268245
-0.243777
0.0128369
-0.226692
0.0171636
-0.206108
0.0208837
-0.180172
0.0265651
-0.149424
0.0313704
-0.113062
0.0385364
-0.070858
0.0450494
-0.0251324
0.0553396
0.0805216
-0.328267
0.33866
-0.31543
-0.298266
-0.277383
-0.250817
-0.219447
-0.180911
-0.135861
-0.0805216
-0.00141333
0.0821234
-0.00080326
-0.0032555
0.0933317
-0.00474731
0.107014
-0.00590932
0.122981
-0.00667061
0.142982
-0.00698637
0.167834
-0.00659257
0.197582
-0.00532023
0.233388
-0.00402307
0.266948
0.334637
-0.000782791
0.0845277
-0.00162158
-0.00282528
0.0953742
-0.00445622
0.108645
-0.00567375
0.124198
-0.00648427
0.143793
-0.0068109
0.168161
-0.00648476
0.197256
-0.00524276
0.232146
-0.00363553
0.265341
0.331001
-9.03183e-06
0.0869478
-0.00241102
-0.00200646
0.0973716
-0.00367385
0.110312
-0.00491574
0.12544
-0.00575842
0.144636
-0.00610872
0.168511
-0.00588203
0.197029
-0.00474695
0.231011
-0.00332167
0.263915
0.32768
0.000921552
0.0892448
-0.00321857
-0.00117497
0.0994681
-0.00278373
0.111921
-0.00400859
0.126665
-0.00483684
0.145464
-0.00523022
0.168905
-0.00507765
0.196877
-0.00412903
0.230062
-0.00292712
0.262713
0.324753
0.00180265
0.0914959
-0.00405377
-0.000368167
0.101639
-0.00189558
0.113448
-0.00308539
0.127855
-0.00388238
0.146261
-0.00429562
0.169318
-0.00421103
0.196792
-0.00345096
0.229302
-0.00248882
0.261751
0.322264
0.00274172
0.0936593
-0.00490509
0.000632773
0.103748
-0.000925238
0.115006
-0.00208241
0.129012
-0.00285469
0.147033
-0.0032868
0.16975
-0.00328945
0.196795
-0.00271571
0.228729
-0.00201496
0.26105
0.320249
0.00373758
0.0956818
-0.00576013
0.00173823
0.105747
0.000144131
0.1166
-0.000973703
0.13013
-0.00171988
0.147779
-0.00217888
0.170209
-0.00229055
0.196907
-0.00191385
0.228352
-0.00150044
0.260637
0.318748
0.00476866
0.0975167
-0.00660358
0.00288397
0.107632
0.00137937
0.118105
0.000231858
0.131278
-0.000485135
0.148496
-0.000980394
0.170704
-0.00118736
0.197114
-0.00104862
0.228213
-0.000942311
0.260531
0.317806
0.0058115
0.0991185
-0.00741322
0.00406252
0.109381
0.00262236
0.119545
0.00156126
0.132339
0.000829375
0.149228
0.00029349
0.17124
3.59766e-05
0.197371
-0.000148731
0.228398
-0.000338039
0.26072
0.317468
0.00684127
0.100438
-0.00816044
0.00525292
0.110969
0.00388771
0.12091
0.0028886
0.133338
0.0021849
0.149932
0.00164455
0.17178
0.0012038
0.197812
0.00084084
0.228761
0.000273166
0.261288
0.317741
0.00784966
0.101394
-0.0088058
0.0064342
0.112385
0.00516096
0.122184
0.00422194
0.134277
0.00355317
0.150601
0.00298723
0.172346
0.00242827
0.198371
0.00182166
0.229367
0.000872672
0.262237
0.318614
0.00881141
0.101919
-0.0093365
0.00760765
0.113588
0.00643663
0.123355
0.00555707
0.135156
0.00492265
0.151235
0.00433782
0.172931
0.00366331
0.199045
0.00280819
0.230223
0.0014907
0.263554
0.320105
0.00968116
0.101965
-0.00972684
0.00872812
0.114542
0.00767729
0.124406
0.00686155
0.135972
0.00626437
0.151832
0.00567195
0.173524
0.00488581
0.199831
0.00379475
0.231314
0.00211166
0.265237
0.322216
0.0104274
0.101499
-0.00996149
0.00976427
0.115205
0.00885376
0.125316
0.00810463
0.136721
0.00755013
0.152387
0.00695958
0.174114
0.00607244
0.200719
0.00476108
0.232625
0.00272115
0.267277
0.324937
0.0110209
0.100509
-0.0100308
0.0106933
0.115532
0.00994753
0.126062
0.00926576
0.137403
0.00876147
0.152891
0.0081832
0.174692
0.00721516
0.201687
0.00570062
0.234139
0.00331877
0.269659
0.328256
0.0114282
0.0990166
-0.00993635
0.0114784
0.115482
0.0109193
0.126621
0.010305
0.138017
0.00985546
0.15334
0.00930075
0.175247
0.00827618
0.202711
0.00658155
0.235834
0.00388513
0.272355
0.332141
0.0116449
0.0970673
-0.00969549
0.0121358
0.114991
0.0117818
0.126975
0.0112381
0.138561
0.0108448
0.153734
0.0103285
0.175763
0.00927294
0.203767
0.00741877
0.237688
0.00443053
0.275344
0.336572
0.0116015
0.0948063
-0.00934051
0.0125499
0.114043
0.0124169
0.127108
0.0119644
0.139013
0.0116334
0.154065
0.0111674
0.176229
0.0101136
0.204821
0.00814928
0.239653
0.00491884
0.278574
0.341491
0.011537
0.0922244
-0.00895516
0.0129792
0.112601
0.0130484
0.127039
0.0126687
0.139393
0.0123797
0.154354
0.0119647
0.176644
0.0109182
0.205867
0.0088458
0.241725
0.00538207
0.282038
0.346873
0.0108775
0.0898561
-0.00850923
0.0127796
0.110699
0.0131506
0.126668
0.0129
0.139644
0.0126776
0.154576
0.0123352
0.176987
0.0113895
0.206813
0.00929551
0.243819
0.00573497
0.285598
0.352608
-0.046928
0.0828257
0.0539584
-0.0405102
0.104281
-0.0357914
0.121949
-0.0302781
0.13413
-0.02476
0.149058
-0.0194158
0.171642
-0.0142221
0.201619
-0.00896333
0.23856
-0.00449623
0.281131
0.348112
-0.0706742
0.0754001
0.0780998
-0.0628955
0.0965021
-0.0548446
0.113898
-0.0464496
0.125735
-0.0388602
0.141469
-0.0307112
0.163494
-0.022543
0.193451
-0.0145132
0.23053
-0.00716838
0.273787
0.340943
-0.0954392
0.0653325
0.105507
-0.0834039
0.0844668
-0.0724142
0.102908
-0.0629155
0.116237
-0.0535953
0.132149
-0.0429821
0.15288
-0.0319863
0.182455
-0.0207143
0.219258
-0.00988198
0.262954
0.331061
-0.120641
0.0522631
0.133711
-0.105739
0.0695648
-0.0926997
0.0898688
-0.081004
0.104541
-0.0694425
0.120587
-0.0570125
0.14045
-0.0432117
0.168654
-0.0280471
0.204094
-0.0131999
0.248107
0.317861
-0.148317
0.0383478
0.162233
-0.133494
0.0547412
-0.118366
0.074741
-0.103646
0.0898212
-0.0895775
0.106518
-0.0745458
0.125419
-0.0571584
0.151267
-0.0372848
0.18422
-0.0171225
0.227945
0.300739
-0.178952
0.0274405
0.18986
-0.165352
0.0411407
-0.148964
0.0583534
-0.13207
0.072927
-0.1148
0.0892486
-0.0957371
0.106355
-0.0741038
0.129634
-0.0489723
0.159089
-0.0229683
0.201941
0.27777
-0.211495
0.0191354
0.2198
-0.200268
0.0299136
-0.184854
0.0429397
-0.167207
0.0552801
-0.147007
0.0690487
-0.123986
0.0833333
-0.097212
0.10286
-0.0654639
0.12734
-0.0314749
0.167952
0.246296
-0.248474
0.0133578
0.254252
-0.23856
0.0199997
-0.224227
0.0286061
-0.205964
0.0370175
-0.183602
0.0466865
-0.157204
0.0569356
-0.125303
0.0709588
-0.0879888
0.0900263
-0.0461264
0.126089
0.200169
-0.303655
0.0062959
0.310717
-0.293201
0.00954514
-0.278167
0.0135726
-0.25901
0.0178603
-0.235134
0.0228107
-0.206716
0.0285171
-0.172001
0.0362437
-0.129749
0.0477745
-0.0744934
0.070834
0.125676
-0.372834
0.37913
-0.363289
-0.349716
-0.331856
-0.309045
-0.280528
-0.244284
-0.19651
-0.125676
0.00241837
0.0579478
-0.00640777
-0.00198186
0.0825
-0.00589252
0.109418
-0.00922449
0.137043
-0.0112628
0.164271
-0.0117491
0.190346
-0.0105417
0.218593
-0.00859439
0.252305
-0.00522011
0.307343
0.37391
0.00160257
0.0617655
-0.0054203
-0.00268036
0.086783
-0.00676192
0.113499
-0.010015
0.140296
-0.0118183
0.166074
-0.0119819
0.19051
-0.0106137
0.217225
-0.00857488
0.250266
-0.00524796
0.304016
0.368662
0.000911622
0.0652892
-0.00443535
-0.00315303
0.0908476
-0.0070626
0.117409
-0.0100161
0.143249
-0.0114943
0.167553
-0.0113742
0.19039
-0.00994583
0.215796
-0.00791646
0.248236
-0.00490991
0.301009
0.363752
0.000338138
0.0684909
-0.00353983
-0.00348281
0.0946686
-0.00702567
0.120951
-0.00961165
0.145835
-0.0107683
0.168709
-0.0104829
0.190104
-0.00903694
0.21435
-0.00713928
0.246339
-0.00445665
0.298327
0.359295
-0.00016899
0.0714419
-0.00278198
-0.00370057
0.0982001
-0.00688107
0.124132
-0.00908344
0.148038
-0.00991498
0.169541
-0.0094661
0.189655
-0.00803091
0.212915
-0.00629569
0.244603
-0.00393276
0.295964
0.355362
-0.000466095
0.0741153
-0.00220727
-0.00368759
0.101422
-0.00652406
0.126968
-0.0083586
0.149872
-0.00890931
0.170091
-0.00832612
0.189072
-0.00694419
0.211533
-0.0053806
0.24304
-0.00335102
0.293934
0.352011
-0.000505921
0.076473
-0.0018518
-0.00337878
0.104294
-0.00585575
0.129445
-0.00736629
0.151383
-0.00770006
0.170425
-0.00703728
0.188409
-0.00576129
0.210257
-0.00438263
0.241661
-0.00271803
0.29227
0.349293
-0.000251923
0.0784748
-0.00174985
-0.00275672
0.106799
-0.00487371
0.131562
-0.00610429
0.152613
-0.00628717
0.170608
-0.00560039
0.187723
-0.00446495
0.209122
-0.00330429
0.240501
-0.00204018
0.291006
0.347253
0.000305664
0.0800846
-0.00191546
-0.00182821
0.108933
-0.00360807
0.133342
-0.00460728
0.153612
-0.00470106
0.170702
-0.00404228
0.187064
-0.00307134
0.208151
-0.0021663
0.239596
-0.00132265
0.290162
0.34593
0.00106926
-0.00234869
-0.000616175
-0.0020865
-0.00291535
-0.00297556
-0.00240002
-0.00159615
-0.00099989
-0.000565004
5.67054e-05
-0.00263552
0.000282774
-0.00521212
0.0006841
-0.00617818
0.00126573
-0.00617359
0.00204153
-0.00556498
0.00303308
-0.00457133
0.0042631
-0.00333167
0.00574719
-0.00194394
0.00747406
-0.000503325
0.000871275
0.000108174
-0.00274369
0.000415874
-0.00551982
0.000902855
-0.00666516
0.00155501
-0.00682575
0.0023699
-0.00637987
0.00335449
-0.00555593
0.00451983
-0.00449701
0.00587508
-0.0032992
0.00742212
-0.00205036
-0.000897083
0.000167373
-0.00291106
0.000564388
-0.00591684
0.0011461
-0.00724688
0.0018837
-0.00756334
0.00276434
-0.00726051
0.00378738
-0.00657896
0.00495998
-0.00566961
0.00629383
-0.00463305
0.00780141
-0.00355793
-0.00257365
0.000226559
-0.00313762
0.000705969
-0.00639625
0.00137054
-0.00791144
0.00218126
-0.00837406
0.00312085
-0.0082001
0.00418665
-0.00764476
0.00538512
-0.00686809
0.00672781
-0.00597574
0.00822387
-0.00505399
-0.00420366
0.000277036
-0.00341466
0.000815752
-0.00693496
0.00152811
-0.0086238
0.00236873
-0.00921468
0.00332015
-0.00915152
0.00438155
-0.00870616
0.00556066
-0.00804719
0.00686792
-0.007283
0.00830745
-0.00649352
-0.00575242
0.000310301
-0.00372496
0.000870538
-0.0074952
0.00157601
-0.00932928
0.00237835
-0.010017
0.00326287
-0.010036
0.00423283
-0.00967612
0.00529874
-0.0091131
0.00647125
-0.00845551
0.00775281
-0.00777509
-0.0071257
0.000319169
-0.00404413
0.000852544
-0.00802857
0.00148481
-0.00996154
0.00216855
-0.0107008
0.00289431
-0.0107618
0.00367087
-0.0104527
0.00451271
-0.00995494
0.00543256
-0.00937536
0.00643546
-0.00877798
-0.0082061
0.000298681
-0.00434281
0.000752013
-0.00848191
0.00124317
-0.0104527
0.00173078
-0.0111884
0.00221326
-0.0112443
0.00270615
-0.0109456
0.00322873
-0.0104775
0.00379717
-0.0099438
0.00442137
-0.00940218
-0.00889198
0.000246687
-0.0045895
0.000568305
-0.00880352
0.000858504
-0.0107429
0.00108785
-0.0114177
0.00126536
-0.0114218
0.00141432
-0.0110945
0.00155894
-0.0106221
0.00171891
-0.0101038
0.00190779
-0.00959106
-0.00912162
0.000163951
-0.00475345
0.00030941
-0.00894898
0.000354011
-0.0107875
0.00028578
-0.0113495
0.000126335
-0.0112623
-9.33317e-05
-0.0108749
-0.000344092
-0.0103714
-0.000604374
-0.00984348
-0.000859329
-0.00933611
-0.00887644
7.61429e-05
-0.00482959
2.07595e-05
-0.0088936
-0.000207121
-0.0105596
-0.000590985
-0.0109656
-0.00109476
-0.0107586
-0.00167994
-0.0102897
-0.00231514
-0.00973618
-0.00297836
-0.00918026
-0.00365658
-0.00865789
-0.00818964
-4.74391e-05
-0.00478215
-0.000330447
-0.00861059
-0.000838341
-0.0100517
-0.00152998
-0.010274
-0.00235667
-0.00993187
-0.00327555
-0.00937081
-0.00425505
-0.00875668
-0.00527533
-0.00815998
-0.00632649
-0.00760673
-0.00710658
-0.000183488
-0.00459867
-0.000700823
-0.00809326
-0.00148187
-0.00927068
-0.00245941
-0.00929644
-0.0035755
-0.00881578
-0.00478601
-0.0081603
-0.00606154
-0.00748115
-0.00738546
-0.00683607
-0.00875139
-0.0062408
-0.0056949
-0.000324876
-0.00427379
-0.00107154
-0.00734659
-0.00210592
-0.00823631
-0.00333672
-0.00806563
-0.00470043
-0.00745208
-0.00615463
-0.00670609
-0.00767368
-0.0059621
-0.00924438
-0.00526536
-0.0108626
-0.0046226
-0.00402545
-0.00046437
-0.00380942
-0.00142558
-0.00638538
-0.00268494
-0.00697695
-0.00413042
-0.00662015
-0.00569657
-0.00588593
-0.00734519
-0.00505747
-0.00905546
-0.00425183
-0.0108175
-0.00350332
-0.0126281
-0.00281204
-0.00216443
-0.000595608
-0.00321381
-0.00174927
-0.00523172
-0.0032003
-0.00552593
-0.00481966
-0.00500078
-0.0065429
-0.00416269
-0.00833778
-0.00326259
-0.0101892
-0.00240041
-0.0120908
-0.00160167
-0.0140398
-0.00086314
-0.00016916
-0.000713461
-0.00250035
-0.0020327
-0.00391248
-0.00364019
-0.00391844
-0.00539326
-0.00324771
-0.00723019
-0.00232577
-0.00912548
-0.00136729
-0.0110704
-0.000455524
-0.0130631
0.000391076
-0.0151022
0.00117595
0.00191096
-0.000814176
-0.00168617
-0.0022696
-0.00245706
-0.00399899
-0.00218904
-0.00584869
-0.00139801
-0.00775995
-0.000414512
-0.00971329
0.000586044
-0.0117058
0.001537
-0.0137414
0.00242663
-0.015823
0.00325755
0.0040334
-0.000895307
-0.000790867
-0.00245688
-0.000895487
-0.00427628
-0.000369643
-0.00619111
0.000516813
-0.00814475
0.00153914
-0.0101213
0.00256254
-0.0121205
0.00353621
-0.0141498
0.00445599
-0.0162188
0.00532648
0.00616158
-0.000955456
0.000164589
-0.00259367
0.000742728
-0.00447507
0.00151176
-0.0064316
0.00247334
-0.00840931
0.00351685
-0.0103947
0.00454797
-0.0123869
0.00552841
-0.0143892
0.00645829
-0.0164158
0.00735307
0.00822062
-0.000995398
0.00115999
-0.00268266
0.00242999
-0.00460147
0.00343057
-0.00658282
0.00445469
-0.00858097
0.00551499
-0.0105961
0.00656312
-0.0126479
0.00758024
-0.014771
0.0085813
-0.0170199
0.00960197
0.0106958
-0.00101026
0.00217024
-0.00271547
0.00413521
-0.00464549
0.00536059
-0.00663171
0.00644091
-0.00863418
0.00751746
-0.010659
0.00858794
-0.0127254
0.00964666
-0.0148505
0.0107063
-0.0170325
0.011784
0.0128773
-0.00100112
0.00317137
-0.00269464
0.00582872
-0.00460885
0.00727481
-0.00657382
0.00840587
-0.00854919
0.00949283
-0.0105374
0.0105762
-0.0125466
0.0116558
-0.0145736
0.0127334
-0.016595
0.0138054
0.0148468
-0.000968669
0.00414004
-0.00262112
0.00748118
-0.00449165
0.00914533
-0.00640681
0.010321
-0.00832098
0.011407
-0.0102292
0.0124844
-0.0121298
0.0135564
-0.0140121
0.0146157
-0.0158566
0.0156498
0.0166371
-0.000914314
0.00505435
-0.00249764
0.0090645
-0.00429756
0.0109453
-0.00613596
0.0121594
-0.00795954
0.0132306
-0.0097562
0.014281
-0.0115196
0.0153199
-0.0132404
0.0163365
-0.0149098
0.0173192
0.0182587
-0.000840246
0.0058946
-0.00232869
0.0105529
-0.0040336
0.0126502
-0.00577224
0.0138981
-0.0074829
0.0149412
-0.00914792
0.015946
-0.0107601
0.0169321
-0.0123147
0.0178911
-0.0138128
0.0188173
0.0197128
-0.000749305
0.0066439
-0.00212032
0.011924
-0.00370924
0.0142391
-0.00532991
0.0155188
-0.00691233
0.0165237
-0.00843442
0.0174681
-0.00988967
0.0183873
-0.0112781
0.0192796
-0.0126068
0.020146
0.0209974
-0.000644782
0.00728868
-0.00187958
0.0131588
-0.00333544
0.0156949
-0.00482473
0.017008
-0.00626956
0.0179685
-0.00764381
0.0188424
-0.00894154
0.019685
-0.0101659
0.0205039
-0.0113265
0.0213066
0.0221094
-0.000530124
0.00781881
-0.0016141
0.0142427
-0.00292376
0.0170046
-0.00427259
0.0183569
-0.00557536
0.0192713
-0.00680157
0.0200686
-0.00794479
0.0208283
-0.0090092
0.0215684
-0.0100045
0.0223019
0.0230482
-0.00040839
0.0082272
-0.00133139
0.0151657
-0.0024857
0.0181589
-0.00368874
0.0195599
-0.00484878
0.0204313
-0.00593035
0.0211502
-0.00692515
0.0218231
-0.00783659
0.0224798
-0.00867258
0.0231379
0.0238172
-0.000320422
0.00854762
-0.00108862
0.0159339
-0.00208238
0.0191527
-0.00313375
0.0206113
-0.00414806
0.0214456
-0.0050852
0.0220873
-0.00593398
0.0226718
-0.00669575
0.0232416
-0.00737565
0.0238178
0.0244188
-0.00020781
0.00875543
-0.000810294
0.0165364
-0.00164042
0.0199828
-0.00254277
0.0215136
-0.00341922
0.022322
-0.00422416
0.0228922
-0.00494254
0.0233902
-0.00557282
0.0238718
-0.00611725
0.0243622
0.0248765
-9.99166e-05
0.00885534
-0.000537305
0.0169738
-0.00120296
0.0206485
-0.00195809
0.0222688
-0.00270259
0.0230665
-0.00338542
0.0235751
-0.003987
0.0239918
-0.00450259
0.0243874
-0.00493189
0.0247915
0.0252149
-4.17076e-07
0.00885576
-0.000274638
0.017248
-0.000777489
0.0211513
-0.00138859
0.0228799
-0.00200787
0.0236858
-0.00257943
0.0241466
-0.00307886
0.0244912
-0.00349804
0.0248066
-0.003835
0.0251285
0.0254631
9.33538e-05
0.00876241
-1.80691e-05
0.0173594
-0.00037016
0.0215034
-0.000841267
0.023351
-0.00134218
0.0241867
-0.00181318
0.0246176
-0.00222501
0.0249031
-0.00256585
0.0251474
-0.00283292
0.0253955
0.0256512
0.00017381
0.0085886
0.000201498
0.0173318
1.54171e-05
0.0216895
-0.000321273
0.0236877
-0.000710368
0.0245758
-0.00109036
0.0249976
-0.00142776
0.0252405
-0.00170641
0.0254261
-0.0019223
0.0256114
0.0258081
0.000243796
0.0083448
0.000407989
0.0171676
0.000367832
0.0217296
0.0001665
0.023889
-0.000115238
0.0248576
-0.000412061
0.0252945
-0.000686116
0.0255145
-0.000916627
0.0256566
-0.0010935
0.0257883
0.0259501
0.000302805
0.008042
0.000592446
0.0168779
0.000694703
0.0216274
0.000621147
0.0239625
0.000442499
0.0250362
0.000223217
0.0255137
5.58384e-06
0.0257321
-0.000186848
0.025849
-0.000343062
0.0259445
0.0260595
0.000350751
0.00769125
0.000753644
0.016475
0.00099065
0.0213904
0.00104169
0.0239115
0.000963192
0.0251147
0.000817069
0.0256599
0.000648153
0.0259011
0.000488978
0.0260082
0.000368703
0.0260648
0.0261195
0.000387997
0.00730325
0.000891396
0.0159716
0.00125517
0.0210266
0.00142775
0.0237389
0.00144846
0.025094
0.00137454
0.0257338
0.00125255
0.0260231
0.00111991
0.0261408
0.00103279
0.0261519
0.0261475
0.000413502
0.00688975
0.00100709
0.015378
0.00149387
0.0205398
0.00179032
0.0234425
0.00191518
0.0249691
0.00191536
0.0257336
0.00182949
0.0261089
0.00166759
0.0263027
0.00137725
0.0264423
0.0267215
0.000439584
0.00645016
0.00111209
0.0147055
0.00171037
0.0199415
0.00212344
0.0230294
0.00234952
0.0247431
0.0024245
0.0256586
0.00238283
0.0261506
0.00223902
0.0264466
0.00198117
0.0267001
0.0270811
0.000455736
0.00599443
0.00119392
0.0139674
0.00189522
0.0192402
0.00242421
0.0225004
0.00275862
0.0244087
0.00292376
0.0254935
0.00295248
0.0261219
0.00286689
0.0265321
0.00267614
0.0268909
0.0273462
0.000463199
0.00553123
0.00125383
0.0131767
0.00204872
0.0184453
0.00269188
0.0218573
0.00314101
0.0239595
0.0034095
0.025225
0.00352664
0.0260047
0.00351768
0.0265411
0.00340256
0.027006
0.0275302
0.000463143
0.00506808
0.00129314
0.0123467
0.00217082
0.0175677
0.00292426
0.0211038
0.00349189
0.0233919
0.00387367
0.0248432
0.00409308
0.0257853
0.00417657
0.0264576
0.0041507
0.0270319
0.0276271
0.000456735
0.00461135
0.00131331
0.0114902
0.00226153
0.0166194
0.00311872
0.0202466
0.00380574
0.0227049
0.0043082
0.0243407
0.00464198
0.0254515
0.00483239
0.0262672
0.00490818
0.0269561
0.0276302
0.00044517
0.00416618
0.00131609
0.0106192
0.00232133
0.0156142
0.00327296
0.019295
0.00407689
0.0219009
0.00470428
0.0237134
0.00516177
0.0249941
0.00547094
0.025958
0.00565952
0.0267675
0.0275296
0.000429709
0.00373647
0.00130368
0.00974528
0.0023515
0.0145664
0.00338549
0.018261
0.00429997
0.0209865
0.00505243
0.0229609
0.00563912
0.0244074
0.0060759
0.0255212
0.00638745
0.026456
0.0273134
0.000411733
0.00332474
0.0012788
0.00887821
0.00235446
0.0134907
0.00345618
0.0171593
0.00447075
0.0199719
0.00534358
0.0220881
0.00606023
0.0236907
0.00662937
0.0249521
0.00707131
0.026014
0.0269715
0.000392802
0.00293193
0.00124497
0.00802604
0.00233419
0.0124015
0.00348717
0.0160063
0.00458733
0.0188717
0.00557056
0.0211048
0.0064122
0.0228491
0.00711292
0.0242514
0.00768748
0.0254395
0.0264986
0.000356802
0.00257513
0.00117579
0.00720705
0.00225857
0.0113187
0.00344283
0.014822
0.00461173
0.0177028
0.00569379
0.0200228
0.00665469
0.0218882
0.00748639
0.0234197
0.00819672
0.0247291
0.0258895
0.000337299
0.00223783
0.00113056
0.00641379
0.00220228
0.010247
0.00340325
0.0136211
0.00462048
0.0164856
0.00577906
0.0188642
0.00683761
0.0208296
0.00778039
0.0224769
0.00860838
0.0239011
0.0251614
0.000320337
0.0019175
0.00108681
0.00564732
0.00213914
0.00919466
0.00334128
0.0124189
0.00458644
0.0152405
0.00579929
0.0176513
0.00693368
0.0196952
0.00796733
0.0214433
0.0088949
0.0229736
0.0243294
0.000306604
0.00161089
0.00104697
0.00490696
0.00207396
0.00816767
0.00326357
0.0112293
0.00451658
0.0139875
0.00575979
0.0164081
0.00694475
0.0185103
0.0080443
0.0203437
0.00904769
0.0219702
0.0234156
0.000296451
0.00131444
0.0010126
0.00419081
0.00201026
0.00717001
0.00317562
0.010064
0.00441753
0.0127455
0.00566685
0.0151588
0.00687518
0.0173019
0.00801243
0.0192065
0.00906339
0.0209192
0.0224482
0.000289835
0.00102461
0.000984104
0.00349654
0.00194969
0.00620442
0.0030808
0.00893284
0.00429417
0.0115322
0.00552609
0.0139269
0.00673043
0.0160976
0.00787647
0.0180604
0.00894583
0.0198499
0.0214577
0.000286258
0.000738348
0.00096065
0.00282215
0.0018918
0.00527328
0.00297983
0.00784481
0.00414873
0.0103633
0.00534122
0.0127344
0.00651561
0.0149232
0.00764368
0.0169324
0.00870667
0.0187869
0.0204688
0.000284823
0.000453525
0.000940316
0.00216666
0.00183429
0.0043793
0.00287094
0.00680816
0.00398073
0.0092535
0.00511351
0.0116016
0.00623437
0.0138024
0.00732233
0.0158444
0.00836499
0.0177442
0.0194933
0.000284349
0.000169175
0.000920468
0.00153054
0.00177368
0.00352608
0.00275074
0.0058311
0.00378767
0.00821657
0.00484171
0.0105476
0.00588643
0.0127576
0.00691359
0.0148172
0.00793977
0.016718
0.0184779
0.000283563
-0.000114388
0.00089829
0.000915812
0.00170622
0.00271815
0.0026155
0.00492182
0.00356632
0.00726575
0.00452229
0.00959161
0.00546568
0.0118142
0.00640145
0.0138815
0.0073929
0.0157266
0.0173616
0.000281617
-0.000396005
0.000872205
0.000325224
0.00163087
0.00195948
0.00246645
0.00408624
0.00332063
0.00641157
0.00415682
0.00875542
0.00495033
0.0110207
0.00566862
0.0131632
0.00621907
0.0151761
0.0171729
0.00027697
-0.000672975
0.000839435
-0.000237241
0.00154413
0.00125479
0.00229998
0.00333039
0.00304891
0.00566263
0.00375266
0.00805167
0.00438132
0.0103921
0.00489976
0.0126447
0.00525439
0.0148215
0.017007
0.000268684
-0.000941659
0.000798604
-0.000767161
0.00144617
0.000607225
0.00212109
0.00265547
0.00276591
0.00501781
0.00334252
0.00747507
0.00382166
0.00991293
0.0041749
0.0122915
0.0043736
0.0146228
0.0169452
0.00025657
-0.00119823
0.000750163
-0.00126075
0.00133952
1.78712e-05
0.00193612
0.00205887
0.00248341
0.00447052
0.00294407
0.00701441
0.00329101
0.00956599
0.00350335
0.0120792
0.00357316
0.014553
0.0169786
0.000240829
-0.00143906
0.000695501
-0.00171543
0.0012281
-0.000514729
0.00175296
0.00153401
0.00221446
0.00400902
0.0025762
0.00665267
0.00281405
0.00932814
0.00291551
0.0119777
0.00288901
0.0145795
0.0170856
0.000221962
-0.00166102
0.000636687
-0.00213015
0.00111683
-0.000994871
0.00158072
0.00107012
0.00197387
0.00361587
0.00226081
0.00636573
0.00242075
0.0091682
0.0024486
0.0119498
0.00236207
0.014666
0.0172404
0.000200625
-0.00186164
0.00057604
-0.00250557
0.00101075
-0.00142959
0.00142842
0.000652458
0.00177582
0.00326847
0.00201818
0.00612337
0.0021373
0.00904908
0.00213278
0.0119544
0.00202513
0.0147737
0.0174137
0.000177453
-0.0020391
0.000515615
-0.00284373
0.000914051
-0.00182802
0.00130317
0.000263335
0.00163124
0.0029404
0.00186339
0.00589121
0.00198231
0.00893016
0.00198899
0.0119477
0.00190225
0.0148604
0.0175661
0.000152902
-0.002192
0.000456732
-0.00314756
0.000829107
-0.0022004
0.00120878
-0.000116339
0.00154576
0.00260342
0.00180406
0.00563292
0.00196495
0.00876928
0.00202742
0.0118852
0.00200496
0.0148829
0.0176556
0.000126983
0.000399586
0.000755861
0.00114474
0.00151849
0.00183896
0.00208361
0.0022463
0.00233259
)
;

boundaryField
{
    inlet
    {
        type            calculated;
        value           uniform 0;
    }
    outlet
    {
        type            calculated;
        value           nonuniform List<scalar> 
40
(
0.0925568
0.133261
0.169952
0.1908
0.199693
0.204483
0.213786
0.240451
0.290479
0.343645
0.0199181
0.0177697
0.0155398
0.0131877
0.0106851
0.00802786
0.0052419
0.00238168
-0.000478362
-0.00326146
-0.00590586
-0.00837009
-0.0106349
-0.0127003
-0.01458
-0.0162957
-0.0178725
-0.0193356
-0.0207091
-0.0220151
-0.0928446
-0.110507
-0.128842
-0.149067
-0.173217
-0.203622
-0.240976
-0.280672
-0.31192
-0.328032
)
;
    }
    cylinder
    {
        type            calculated;
        value           uniform 0;
    }
    top
    {
        type            symmetryPlane;
        value           uniform 0;
    }
    bottom
    {
        type            symmetryPlane;
        value           uniform 0;
    }
    defaultFaces
    {
        type            empty;
        value           nonuniform 0();
    }
}


// ************************************************************************* //
