/*--------------------------------*- C++ -*----------------------------------*\
  =========                 |
  \\      /  F ield         | OpenFOAM: The Open Source CFD Toolbox
   \\    /   O peration     | Website:  https://openfoam.org
    \\  /    A nd           | Version:  7
     \\/     M anipulation  |
\*---------------------------------------------------------------------------*/
FoamFile
{
    version     2.0;
    format      ascii;
    class       volVectorField;
    location    "29.7";
    object      U;
}
// * * * * * * * * * * * * * * * * * * * * * * * * * * * * * * * * * * * * * //

dimensions      [0 1 -1 0 0 0 0];

internalField   nonuniform List<vector> 
2000
(
(0.000917271 -0.0067504 1.19653e-22)
(0.00357013 0.00879742 0)
(0.0079994 0.0389377 0)
(0.0120816 0.075191 2.77821e-22)
(0.0150637 0.112814 -5.51396e-23)
(0.0167162 0.149592 6.42361e-23)
(0.0172881 0.184793 8.34226e-23)
(0.0172026 0.218112 0)
(0.0167211 0.248963 0)
(0.0159324 0.276359 0)
(0.0015989 -0.00770673 0)
(0.00381377 0.00609647 2.37851e-22)
(0.00747947 0.0350795 -2.19336e-22)
(0.0109498 0.0709632 -3.97922e-22)
(0.0136067 0.108892 0)
(0.0151268 0.14629 7.02682e-23)
(0.0156201 0.182089 -6.53443e-23)
(0.0154281 0.215855 0)
(0.0148091 0.247086 9.41682e-22)
(0.0138387 0.274975 -2.12055e-21)
(0.00239029 -0.00870574 0)
(0.00434532 0.00295252 -5.12354e-22)
(0.00731346 0.0301708 0)
(0.0102097 0.0650483 4.67047e-22)
(0.0126096 0.102786 0)
(0.0141265 0.14052 -1.37397e-21)
(0.0147169 0.176823 0)
(0.0146043 0.211063 2.1502e-21)
(0.014022 0.242769 -2.0138e-21)
(0.0130167 0.271285 -3.01631e-21)
(0.00327334 -0.00966074 8.40835e-23)
(0.00516455 -0.000466543 4.97131e-22)
(0.0075146 0.0243928 -5.96389e-23)
(0.00985387 0.0575576 1.46009e-22)
(0.012008 0.0944757 -5.66256e-22)
(0.013588 0.132138 3.28768e-22)
(0.014413 0.168785 9.71833e-22)
(0.01456 0.203515 5.67606e-23)
(0.0141969 0.235797 2.67797e-21)
(0.0133119 0.26505 3.00883e-21)
(0.00421437 -0.0104823 -8.54558e-23)
(0.00625724 -0.00395691 -6.27188e-22)
(0.00810294 0.0180189 -2.15403e-21)
(0.00990493 0.048742 7.93824e-22)
(0.0117775 0.0840826 0)
(0.013407 0.121078 0)
(0.0145306 0.157743 -3.20657e-21)
(0.0150809 0.192891 -3.45662e-21)
(0.0151189 0.225826 3.75275e-21)
(0.0145075 0.255905 1.19439e-20)
(0.0051702 -0.0110845 4.05961e-22)
(0.00760523 -0.00729455 7.06488e-22)
(0.00911647 0.0114037 -4.56543e-21)
(0.0104335 0.0390113 7.70095e-21)
(0.0119679 0.0719376 -1.38783e-21)
(0.0135543 0.107462 0)
(0.0149336 0.143558 0)
(0.0159465 0.178828 1.97748e-20)
(0.0165386 0.212371 -1.97013e-20)
(0.0163262 0.243286 4.06697e-21)
(0.00610018 -0.011405 5.16123e-21)
(0.00920267 -0.0102623 0)
(0.0106254 0.00496013 5.4298e-21)
(0.0115735 0.0289376 -6.19873e-21)
(0.0127331 0.0586472 0)
(0.0141346 0.0917525 4.26354e-21)
(0.0156137 0.126385 -1.28856e-20)
(0.0170174 0.161112 -1.71972e-20)
(0.0182389 0.194911 8.46815e-21)
(0.018429 0.226423 8.59858e-21)
(0.00698333 -0.0114152 -1.18487e-20)
(0.011076 -0.0126671 -1.91349e-21)
(0.0127466 -0.000867624 -4.51115e-21)
(0.0135315 0.0192328 -1.0947e-20)
(0.0143457 0.0451169 -4.70923e-21)
(0.0154284 0.0748738 -5.39896e-21)
(0.0167793 0.106938 -9.81928e-22)
(0.0183695 0.140044 0)
(0.0201863 0.173252 0)
(0.020629 0.204572 -1.5563e-22)
(0.00783658 -0.0111258 6.68769e-21)
(0.0133006 -0.0143579 -8.96544e-21)
(0.015649 -0.0056462 5.94033e-21)
(0.0165804 0.0106854 1.63869e-20)
(0.0171826 0.0324957 -4.73768e-21)
(0.017887 0.058234 4.37119e-21)
(0.0188896 0.0866657 4.92446e-21)
(0.0203931 0.116807 0)
(0.0227102 0.147979 0)
(0.0233148 0.177332 4.14312e-22)
(0.00872515 -0.0105811 -1.07941e-21)
(0.0160075 -0.0152415 1.15416e-20)
(0.0195406 -0.00900703 -2.37409e-21)
(0.0210269 0.00405329 0)
(0.0216702 0.022022 0)
(0.0220535 0.0435744 1.07495e-20)
(0.0225479 0.0677116 0)
(0.0236021 0.0936565 -1.11839e-20)
(0.0261373 0.120822 -9.59278e-23)
(0.0281841 0.145448 1.00197e-20)
(0.015056 0.3277 1.70136e-22)
(-0.00092206 0.386729 -1.72135e-22)
(-0.00151162 0.42177 -3.29925e-22)
(-0.00472593 0.43979 -4.31823e-22)
(-0.0064987 0.451465 -5.60277e-22)
(-0.00546056 0.466881 -2.6695e-23)
(-0.00962392 0.503251 2.99826e-22)
(-0.00143989 0.587489 1.04798e-21)
(-0.013208 0.744067 0)
(0.00514068 0.923052 -7.64315e-22)
(0.0122483 0.328009 3.60272e-22)
(-0.00207672 0.387169 -1.13188e-21)
(-0.00262641 0.421482 2.12946e-21)
(-0.00544498 0.439587 4.32607e-22)
(-0.00719288 0.45124 9.95599e-22)
(-0.00627476 0.466577 1.73275e-21)
(-0.0104471 0.50227 -6.41034e-22)
(-0.00250242 0.586719 -7.02882e-22)
(-0.0134451 0.742672 1.37443e-21)
(0.00443527 0.921142 7.62495e-22)
(0.0108182 0.326633 0)
(-0.00220514 0.386586 -9.88977e-22)
(-0.00304915 0.42089 -6.60644e-22)
(-0.00565218 0.439251 0)
(-0.00753167 0.450945 -3.09083e-21)
(-0.00682263 0.466032 9.66535e-22)
(-0.0110686 0.500928 1.11766e-21)
(-0.00346437 0.585165 3.85129e-21)
(-0.013654 0.740822 -1.36998e-21)
(0.00380095 0.919216 2.78455e-21)
(0.0106144 0.323408 0)
(-0.00143033 0.384991 9.97606e-22)
(-0.00284592 0.419862 0)
(-0.00540067 0.438694 3.52392e-21)
(-0.00752745 0.45055 -3.54148e-21)
(-0.00708296 0.465282 -2.23945e-21)
(-0.0114802 0.499189 -1.24017e-22)
(-0.00428732 0.58264 -3.78131e-21)
(-0.0137867 0.73802 -6.201e-22)
(0.00323025 0.916444 -3.42823e-21)
(0.0114458 0.318206 1.04477e-21)
(0.000119517 0.382647 -2.22497e-21)
(-0.00207762 0.41869 5.65604e-22)
(-0.00475685 0.438147 -2.89467e-21)
(-0.00723827 0.450179 0)
(-0.00710886 0.464466 -2.16064e-21)
(-0.0117442 0.497182 -1.62701e-22)
(-0.00502339 0.579625 4.80343e-21)
(-0.0139231 0.735212 6.29896e-22)
(0.00268797 0.914059 -6.3214e-22)
(0.0131389 0.310651 -6.3313e-21)
(0.00232417 0.378843 4.67853e-21)
(-0.000798346 0.416682 2.84538e-21)
(-0.00370825 0.437202 -2.84281e-21)
(-0.00660807 0.449641 -1.75788e-21)
(-0.00683132 0.463496 0)
(-0.0117813 0.494743 -4.35869e-21)
(-0.00556808 0.575561 2.18081e-21)
(-0.0139613 0.730889 2.34006e-21)
(0.00217703 0.910308 2.41882e-21)
(0.0153633 0.300715 -8.32665e-22)
(0.00504644 0.374716 0)
(0.000922277 0.415079 0)
(-0.00239894 0.436632 0)
(-0.00580728 0.449348 -1.92394e-21)
(-0.00641846 0.462675 3.675e-21)
(-0.01174 0.492403 4.27151e-21)
(-0.00608995 0.571772 -6.60732e-21)
(-0.0140898 0.727524 1.15233e-21)
(0.00167476 0.907866 -3.53677e-21)
(0.0180063 0.286718 4.87656e-21)
(0.00818215 0.367139 4.65214e-21)
(0.00311219 0.41123 -4.6072e-21)
(-0.000598042 0.434931 6.39298e-21)
(-0.00455102 0.448546 -7.99018e-21)
(-0.0055846 0.461509 0)
(-0.0113454 0.489338 -1.96175e-21)
(-0.00630514 0.566103 7.62967e-23)
(-0.0140322 0.721217 -2.11835e-21)
(0.00118935 0.902891 -2.20145e-21)
(0.0203714 0.271803 -4.2341e-21)
(0.0114836 0.362348 0)
(0.00541825 0.41006 -6.09815e-21)
(0.00107056 0.43489 1.16629e-20)
(-0.00346966 0.448726 -4.4984e-21)
(-0.00490829 0.461136 -8.9317e-22)
(-0.011081 0.487505 1.95759e-21)
(-0.00670467 0.562833 1.70434e-23)
(-0.0142425 0.718447 3.08091e-21)
(0.000723764 0.901127 3.20861e-21)
(0.0239887 0.243042 -3.87659e-21)
(0.0152058 0.345398 3.7629e-21)
(0.00862114 0.401698 6.02259e-22)
(0.00388329 0.431307 0)
(-0.00139424 0.447123 0)
(-0.00333979 0.459393 8.59323e-22)
(-0.0100758 0.483116 3.67475e-21)
(-0.00644012 0.55427 -3.58066e-21)
(-0.0140052 0.708858 -9.39879e-22)
(0.000237132 0.894254 9.06071e-22)
(0.025781 0.232945 0)
(0.0246477 0.348248 0)
(0.0139127 0.407015 0)
(0.00703732 0.436104 0)
(0.000587933 0.450999 0)
(-0.00224528 0.462533 0)
(-0.00960987 0.484984 0)
(-0.00784643 0.555481 0)
(-0.0151324 0.709413 0)
(-0.000701598 0.894585 0)
(0.0292761 0.237797 0)
(0.0378242 0.353344 0)
(0.0279366 0.414579 0)
(0.0181324 0.443463 0)
(0.00827173 0.457548 0)
(0.00298534 0.468764 0)
(-0.00535541 0.489282 0)
(-0.00533722 0.555769 0)
(-0.0127838 0.700678 0)
(-0.00130151 0.875253 0)
(0.0327766 0.246065 0)
(0.0421507 0.36094 0)
(0.032979 0.426035 0)
(0.0233532 0.454605 0)
(0.0126789 0.466232 0)
(0.00537117 0.47488 0)
(-0.00422256 0.494049 0)
(-0.00585627 0.561373 0)
(-0.0127744 0.707213 0)
(-0.0013924 0.880134 0)
(0.0341042 0.246709 0)
(0.0465052 0.360052 0)
(0.0397723 0.431452 0)
(0.0295015 0.46343 0)
(0.018324 0.476261 0)
(0.010489 0.484455 0)
(0.000804145 0.501531 0)
(-0.00200684 0.563563 0)
(-0.0105149 0.699232 0)
(-0.00246311 0.861977 0)
(0.0329145 0.250084 0)
(0.0409946 0.360904 0)
(0.0387661 0.439681 0)
(0.0304435 0.473168 0)
(0.0197966 0.484125 0)
(0.0118703 0.490133 0)
(0.00274899 0.506751 0)
(-0.000178059 0.5702 0)
(-0.00668589 0.706657 0)
(-0.00090947 0.865533 0)
(0.0318868 0.247046 0)
(0.0393918 0.357594 0)
(0.0376764 0.442915 0)
(0.0307232 0.482531 0)
(0.0210261 0.495545 0)
(0.0132996 0.501211 0)
(0.00442278 0.516201 0)
(-0.000152441 0.575332 0)
(-0.00882913 0.703956 0)
(-0.00259737 0.855229 0)
(0.0232794 0.244718 0)
(0.0294523 0.356155 0)
(0.0307341 0.446458 0)
(0.0271729 0.488697 0)
(0.0209018 0.501776 0)
(0.0159645 0.505736 0)
(0.009712 0.519894 0)
(0.00692632 0.579656 0)
(-0.000885387 0.708139 0)
(-0.000928311 0.854584 0)
(0.0196004 0.245607 0)
(0.0203147 0.354691 0)
(0.021499 0.447671 0)
(0.018383 0.492433 0)
(0.0137042 0.50734 0)
(0.00994218 0.512496 0)
(0.00441299 0.52769 0)
(0.0005953 0.586633 0)
(-0.00502285 0.711627 0)
(-0.00131663 0.851609 0)
(0.00800933 0.240134 0)
(0.0101365 0.352402 0)
(0.0136574 0.44849 0)
(0.0142985 0.495979 0)
(0.0135002 0.510505 0)
(0.0137987 0.514449 0)
(0.0120254 0.529704 0)
(0.0091604 0.589218 0)
(-0.000325245 0.71263 0)
(-0.000446097 0.850329 0)
(-0.000606913 0.246745 0)
(-0.00336355 0.35107 0)
(-0.00053954 0.442873 0)
(0.00223845 0.491197 0)
(0.00376387 0.507263 0)
(0.00528934 0.513074 0)
(0.00490579 0.531927 0)
(0.00427993 0.595805 0)
(-0.000303041 0.718808 0)
(-0.000618317 0.849268 0)
(0.0355274 0.141935 3.54219e-21)
(0.0432077 0.168106 -3.48624e-21)
(0.0473252 0.192482 2.1504e-22)
(0.0451705 0.205614 0)
(0.0395602 0.214047 0)
(0.0332269 0.211243 -9.24491e-23)
(0.0238385 0.207671 4.71887e-22)
(0.0181321 0.203882 -4.63648e-22)
(0.00793968 0.197333 -6.5396e-23)
(0.00284423 0.203922 6.37098e-23)
(0.0462239 0.118716 -4.4969e-21)
(0.0510585 0.149913 0)
(0.051655 0.177138 7.35732e-22)
(0.0464471 0.191734 -9.57658e-22)
(0.0387379 0.199854 -8.92688e-23)
(0.0310642 0.196223 9.03586e-23)
(0.0219706 0.192102 -2.57194e-22)
(0.0162815 0.186477 -4.51449e-22)
(0.00760191 0.180198 -3.35342e-23)
(0.00379082 0.185651 -2.54746e-24)
(0.0576148 0.109455 4.97575e-21)
(0.0592162 0.14206 -1.66752e-21)
(0.0561465 0.167343 1.65153e-21)
(0.0478148 0.179897 2.72424e-22)
(0.0378048 0.185688 -1.53129e-22)
(0.0287334 0.180552 0)
(0.0197731 0.175697 2.57788e-22)
(0.0142757 0.168407 -4.46057e-24)
(0.00726832 0.162898 1.82004e-22)
(0.004621 0.166319 6.46714e-23)
(0.0689578 0.107252 -7.5161e-22)
(0.0665367 0.137385 0)
(0.0597997 0.157713 0)
(0.0485778 0.166608 0)
(0.0365615 0.169418 -7.275e-22)
(0.0263643 0.162908 4.89746e-22)
(0.0175623 0.157447 -2.54708e-23)
(0.0123562 0.148942 2.31066e-22)
(0.00689345 0.144321 5.94709e-23)
(0.00524301 0.145121 2.02822e-24)
(0.0792454 0.105885 -8.72202e-22)
(0.0721025 0.130175 -1.64742e-21)
(0.0619717 0.144191 6.19328e-23)
(0.0483227 0.149236 -6.18862e-23)
(0.0347826 0.149371 2.34327e-22)
(0.0238509 0.142123 0)
(0.0152967 0.136414 2.94768e-22)
(0.010496 0.127327 -4.64281e-22)
(0.006361 0.12343 2.12061e-22)
(0.00550655 0.121496 -6.18092e-23)
(0.0871618 0.100408 -4.03437e-21)
(0.0754853 0.11706 1.00446e-21)
(0.0627056 0.124766 4.56561e-22)
(0.0472782 0.126645 -2.13927e-22)
(0.0327274 0.124859 0)
(0.0213724 0.117639 0)
(0.0130806 0.112083 0)
(0.00871779 0.10305 -2.55092e-22)
(0.00561978 0.0996159 0)
(0.00538054 0.0953625 0)
(0.0920118 0.0880295 0)
(0.0767586 0.0970865 2.04689e-22)
(0.0622984 0.0993535 -8.16825e-23)
(0.0457701 0.099095 6.11444e-22)
(0.0306866 0.0961654 -6.14571e-22)
(0.0191239 0.0895948 -3.45768e-22)
(0.0110456 0.0845137 3.8564e-22)
(0.00705477 0.0760655 9.06218e-22)
(0.00468715 0.0729395 -7.70316e-23)
(0.00492059 0.0671883 3.14922e-23)
(0.0938301 0.0684029 0)
(0.0763236 0.0712404 -1.22385e-22)
(0.0611297 0.0692404 7.60179e-23)
(0.044075 0.0677996 0)
(0.0288518 0.0642841 -1.86545e-22)
(0.0172125 0.058728 5.77165e-22)
(0.00926859 0.0543313 -4.73983e-22)
(0.00553883 0.0468891 -1.08674e-22)
(0.00364776 0.0441391 7.69118e-23)
(0.0042479 0.0378909 -5.96953e-23)
(0.0931034 0.043084 4.30952e-22)
(0.0746622 0.041628 -6.66051e-23)
(0.0595177 0.0363892 -5.32984e-23)
(0.0423903 0.034426 -8.54211e-23)
(0.0272969 0.0306027 -1.92884e-22)
(0.0156739 0.0261999 -2.93222e-22)
(0.00778746 0.0226308 8.28762e-23)
(0.00422856 0.0165411 6.23171e-23)
(0.00263388 0.0144275 -7.71634e-23)
(0.00350069 0.00861236 -1.43911e-23)
(0.0904581 0.0145069 -3.32194e-23)
(0.072195 0.0106284 3.36055e-23)
(0.0576476 0.00283285 4.46582e-23)
(0.0408663 0.000694254 8.52905e-23)
(0.025985 -0.00334688 -9.90176e-23)
(0.0145095 -0.00659408 1.98507e-22)
(0.00663797 -0.00920604 -1.18848e-22)
(0.00320744 -0.0136657 -2.61101e-23)
(0.00178018 -0.0148474 0)
(0.00263086 -0.0195537 1.43613e-23)
(0.0865437 -0.0149347 3.20414e-23)
(0.0692953 -0.0196976 -3.23742e-23)
(0.0556715 -0.0296993 4.52781e-23)
(0.0394708 -0.031845 8.43921e-23)
(0.0249283 -0.0360789 9.76264e-23)
(0.0137052 -0.0382373 -2.91121e-24)
(0.00587455 -0.039768 -4.46305e-23)
(0.00254626 -0.0424396 -9.46282e-23)
(0.00119305 -0.0425148 0)
(0.00201838 -0.0458155 1.24999e-23)
(0.081945 -0.043373 0)
(0.066248 -0.0478774 8.10017e-23)
(0.0536826 -0.0598614 -2.07367e-22)
(0.0381614 -0.0619678 -8.45151e-23)
(0.0241533 -0.0663561 -1.85034e-22)
(0.0132573 -0.0674952 -2.79049e-22)
(0.00553191 -0.0678895 7.97444e-23)
(0.00227273 -0.068808 5.91013e-23)
(0.000895466 -0.0678096 -6.756e-23)
(0.0015424 -0.0697873 -1.24651e-23)
(0.0770805 -0.0695445 0)
(0.063213 -0.0730682 -5.40746e-23)
(0.0516887 -0.0867765 8.06651e-23)
(0.0370191 -0.0888699 0)
(0.0236098 -0.0932936 5.42785e-22)
(0.0131662 -0.0935582 -1.7646e-22)
(0.00558894 -0.0928627 -1.62824e-22)
(0.00236361 -0.0922986 -3.49789e-22)
(0.000849283 -0.0904613 6.73393e-23)
(0.00118895 -0.0914221 -4.27985e-23)
(0.0722542 -0.0927974 0)
(0.0602949 -0.0950112 5.45207e-23)
(0.0497009 -0.11002 0)
(0.0360766 -0.112218 -6.0346e-22)
(0.02328 -0.116484 6.06607e-22)
(0.0134006 -0.116141 3.09946e-22)
(0.00598202 -0.114516 -1.85089e-23)
(0.00273706 -0.11293 3.40424e-22)
(0.000977098 -0.110595 6.4229e-23)
(0.000935266 -0.110902 6.35281e-23)
(0.0676835 -0.112983 3.24917e-21)
(0.057577 -0.113917 -1.17447e-21)
(0.047757 -0.129574 -3.5189e-22)
(0.0353378 -0.132132 3.05245e-22)
(0.0231413 -0.136 0)
(0.0138834 -0.135441 2.89585e-22)
(0.00660765 -0.133125 -5.54887e-23)
(0.00327034 -0.131063 -4.42346e-22)
(0.00118878 -0.128563 -1.99322e-23)
(0.000746768 -0.12853 1.99175e-23)
(0.0634991 -0.130299 1.10856e-21)
(0.0551414 -0.130337 1.46239e-21)
(0.0459175 -0.145747 -2.17123e-22)
(0.0347837 -0.149083 2.17002e-22)
(0.0231595 -0.152293 2.50854e-22)
(0.0145065 -0.151986 0)
(0.0073487 -0.14923 4.62663e-22)
(0.00384487 -0.147207 -2.52155e-22)
(0.00141597 -0.144784 -1.52634e-22)
(0.000596088 -0.144637 -3.41614e-23)
(0.0597936 -0.145094 -5.99246e-22)
(0.0531078 -0.145017 0)
(0.0442732 -0.159059 0)
(0.0343851 -0.163718 0)
(0.0232992 -0.166014 2.41393e-22)
(0.0151631 -0.16643 -4.91575e-22)
(0.00810505 -0.163443 -4.47334e-22)
(0.00437357 -0.161869 5.60282e-22)
(0.00162164 -0.159653 -3.5466e-23)
(0.000468541 -0.159535 6.89154e-23)
(0.0564811 -0.157665 -1.7086e-21)
(0.0514874 -0.158745 7.3917e-22)
(0.0428558 -0.170133 -7.32265e-22)
(0.0340699 -0.176694 -6.10057e-22)
(0.0235277 -0.177859 7.86132e-22)
(0.0157809 -0.179386 0)
(0.00882493 -0.17632 2.05386e-22)
(0.00481709 -0.175467 -1.12495e-23)
(0.00179893 -0.173494 9.91909e-23)
(0.000360002 -0.173495 2.89852e-23)
(0.0527863 -0.168022 -7.06074e-22)
(0.0497133 -0.172217 0)
(0.0414253 -0.179629 -2.40352e-22)
(0.0336184 -0.188576 -2.84194e-22)
(0.023767 -0.188466 2.52275e-22)
(0.0163062 -0.191351 9.44566e-23)
(0.00951035 -0.188293 -2.04918e-22)
(0.00519389 -0.188305 -3.39106e-23)
(0.00196989 -0.186558 -1.90487e-22)
(0.000272485 -0.18674 -5.88233e-23)
(0.0492531 -0.175618 -2.67547e-21)
(0.0477041 -0.185968 2.60761e-21)
(0.0401242 -0.188293 8.51641e-23)
(0.0329605 -0.19984 0)
(0.0238912 -0.198393 0)
(0.0165966 -0.2027 -9.73689e-23)
(0.010043 -0.199681 -3.2682e-22)
(0.00546448 -0.200587 3.20629e-22)
(0.00212339 -0.199028 2.88735e-23)
(0.000202695 -0.199459 -2.82256e-23)
(0.0537525 -0.184969 0)
(0.0493799 -0.218036 0)
(0.0413964 -0.208003 0)
(0.0329777 -0.225654 0)
(0.0241891 -0.221415 0)
(0.016455 -0.229163 0)
(0.0102599 -0.226371 0)
(0.00527457 -0.229332 0)
(0.00212109 -0.227921 0)
(7.5038e-05 -0.22883 0)
(0.0446762 -0.235193 0)
(0.037453 -0.267353 0)
(0.0332662 -0.255137 0)
(0.0259013 -0.272553 0)
(0.020345 -0.267023 0)
(0.0139407 -0.276156 0)
(0.00915493 -0.273093 0)
(0.00472029 -0.2771 0)
(0.00221989 -0.275006 0)
(3.60384e-05 -0.276371 0)
(0.0415823 -0.286119 0)
(0.0328431 -0.318512 0)
(0.0286629 -0.304371 0)
(0.0215454 -0.322839 0)
(0.0170393 -0.315667 0)
(0.0114913 -0.3261 0)
(0.00791101 -0.321621 0)
(0.00426615 -0.326406 0)
(0.00218257 -0.323131 0)
(9.18059e-05 -0.325113 0)
(0.0366059 -0.341696 0)
(0.0278657 -0.374306 0)
(0.0243626 -0.357986 0)
(0.0177023 -0.377694 0)
(0.0142739 -0.368447 0)
(0.00958377 -0.380115 0)
(0.00698706 -0.373817 0)
(0.00395027 -0.379631 0)
(0.00219672 -0.374736 0)
(0.000162169 -0.377814 0)
(0.0313903 -0.40544 0)
(0.0234877 -0.438429 0)
(0.020352 -0.42009 0)
(0.0145292 -0.441115 0)
(0.0119945 -0.429734 0)
(0.0080521 -0.442858 0)
(0.00622419 -0.4347 0)
(0.00363203 -0.441785 0)
(0.00216749 -0.435223 0)
(0.000193046 -0.439703 0)
(0.0263673 -0.482794 0)
(0.019305 -0.515841 0)
(0.0167118 -0.496353 0)
(0.0117545 -0.518595 0)
(0.0100059 -0.505587 0)
(0.00664867 -0.520168 0)
(0.00544969 -0.510437 0)
(0.00313597 -0.518889 0)
(0.0019942 -0.510898 0)
(0.000125506 -0.517046 0)
(0.0205905 -0.578643 0)
(0.0152236 -0.609442 0)
(0.0131371 -0.591679 0)
(0.00919743 -0.613477 0)
(0.00789081 -0.600635 0)
(0.00509915 -0.615687 0)
(0.00425952 -0.605562 0)
(0.00216 -0.614913 0)
(0.0013836 -0.606433 0)
(-7.94513e-05 -0.613944 0)
(0.0161698 -0.688191 0)
(0.0114676 -0.712379 0)
(0.00953623 -0.700312 0)
(0.00624406 -0.717955 0)
(0.00530907 -0.708517 0)
(0.00304132 -0.72127 0)
(0.00242052 -0.713041 0)
(0.000634404 -0.721319 0)
(0.000362346 -0.71415 0)
(-0.000338062 -0.721484 0)
(0.00886635 -0.786029 0)
(0.00582336 -0.798943 0)
(0.00482113 -0.795886 0)
(0.00314582 -0.806481 0)
(0.00263469 -0.802974 0)
(0.0012416 -0.810237 0)
(0.000707836 -0.80576 0)
(-0.000424961 -0.810295 0)
(-0.000375727 -0.805965 0)
(-0.000372555 -0.810529 0)
(0.00161031 -0.839041 0)
(0.00107022 -0.848547 0)
(0.00100214 -0.850461 0)
(0.000868024 -0.855857 0)
(0.000680832 -0.855404 0)
(0.000310789 -0.858441 0)
(1.79412e-05 -0.856373 0)
(-0.000308431 -0.857852 0)
(-0.000286334 -0.855563 0)
(-0.000143742 -0.857514 0)
(0.0513743 -0.204511 4.23749e-21)
(0.0458166 -0.254546 -4.15977e-21)
(0.0436949 -0.305317 6.10195e-22)
(0.0386891 -0.361179 0)
(0.0337321 -0.425115 0)
(0.028597 -0.502176 8.72061e-22)
(0.0229754 -0.595553 -4.03858e-21)
(0.0174467 -0.697565 4.02143e-21)
(0.0109372 -0.789319 1.20475e-21)
(0.0034368 -0.835087 -1.19233e-21)
(0.050894 -0.212311 -5.04246e-21)
(0.0466906 -0.261377 0)
(0.0446944 -0.311386 4.35925e-21)
(0.0396776 -0.366968 -1.03529e-20)
(0.0348142 -0.430808 6.95003e-21)
(0.0296261 -0.507707 -7.8559e-22)
(0.0240415 -0.600106 1.903e-21)
(0.0180412 -0.700217 4.19283e-21)
(0.0118656 -0.789001 1.27095e-21)
(0.00426475 -0.834719 1.2808e-21)
(0.0509994 -0.220095 6.017e-21)
(0.0481409 -0.268361 -4.6248e-21)
(0.0460644 -0.3172 4.58091e-21)
(0.0410034 -0.372046 -5.92804e-21)
(0.0361619 -0.435503 4.37054e-21)
(0.0308618 -0.512009 0)
(0.0251677 -0.60335 -1.90776e-21)
(0.018764 -0.701844 1.62746e-22)
(0.0124655 -0.787605 -2.2293e-21)
(0.00466613 -0.834694 -2.43183e-21)
(0.0516499 -0.226997 -9.81039e-22)
(0.0500325 -0.274899 0)
(0.0478102 -0.322819 0)
(0.0427096 -0.376993 0)
(0.0378171 -0.440056 5.33767e-21)
(0.0323384 -0.516083 -3.58783e-21)
(0.0264234 -0.606351 -5.02456e-23)
(0.0196304 -0.703079 -2.50167e-21)
(0.0128422 -0.786279 -1.28784e-21)
(0.0047425 -0.833526 -1.39599e-21)
(0.0529087 -0.23305 2.91549e-22)
(0.0522805 -0.280401 -3.13966e-21)
(0.0498677 -0.327584 -2.8651e-21)
(0.0447441 -0.381317 2.86335e-21)
(0.0397425 -0.444137 -1.72619e-21)
(0.0340338 -0.519769 0)
(0.0278404 -0.609068 -2.22987e-21)
(0.0206409 -0.704052 5.12716e-21)
(0.0132201 -0.785095 -2.65062e-21)
(0.00473259 -0.831279 2.7158e-21)
(0.0548516 -0.238399 -8.52236e-21)
(0.0549179 -0.284803 7.09387e-22)
(0.0522411 -0.331185 -4.20473e-22)
(0.0470728 -0.384565 3.02103e-21)
(0.0418976 -0.447247 0)
(0.0359151 -0.522588 0)
(0.0294105 -0.611078 0)
(0.0217915 -0.704538 2.79921e-21)
(0.0137439 -0.783762 0)
(0.0047922 -0.828467 0)
(0.0575107 -0.242958 0)
(0.0579997 -0.288152 3.99108e-21)
(0.054986 -0.333633 -2.72305e-21)
(0.0497124 -0.38663 -3.71795e-21)
(0.0442839 -0.449175 3.73735e-21)
(0.0379771 -0.524267 2.4414e-21)
(0.0311234 -0.612087 -2.39783e-21)
(0.0230713 -0.704308 -1.00428e-20)
(0.0144388 -0.782053 7.13573e-22)
(0.00495669 -0.825467 -2.56494e-21)
(0.0608992 -0.24655 0)
(0.0615553 -0.290395 -1.27155e-21)
(0.0581511 -0.334956 -7.99316e-22)
(0.0526956 -0.387537 0)
(0.0469305 -0.449908 1.17984e-21)
(0.040244 -0.524749 -3.56027e-21)
(0.0329932 -0.611995 4.13848e-21)
(0.0244851 -0.703233 1.52237e-21)
(0.0152843 -0.779845 -1.71844e-21)
(0.00521137 -0.822368 3.38929e-21)
(0.0650343 -0.249031 1.03095e-21)
(0.0656 -0.291444 1.49724e-21)
(0.0617614 -0.335115 -2.90698e-22)
(0.0560443 -0.38729 5.017e-22)
(0.0498675 -0.449471 1.09969e-21)
(0.0427462 -0.524076 1.93411e-21)
(0.035041 -0.610859 -7.59037e-22)
(0.0260331 -0.701357 -8.43182e-22)
(0.0162382 -0.77716 1.72413e-21)
(0.00551914 -0.819146 9.5947e-22)
(0.0699375 -0.25029 -3.22199e-22)
(0.0701484 -0.291238 3.24703e-22)
(0.0658293 -0.334057 -4.21867e-22)
(0.059768 -0.38585 -5.01094e-22)
(0.0531137 -0.447847 6.44791e-22)
(0.0455084 -0.52225 -1.32231e-21)
(0.0372979 -0.608681 1.1705e-21)
(0.0277433 -0.698667 4.29351e-22)
(0.0173057 -0.77397 0)
(0.00587963 -0.815698 -9.61576e-22)
(0.0756313 -0.250251 3.36965e-22)
(0.0752125 -0.28977 -3.39751e-22)
(0.0703628 -0.33176 -4.74124e-22)
(0.0638725 -0.383194 -5.65271e-22)
(0.0566832 -0.445024 -6.84975e-22)
(0.0485427 -0.519304 -6.64163e-23)
(0.0397684 -0.605553 4.19486e-22)
(0.0296062 -0.695295 1.3894e-21)
(0.0184622 -0.770371 0)
(0.00627003 -0.812025 -1.07842e-21)
(0.0821322 -0.248887 0)
(0.080796 -0.2871 -1.76582e-21)
(0.0753691 -0.328239 3.26039e-21)
(0.0683627 -0.379337 5.66272e-22)
(0.0605836 -0.440985 1.40045e-21)
(0.0518645 -0.515171 2.36363e-21)
(0.0424862 -0.601353 -8.55464e-22)
(0.0316716 -0.691097 -9.48457e-22)
(0.0197598 -0.76625 2.17335e-21)
(0.00672675 -0.808044 1.07586e-21)
(0.0894377 -0.246266 0)
(0.0868959 -0.283335 -1.71427e-21)
(0.0808506 -0.32359 -1.00939e-21)
(0.0732419 -0.374333 0)
(0.0648328 -0.435792 -4.48717e-21)
(0.0554736 -0.509985 1.49878e-21)
(0.045422 -0.596292 1.87715e-21)
(0.0338874 -0.686301 6.20986e-21)
(0.0211391 -0.761784 -2.16633e-21)
(0.00720066 -0.803856 4.79046e-21)
(0.0975285 -0.242517 0)
(0.0935052 -0.27855 1.72902e-21)
(0.0868173 -0.317857 0)
(0.0785188 -0.368262 5.65874e-21)
(0.0694326 -0.429447 -5.68774e-21)
(0.0594036 -0.503576 -3.70503e-21)
(0.0486563 -0.59004 -1.04404e-22)
(0.0363563 -0.680505 -6.44637e-21)
(0.022703 -0.756692 -1.07077e-21)
(0.00777158 -0.799297 -5.95852e-21)
(0.106378 -0.237832 1.10676e-20)
(0.100627 -0.272818 -4.29339e-21)
(0.0932321 -0.311352 9.0081e-22)
(0.084191 -0.36116 -5.09837e-21)
(0.0744215 -0.422055 0)
(0.0636359 -0.496216 -3.91602e-21)
(0.0520997 -0.583117 -4.30181e-22)
(0.038932 -0.674348 8.82037e-21)
(0.0242898 -0.751398 1.25208e-21)
(0.00831528 -0.794606 -1.25661e-21)
(0.115946 -0.232364 -2.3009e-21)
(0.108236 -0.266178 8.7926e-21)
(0.100146 -0.30384 5.37955e-21)
(0.0903461 -0.352761 -5.37586e-21)
(0.07981 -0.413381 -3.49426e-21)
(0.0682526 -0.487469 0)
(0.0559143 -0.574734 -9.06545e-21)
(0.0418626 -0.666909 4.53619e-21)
(0.0261604 -0.745262 4.97369e-21)
(0.00902137 -0.789418 5.48393e-21)
(0.126169 -0.226595 -1.53673e-21)
(0.116393 -0.258658 0)
(0.107514 -0.2956 0)
(0.0968709 -0.343896 0)
(0.085488 -0.404333 -4.19581e-21)
(0.0730765 -0.478585 7.67643e-21)
(0.0598137 -0.566509 9.29012e-21)
(0.0447503 -0.659797 -1.4859e-20)
(0.027917 -0.739301 2.73794e-21)
(0.00959025 -0.784266 -8.14379e-21)
(0.136933 -0.219988 -1.44362e-21)
(0.125245 -0.249684 9.78062e-21)
(0.115328 -0.286173 -9.6871e-21)
(0.103908 -0.333602 1.41155e-20)
(0.091713 -0.393422 -1.78397e-20)
(0.078496 -0.467413 0)
(0.0643554 -0.555732 -4.91268e-21)
(0.0482849 -0.650429 -2.57748e-22)
(0.0302007 -0.731955 -5.74527e-21)
(0.0104853 -0.778322 -5.92145e-21)
(0.147796 -0.214347 -1.61456e-21)
(0.134323 -0.241919 0)
(0.123113 -0.278177 -1.40419e-20)
(0.110924 -0.324974 2.727e-20)
(0.09783 -0.384544 -1.07513e-20)
(0.08368 -0.458717 -2.28797e-21)
(0.0685159 -0.547645 4.90232e-21)
(0.0513251 -0.643277 -3.39489e-22)
(0.032014 -0.725727 8.32544e-21)
(0.0109793 -0.772809 8.76037e-21)
(0.160297 -0.203904 -7.83806e-21)
(0.145397 -0.229542 7.67293e-21)
(0.132475 -0.265349 1.43565e-21)
(0.119465 -0.311084 0)
(0.105474 -0.369807 0)
(0.0904241 -0.443639 2.20605e-21)
(0.0742503 -0.533297 1.04511e-20)
(0.0558423 -0.631256 -1.01512e-20)
(0.0349759 -0.716843 -2.87331e-21)
(0.012219 -0.765848 2.81539e-21)
(0.174159 -0.210033 0)
(0.169819 -0.22752 0)
(0.150295 -0.262958 0)
(0.135106 -0.306852 0)
(0.118969 -0.363618 0)
(0.101822 -0.43559 0)
(0.0834261 -0.523069 0)
(0.0625181 -0.618778 0)
(0.0388636 -0.702907 0)
(0.0126981 -0.752109 0)
(0.204683 -0.190084 0)
(0.212075 -0.212085 0)
(0.180369 -0.25102 0)
(0.165611 -0.29381 0)
(0.146001 -0.350481 0)
(0.125735 -0.421376 0)
(0.103764 -0.506375 0)
(0.0784327 -0.597778 0)
(0.0494862 -0.6764 0)
(0.0180387 -0.720193 0)
(0.242308 -0.165899 0)
(0.252313 -0.186382 0)
(0.210449 -0.226183 0)
(0.200125 -0.268769 0)
(0.176192 -0.325375 0)
(0.152634 -0.394579 0)
(0.125974 -0.476596 0)
(0.0948563 -0.564264 0)
(0.0590615 -0.64039 0)
(0.0189736 -0.685484 0)
(0.286033 -0.145972 0)
(0.296533 -0.164896 0)
(0.25067 -0.208318 0)
(0.245291 -0.250877 0)
(0.214413 -0.306133 0)
(0.187835 -0.372656 0)
(0.155966 -0.450415 0)
(0.118305 -0.531746 0)
(0.0747067 -0.600158 0)
(0.0273636 -0.636896 0)
(0.338997 -0.121685 0)
(0.349891 -0.141999 0)
(0.301045 -0.184599 0)
(0.296268 -0.221126 0)
(0.255966 -0.272089 0)
(0.226714 -0.334514 0)
(0.187385 -0.406694 0)
(0.141121 -0.482214 0)
(0.0875662 -0.546799 0)
(0.0273142 -0.586019 0)
(0.408456 -0.108467 0)
(0.416772 -0.129299 0)
(0.364091 -0.166785 0)
(0.359903 -0.1986 0)
(0.3108 -0.248902 0)
(0.280336 -0.306249 0)
(0.230736 -0.370983 0)
(0.174035 -0.436057 0)
(0.109452 -0.489149 0)
(0.0412594 -0.515073 0)
(0.489102 -0.0834785 0)
(0.490423 -0.100972 0)
(0.437524 -0.13141 0)
(0.430777 -0.159594 0)
(0.3697 -0.205052 0)
(0.336402 -0.251375 0)
(0.268406 -0.304454 0)
(0.200152 -0.358532 0)
(0.122168 -0.408933 0)
(0.0344626 -0.442754 0)
(0.590162 -0.0714867 0)
(0.583467 -0.0863965 0)
(0.535289 -0.112151 0)
(0.517193 -0.136195 0)
(0.449043 -0.173287 0)
(0.408479 -0.20702 0)
(0.321585 -0.24932 0)
(0.246518 -0.292651 0)
(0.152467 -0.332447 0)
(0.0646615 -0.342538 0)
(0.683256 -0.0372599 0)
(0.666283 -0.0456807 0)
(0.614027 -0.0615084 0)
(0.578559 -0.0755605 0)
(0.503393 -0.0979929 0)
(0.44697 -0.115299 0)
(0.342079 -0.142382 0)
(0.254501 -0.16854 0)
(0.132483 -0.200992 0)
(0.0120372 -0.246173 0)
(0.866523 -0.0193514 0)
(0.843254 -0.023388 0)
(0.798623 -0.0295541 0)
(0.75506 -0.0361398 0)
(0.688488 -0.04539 0)
(0.620516 -0.0542269 0)
(0.520128 -0.0684064 0)
(0.415236 -0.0848407 0)
(0.274826 -0.113489 0)
(0.174004 -0.166892 0)
(0.210418 -0.188235 6.58417e-21)
(0.247067 -0.167141 -6.49641e-21)
(0.285734 -0.14252 1.35111e-21)
(0.326474 -0.123419 0)
(0.376928 -0.101782 0)
(0.443197 -0.0904127 2.50941e-21)
(0.522471 -0.0689215 -1.25193e-20)
(0.618223 -0.0591045 1.2446e-20)
(0.710806 -0.0289108 3.74671e-21)
(0.885833 -0.0160987 -3.75906e-21)
(0.221432 -0.179258 -4.30695e-21)
(0.25762 -0.157774 0)
(0.296115 -0.133238 9.96056e-21)
(0.336491 -0.114473 -2.50154e-20)
(0.386757 -0.0938801 1.75785e-20)
(0.452703 -0.083292 -2.28494e-21)
(0.53205 -0.0631469 5.08602e-21)
(0.626618 -0.0541271 1.17937e-20)
(0.719639 -0.0255406 3.43939e-21)
(0.892241 -0.0147263 3.3272e-21)
(0.230835 -0.168933 4.62691e-21)
(0.265908 -0.147775 -8.11932e-21)
(0.303269 -0.123849 8.04283e-21)
(0.343093 -0.105565 -1.37434e-20)
(0.393175 -0.0860586 9.85979e-21)
(0.459089 -0.0762943 0)
(0.538558 -0.0575362 -5.0986e-21)
(0.632515 -0.0494198 -9.84069e-23)
(0.726377 -0.0224836 -6.2587e-21)
(0.897247 -0.0134557 -6.62372e-21)
(0.240559 -0.157711 -8.7705e-22)
(0.276108 -0.137282 0)
(0.312074 -0.114226 0)
(0.351014 -0.0965789 0)
(0.400499 -0.0782335 1.16576e-20)
(0.4661 -0.0693472 -8.01079e-21)
(0.545462 -0.0520308 -4.12124e-22)
(0.638741 -0.0449312 -5.98728e-21)
(0.733122 -0.019702 -3.15079e-21)
(0.902139 -0.0122821 -3.21997e-21)
(0.249594 -0.145945 2.61532e-21)
(0.28654 -0.126524 -2.90338e-21)
(0.321284 -0.104441 -5.03845e-21)
(0.359531 -0.0875659 5.03563e-21)
(0.408382 -0.0704158 -3.59513e-21)
(0.473645 -0.0624615 0)
(0.55292 -0.0466223 -4.93653e-21)
(0.645579 -0.0406046 1.13842e-20)
(0.74021 -0.0171071 -5.76748e-21)
(0.907142 -0.0111722 6.43285e-21)
(0.257444 -0.133618 -4.90471e-21)
(0.295833 -0.115519 -9.25859e-22)
(0.329699 -0.0945505 -1.43049e-21)
(0.367228 -0.0786055 4.80161e-21)
(0.415535 -0.0626704 0)
(0.480583 -0.0557013 0)
(0.559948 -0.0413599 0)
(0.652237 -0.0364465 5.3168e-21)
(0.747126 -0.0146551 0)
(0.911959 -0.0101055 0)
(0.263989 -0.12062 0)
(0.303767 -0.104209 4.25596e-21)
(0.337116 -0.0845292 -3.1301e-21)
(0.373735 -0.069662 -5.93708e-21)
(0.421393 -0.055016 5.96817e-21)
(0.48627 -0.0490867 4.28348e-21)
(0.56585 -0.0362662 -3.93956e-21)
(0.658027 -0.0324799 -1.82114e-20)
(0.753334 -0.0123491 1.28087e-21)
(0.916238 -0.0090838 -4.50056e-21)
(0.26905 -0.106872 0)
(0.310399 -0.0925246 -1.13264e-21)
(0.343454 -0.0743388 -8.89177e-22)
(0.379206 -0.0606695 0)
(0.425989 -0.0473989 1.94871e-21)
(0.490621 -0.0425861 -5.48452e-21)
(0.570428 -0.0313065 6.95965e-21)
(0.662642 -0.0286907 2.79022e-21)
(0.758507 -0.0101855 -2.7629e-21)
(0.919778 -0.00810621 6.01164e-21)
(0.272395 -0.0922932 -9.68002e-23)
(0.315618 -0.0803926 1.34072e-21)
(0.348602 -0.0639463 -4.50454e-23)
(0.383618 -0.0516031 6.05501e-22)
(0.429451 -0.0397643 1.58546e-21)
(0.493732 -0.0361404 2.86407e-21)
(0.573695 -0.0264188 -1.09577e-21)
(0.666183 -0.0250376 -1.25272e-21)
(0.762636 -0.0081533 2.77204e-21)
(0.922557 -0.00717851 1.44438e-21)
(0.273772 -0.0767749 -1.19567e-22)
(0.319226 -0.0677403 1.21142e-22)
(0.352421 -0.0533027 -4.20228e-22)
(0.386828 -0.0424537 -6.04766e-22)
(0.431784 -0.0320948 8.45519e-22)
(0.495611 -0.0296882 -1.79514e-21)
(0.575716 -0.0215607 1.67647e-21)
(0.668687 -0.0214633 6.68746e-22)
(0.765682 -0.00619908 0)
(0.924635 -0.00629291 -1.4475e-21)
(0.27297 -0.0601815 9.44207e-23)
(0.32109 -0.0544986 -9.56697e-23)
(0.354798 -0.0423494 -3.82033e-22)
(0.388774 -0.0332173 -5.7286e-22)
(0.432946 -0.024387 -8.31783e-22)
(0.496244 -0.0232045 -7.54287e-23)
(0.576598 -0.0167022 4.96941e-22)
(0.67021 -0.0179288 1.8011e-21)
(0.76789 -0.00430893 0)
(0.926091 -0.00546363 -1.41118e-21)
(0.269877 -0.0423979 0)
(0.32119 -0.0406057 -1.07951e-21)
(0.35569 -0.0310175 2.20425e-21)
(0.389467 -0.023875 5.73879e-22)
(0.432889 -0.0166283 1.47471e-21)
(0.495572 -0.0166697 2.72948e-21)
(0.576226 -0.0117983 -1.06968e-21)
(0.670577 -0.0143802 -1.22185e-21)
(0.769158 -0.00243543 2.65078e-21)
(0.926934 -0.00465447 1.40784e-21)
(0.264431 -0.0233896 0)
(0.319517 -0.0260063 -5.38863e-22)
(0.355085 -0.0192247 -7.36305e-22)
(0.38899 -0.0143935 0)
(0.43169 -0.00880551 -4.74471e-21)
(0.493695 -0.0100795 1.47436e-21)
(0.574723 -0.00684002 1.97631e-21)
(0.670018 -0.0108278 7.11749e-21)
(0.769711 -0.00059083 -2.64221e-21)
(0.92718 -0.00388059 5.56736e-21)
(0.256585 -0.00319064 0)
(0.315937 -0.0106567 5.43521e-22)
(0.35282 -0.0068834 0)
(0.38727 -0.00471226 5.11517e-21)
(0.429275 -0.000870168 -5.14111e-21)
(0.490497 -0.00339019 -3.91295e-21)
(0.57182 -0.00175826 -3.00331e-22)
(0.668129 -0.00718752 -7.15188e-21)
(0.769159 0.00129666 -1.1804e-21)
(0.926844 -0.00308727 -6.88024e-21)
(0.246434 0.0181181 -2.7481e-21)
(0.310313 0.00548945 1.23952e-21)
(0.348868 0.00606553 1.75914e-21)
(0.384453 0.00518085 -3.5461e-21)
(0.425878 0.00716237 0)
(0.486337 0.00335768 -3.92934e-21)
(0.568022 0.00339856 -5.93926e-22)
(0.665565 -0.00352511 9.36765e-21)
(0.768071 0.00317524 1.34758e-21)
(0.925946 -0.00232742 -1.34657e-21)
(0.234283 0.0404121 -3.08897e-21)
(0.302323 0.0224859 2.53764e-22)
(0.342877 0.019719 3.50704e-21)
(0.380122 0.0154392 -3.50433e-21)
(0.42108 0.0154287 -2.94982e-21)
(0.480715 0.0102812 0)
(0.56251 0.00878868 -8.86093e-21)
(0.661273 0.000333813 4.38726e-21)
(0.765579 0.00516169 5.06385e-21)
(0.924511 -0.00151093 5.55347e-21)
(0.22071 0.0635645 5.24566e-22)
(0.292233 0.040357 0)
(0.335598 0.0339532 0)
(0.375085 0.0258954 0)
(0.415861 0.0237322 -3.71258e-21)
(0.474867 0.0171686 6.64976e-21)
(0.556889 0.0141882 8.90368e-21)
(0.657061 0.00417126 -1.43991e-20)
(0.763074 0.00713333 2.71605e-21)
(0.92254 -0.000750793 -8.17984e-21)
(0.206138 0.0873102 2.62943e-21)
(0.278802 0.0593248 3.08019e-21)
(0.32535 0.0492392 -3.05086e-21)
(0.367353 0.0372485 1.04467e-20)
(0.408336 0.0326212 -1.33732e-20)
(0.466661 0.0244662 0)
(0.54845 0.0200438 -4.40626e-21)
(0.650073 0.00838142 -9.047e-23)
(0.758488 0.00929549 -5.39732e-21)
(0.920098 0.000121405 -5.60674e-21)
(0.192687 0.111228 6.29259e-22)
(0.265793 0.0785783 0)
(0.316978 0.0641571 -7.64361e-21)
(0.361417 0.0480742 1.75455e-20)
(0.402886 0.0410125 -7.42084e-21)
(0.460796 0.0313329 -1.9076e-21)
(0.542514 0.0255903 4.39695e-21)
(0.645281 0.0123801 -2.73744e-22)
(0.755107 0.0114118 7.74086e-21)
(0.917096 0.000881004 8.24027e-21)
(0.17489 0.13632 1.27287e-21)
(0.243044 0.101923 -1.23681e-21)
(0.299493 0.0829563 6.13674e-22)
(0.347823 0.0622472 0)
(0.391106 0.0514181 0)
(0.448712 0.0394838 1.83759e-21)
(0.530058 0.0322133 9.18986e-21)
(0.634872 0.0171388 -8.9183e-21)
(0.748073 0.0138452 -2.60076e-21)
(0.913765 0.00185405 2.50531e-21)
(0.170895 0.164523 0)
(0.232864 0.153233 0)
(0.296645 0.117552 0)
(0.345001 0.0871092 0)
(0.389244 0.0715462 0)
(0.445517 0.0559544 0)
(0.524004 0.0457047 0)
(0.627192 0.0272708 0)
(0.739788 0.0196204 0)
(0.903794 0.00365281 0)
(0.134897 0.234718 0)
(0.198754 0.242259 0)
(0.26297 0.172429 0)
(0.318931 0.140867 0)
(0.373465 0.110417 0)
(0.434068 0.0850841 0)
(0.512747 0.0692771 0)
(0.615827 0.0450115 0)
(0.732039 0.029186 0)
(0.895978 0.00702702 0)
(0.0990115 0.317436 0)
(0.149689 0.316784 0)
(0.212486 0.239158 0)
(0.275155 0.209037 0)
(0.339545 0.158836 0)
(0.407812 0.124258 0)
(0.487809 0.0984061 0)
(0.586413 0.0663065 0)
(0.699741 0.0412696 0)
(0.863438 0.010236 0)
(0.0691708 0.381561 0)
(0.107476 0.371751 0)
(0.16495 0.310424 0)
(0.225661 0.277849 0)
(0.297759 0.217901 0)
(0.374003 0.175244 0)
(0.46081 0.133088 0)
(0.561325 0.0900634 0)
(0.678351 0.0546766 0)
(0.844753 0.0148043 0)
(0.0462554 0.419432 0)
(0.0750212 0.409126 0)
(0.12161 0.368023 0)
(0.172712 0.336717 0)
(0.242415 0.280645 0)
(0.315262 0.232392 0)
(0.403851 0.175426 0)
(0.502622 0.119621 0)
(0.617829 0.0706516 0)
(0.789434 0.0187839 0)
(0.0373278 0.442245 0)
(0.0590047 0.437193 0)
(0.0962291 0.408385 0)
(0.136921 0.382942 0)
(0.198193 0.335714 0)
(0.262716 0.286917 0)
(0.353177 0.222942 0)
(0.451291 0.155464 0)
(0.571286 0.0889608 0)
(0.753149 0.0247892 0)
(0.0208757 0.47229 0)
(0.0377517 0.474635 0)
(0.0647722 0.448546 0)
(0.0955338 0.431562 0)
(0.142837 0.390979 0)
(0.195352 0.346767 0)
(0.274607 0.279796 0)
(0.358202 0.202038 0)
(0.472545 0.115969 0)
(0.662741 0.0318746 0)
(0.0285815 0.537354 0)
(0.0418939 0.54592 0)
(0.0628607 0.51403 0)
(0.0865368 0.504931 0)
(0.122003 0.461806 0)
(0.163476 0.423128 0)
(0.225108 0.347898 0)
(0.294832 0.266299 0)
(0.409194 0.161625 0)
(0.603371 0.0488856 0)
(-0.0015676 0.697375 0)
(0.00505154 0.702851 0)
(0.0161249 0.669484 0)
(0.029065 0.659123 0)
(0.0485901 0.610346 0)
(0.073606 0.570526 0)
(0.11077 0.486797 0)
(0.158786 0.401979 0)
(0.249752 0.265543 0)
(0.429017 0.0818798 0)
(0.0160766 0.914581 0)
(0.0224838 0.910632 0)
(0.0294117 0.888932 0)
(0.0389585 0.871576 0)
(0.0506755 0.829828 0)
(0.0669573 0.784317 0)
(0.0888848 0.704007 0)
(0.120967 0.60513 0)
(0.178162 0.4343 0)
(0.303278 0.151636 0)
(0.128141 0.220124 -1.22581e-21)
(0.0922912 0.29892 1.21575e-21)
(0.0648858 0.371333 5.63936e-22)
(0.0436487 0.418293 0)
(0.0283075 0.442862 0)
(0.0233927 0.458117 1.80183e-21)
(0.0113943 0.487264 -8.83235e-21)
(0.0201346 0.55595 8.7447e-21)
(-0.00481215 0.714317 2.49765e-21)
(0.0141045 0.922619 -2.527e-21)
(0.111986 0.23946 3.73498e-21)
(0.0765221 0.315754 0)
(0.0528165 0.383461 5.32235e-21)
(0.0345585 0.424986 -1.46643e-20)
(0.0217398 0.446235 1.13978e-20)
(0.0181556 0.460616 -1.63588e-21)
(0.0077657 0.490823 3.57973e-21)
(0.0167789 0.562019 8.08175e-21)
(-0.00601854 0.719998 2.15895e-21)
(0.0133396 0.92382 2.16938e-21)
(0.0957391 0.256724 -3.83429e-21)
(0.0614561 0.329066 -3.21578e-21)
(0.0419787 0.390397 3.1852e-21)
(0.0266556 0.426664 -9.20239e-21)
(0.0161581 0.445557 6.541e-21)
(0.013699 0.460381 0)
(0.00466003 0.492392 -3.58857e-21)
(0.0137103 0.566684 -1.38689e-22)
(-0.00729465 0.724566 -4.14382e-21)
(0.0124403 0.923593 -4.35522e-21)
(0.080262 0.272726 4.42967e-22)
(0.0475837 0.342846 0)
(0.0322651 0.398255 0)
(0.0197305 0.429487 0)
(0.0113757 0.44601 8.33776e-21)
(0.00990132 0.460966 -5.73237e-21)
(0.00201696 0.494317 -2.42009e-22)
(0.0109543 0.571253 -3.97223e-21)
(-0.00858645 0.729086 -2.04246e-21)
(0.0114213 0.923895 -2.08394e-21)
(0.0661486 0.286659 2.55236e-21)
(0.0354646 0.355171 -2.91617e-23)
(0.0238306 0.406039 -3.25104e-21)
(0.0136873 0.433273 3.2496e-21)
(0.0071907 0.447828 -2.56976e-21)
(0.0065532 0.462648 0)
(-0.000315307 0.49682 -3.40136e-21)
(0.00848691 0.575783 7.46848e-21)
(-0.00976477 0.733533 -3.72618e-21)
(0.0103699 0.924866 4.17552e-21)
(0.0535397 0.29843 3.38018e-22)
(0.0252658 0.364947 -1.47468e-21)
(0.0168039 0.412054 -1.26843e-21)
(0.00857675 0.436407 3.20598e-21)
(0.00356904 0.449675 0)
(0.00358128 0.464491 0)
(-0.0024133 0.499302 0)
(0.00628889 0.579855 3.43823e-21)
(-0.0107395 0.737473 0)
(0.0093655 0.925896 0)
(0.0424927 0.308197 0)
(0.0168868 0.37245 2.7605e-21)
(0.0111006 0.416129 -2.01612e-21)
(0.00440006 0.438294 -4.23688e-21)
(0.000530783 0.450824 4.25953e-21)
(0.0010022 0.465843 2.92434e-21)
(-0.00428592 0.501292 -2.73512e-21)
(0.00434272 0.583141 -1.16889e-20)
(-0.0115024 0.740601 8.19365e-22)
(0.00843105 0.926493 -2.72397e-21)
(0.0330913 0.316006 0)
(0.0101908 0.378149 -7.48661e-22)
(0.00654576 0.41881 -6.57271e-22)
(0.00106917 0.439237 0)
(-0.0019423 0.451336 1.35152e-21)
(-0.00116919 0.46661 -3.82135e-21)
(-0.00592939 0.502659 4.55306e-21)
(0.00262722 0.585483 1.75943e-21)
(-0.0120865 0.742778 -1.61799e-21)
(0.00756183 0.92639 3.64873e-21)
(0.0253912 0.321871 3.11843e-23)
(0.00506785 0.382288 1.07246e-21)
(0.00298992 0.420539 -9.65316e-23)
(-0.00151696 0.43967 4.51031e-22)
(-0.00390462 0.451517 1.12908e-21)
(-0.00294736 0.466954 1.95774e-21)
(-0.00735889 0.50343 -6.93601e-22)
(0.00110809 0.586943 -7.63172e-22)
(-0.0125466 0.744082 1.62334e-21)
(0.00672544 0.925729 8.3295e-22)
(0.0194005 0.325713 -1.53499e-22)
(0.00140808 0.385075 1.55189e-22)
(0.000340008 0.421497 -3.29426e-22)
(-0.0034328 0.439815 -4.50503e-22)
(-0.00540713 0.451553 5.79775e-22)
(-0.0043667 0.467 -1.22202e-21)
(-0.00858456 0.503661 1.04938e-21)
(-0.000233862 0.587531 4.05368e-22)
(-0.0129075 0.74447 0)
(0.00592327 0.924502 -8.34769e-22)
(0.0097591 -0.00984527 0)
(0.0193728 -0.0152923 0)
(0.024636 -0.0107056 -1.16101e-20)
(0.0271518 -7.99309e-05 0)
(0.0281968 0.0147706 6.20477e-21)
(0.0284535 0.0326204 -5.74977e-21)
(0.0283702 0.0525799 0)
(0.0283424 0.0738833 0)
(0.0292172 0.0957771 -1.14871e-20)
(0.0315381 0.115561 2.19638e-20)
(0.0110766 -0.00898691 0)
(0.0235746 -0.0145408 -8.83087e-21)
(0.0310955 -0.0106639 -3.5948e-21)
(0.0351172 -0.00144543 -1.27421e-20)
(0.03699 0.0113508 -6.31558e-21)
(0.0374888 0.0265431 -1.87213e-20)
(0.037138 0.04334 0)
(0.0363363 0.0611607 0)
(0.0357414 0.0795758 0)
(0.0365108 0.0968498 -1.89991e-22)
(0.0128209 -0.00806111 0)
(0.0287318 -0.0130605 -3.9786e-21)
(0.0389407 -0.00899751 5.72072e-21)
(0.0448501 -0.000189971 9.65043e-21)
(0.0479281 0.0116466 -3.76276e-22)
(0.0490815 0.0253644 -2.26074e-22)
(0.0489581 0.0402445 1.2394e-20)
(0.0480686 0.0558488 -1.17441e-20)
(0.0470552 0.0718881 2.21416e-20)
(0.0470504 0.0869425 -2.09547e-20)
(0.0151188 -0.0070909 -1.46153e-21)
(0.034875 -0.0109485 9.20179e-21)
(0.0480145 -0.00599242 1.61767e-20)
(0.055988 0.00314474 -2.06244e-20)
(0.0604484 0.0148202 1.28314e-20)
(0.062488 0.0279394 1.26741e-20)
(0.0629168 0.0418373 -6.28865e-21)
(0.062387 0.0561375 2.33444e-20)
(0.0615991 0.0705997 -6.48287e-22)
(0.0615274 0.0841903 -1.01345e-20)
(0.0180351 -0.00605095 -1.65366e-21)
(0.0419052 -0.00830066 1.57109e-21)
(0.0579613 -0.00204471 0)
(0.0678917 0.00775208 1.71909e-20)
(0.0736098 0.0195566 -3.27718e-21)
(0.0764424 0.0323703 8.92611e-23)
(0.0773805 0.0456031 -6.02549e-21)
(0.0771988 0.0589251 -1.65685e-20)
(0.0766317 0.0721537 -1.52302e-22)
(0.0765183 0.0847568 1.35277e-20)
(0.0215423 -0.00487438 0)
(0.049571 -0.00520295 -1.0989e-20)
(0.0682462 0.00240325 3.42022e-21)
(0.0797305 0.0127266 -1.06533e-20)
(0.086278 0.0243929 3.30578e-21)
(0.0894933 0.0365577 7.74476e-23)
(0.0905571 0.0487532 1.45133e-22)
(0.0903469 0.0607267 1.06892e-20)
(0.089598 0.0723955 -1.42197e-20)
(0.0890193 0.083718 1.25517e-20)
(0.0255069 -0.00347585 8.43641e-22)
(0.0574748 -0.00174256 7.27941e-21)
(0.0782128 0.00690862 0)
(0.0906121 0.0172104 1.06725e-20)
(0.097352 0.0280188 -1.00316e-20)
(0.100354 0.0387155 -3.05321e-21)
(0.100994 0.0490129 8.56418e-21)
(0.100242 0.0587884 0)
(0.0988183 0.0681082 0)
(0.0972907 0.0772349 0)
(0.0296905 -0.00178244 -9.64623e-22)
(0.0651063 0.00196832 -3.11827e-21)
(0.0871666 0.0110559 3.90024e-21)
(0.0997246 0.0204992 5.48005e-21)
(0.105967 0.0294858 5.03216e-21)
(0.108162 0.0377068 3.00489e-21)
(0.107882 0.0451141 0)
(0.10618 0.0517661 4.51215e-21)
(0.10376 0.0578998 -2.26797e-21)
(0.101098 0.0638458 0)
(0.0337697 0.000234597 0)
(0.0719023 0.00576959 6.17741e-21)
(0.0944728 0.0144773 -3.89948e-21)
(0.106462 0.022109 -3.66682e-21)
(0.111626 0.0283086 4.99685e-23)
(0.112594 0.0331587 -1.47816e-21)
(0.111119 0.0368973 1.29049e-21)
(0.108319 0.0397902 0)
(0.104885 0.0422138 -1.95803e-21)
(0.101282 0.0444453 -1.46026e-21)
(0.037397 0.00253449 1.33815e-22)
(0.077337 0.00944413 -2.42257e-21)
(0.0996522 0.0168737 -2.62956e-22)
(0.110501 0.0218045 9.13151e-24)
(0.114235 0.0244592 -1.26137e-21)
(0.113818 0.0253714 0)
(0.111153 0.0250797 -1.29028e-21)
(0.107385 0.0240403 0)
(0.103181 0.0226961 0)
(0.0990122 0.0212685 0)
(0.0403118 0.00500717 -2.95433e-22)
(0.0810198 0.0127403 0)
(0.102444 0.0180393 0)
(0.111811 0.019587 -1.56638e-21)
(0.114026 0.0182674 4.01132e-22)
(0.112328 0.0150784 -6.06677e-23)
(0.108703 0.0108292 -6.78651e-22)
(0.104278 0.0061041 0)
(0.099661 0.00133557 0)
(0.0952653 -0.00329635 0)
(0.0422491 0.00750701 0)
(0.0826933 0.0154361 -1.27979e-21)
(0.102792 0.0178873 1.18023e-21)
(0.110581 0.0156396 2.05552e-21)
(0.11142 0.0102531 0)
(0.108724 0.00314644 1.51098e-21)
(0.104489 -0.00467575 -1.40518e-21)
(0.0997673 -0.0125849 0)
(0.0950747 -0.0202149 1.70628e-21)
(0.0907077 -0.0274479 -1.64869e-21)
(0.0429207 0.00982051 0)
(0.0821776 0.0172737 1.15664e-20)
(0.100771 0.0163702 0)
(0.10713 0.0102041 9.25732e-21)
(0.106909 0.000949563 0)
(0.103594 -0.00964866 -6.84896e-21)
(0.0991186 -0.0204911 0)
(0.094423 -0.0309894 4.40971e-21)
(0.0899092 -0.040884 -4.13013e-21)
(0.0857332 -0.0501109 -3.37597e-21)
(0.0421998 0.0116967 -3.21153e-21)
(0.0794974 0.0180068 -5.53943e-21)
(0.0966283 0.013485 -2.74455e-21)
(0.101866 0.00353507 -4.63281e-21)
(0.100984 -0.00918312 -4.27282e-21)
(0.0974366 -0.022722 3.48517e-21)
(0.0930468 -0.0359836 3.12886e-21)
(0.0886285 -0.0484807 4.52009e-22)
(0.084464 -0.0600666 4.40743e-21)
(0.0805732 -0.0707274 3.38658e-21)
(0.0400876 0.012885 -3.59363e-21)
(0.0748303 0.0174247 -6.40618e-21)
(0.0907065 0.00925313 -1.17793e-20)
(0.0952216 -0.00414728 5.22721e-21)
(0.0940939 -0.0198057 0)
(0.0906596 -0.0356951 0)
(0.0866125 -0.0507968 -6.02571e-21)
(0.0826496 -0.0647566 -5.04336e-21)
(0.0789486 -0.0775272 4.63299e-21)
(0.0754201 -0.0891405 -3.20773e-21)
(0.0366921 0.013157 3.80659e-21)
(0.0684722 0.0153619 3.24101e-21)
(0.0834029 0.00370376 -1.98364e-20)
(0.087627 -0.0126805 2.73626e-20)
(0.08664 -0.030703 -4.81308e-21)
(0.0836013 -0.0483642 0)
(0.0800786 -0.0647785 0)
(0.0766822 -0.0797374 2.8063e-20)
(0.0735154 -0.0932731 -2.39087e-20)
(0.0704141 -0.10545 -1.19143e-20)
(0.0322142 0.0123271 3.51127e-20)
(0.0608015 0.0117025 0)
(0.0751432 -0.00313257 2.55327e-20)
(0.0794959 -0.0219599 -2.21551e-20)
(0.078988 -0.0417642 0)
(0.0765608 -0.0606569 7.98039e-21)
(0.0736719 -0.0779147 -2.19427e-20)
(0.0708854 -0.0934774 -2.32689e-20)
(0.0682757 -0.107444 1.08093e-20)
(0.0656504 -0.119884 8.81812e-21)
(0.0269268 0.0102674 -7.22716e-20)
(0.0522487 0.00638514 -7.65361e-21)
(0.0663589 -0.0112228 -1.42891e-20)
(0.0712216 -0.031928 -3.02597e-20)
(0.071482 -0.052961 -9.77337e-21)
(0.0698317 -0.0725997 -8.61261e-21)
(0.0676282 -0.0902887 -6.1663e-22)
(0.065424 -0.106115 0)
(0.0633281 -0.120247 0)
(0.0611901 -0.132723 1.95965e-20)
(0.0211495 0.00691746 3.71597e-20)
(0.0432658 -0.000591672 -3.30752e-20)
(0.0574663 -0.0205245 2.11201e-20)
(0.0631674 -0.0425614 4.22915e-20)
(0.0644526 -0.0643304 -1.09153e-20)
(0.0637413 -0.084303 8.12234e-21)
(0.0622855 -0.102069 7.10278e-21)
(0.0606373 -0.117849 0)
(0.0589814 -0.131905 0)
(0.0571977 -0.144207 -1.01545e-20)
(0.0152226 0.00228904 -4.9218e-21)
(0.0342991 -0.00916545 4.12307e-20)
(0.0488452 -0.0309754 -7.51633e-21)
(0.0556451 -0.0538567 0)
(0.0581894 -0.0759734 0)
(0.0586405 -0.0960039 1.81954e-20)
(0.0581732 -0.11363 0)
(0.0573614 -0.129133 -1.31956e-20)
(0.0564039 -0.142813 8.46588e-22)
(0.0548782 -0.154468 1.12654e-20)
(0.00947912 -0.00353738 0)
(0.0257612 -0.01921 0)
(0.0408166 -0.0424787 -2.93856e-20)
(0.0488738 -0.0657985 0)
(0.0528354 -0.0880284 1.04906e-20)
(0.0546485 -0.108149 -9.72249e-21)
(0.0554725 -0.126057 0)
(0.0559373 -0.14231 0)
(0.056203 -0.157641 -1.232e-20)
(0.0555925 -0.172424 2.42051e-20)
(0.00423519 -0.0104124 0)
(0.0180286 -0.0305263 -2.51483e-20)
(0.0336475 -0.0548691 -7.20246e-21)
(0.0429793 -0.0782588 -2.50378e-20)
(0.0483316 -0.10036 -1.11068e-20)
(0.0514121 -0.120461 -2.86339e-20)
(0.0533004 -0.138568 0)
(0.054557 -0.155202 0)
(0.0552291 -0.170846 0)
(0.054703 -0.185269 2.00563e-22)
(-0.000217649 -0.0181027 0)
(0.0114432 -0.0428241 -6.98556e-21)
(0.0275724 -0.0679015 1.51716e-20)
(0.0380725 -0.0910087 1.86187e-20)
(0.0446653 -0.112677 3.53418e-22)
(0.0488066 -0.132458 1.58386e-22)
(0.0514826 -0.150347 1.66063e-20)
(0.0532069 -0.166691 -1.48842e-20)
(0.0540661 -0.181738 2.66915e-20)
(0.0537539 -0.1952 -2.56502e-20)
(-0.00364282 -0.0263187 -4.69601e-21)
(0.00628167 -0.0557616 2.4596e-20)
(0.0227882 -0.0812963 3.53643e-20)
(0.0342708 -0.103799 -3.52968e-20)
(0.0419045 -0.124711 2.1858e-20)
(0.0469061 -0.143817 1.91364e-20)
(0.0501908 -0.161066 -8.14197e-21)
(0.0522778 -0.176657 2.96139e-20)
(0.0533609 -0.190752 -1.28149e-22)
(0.0533831 -0.203241 -1.3199e-20)
(-0.00587314 -0.0347358 -4.16681e-21)
(0.00275209 -0.06896 3.9598e-21)
(0.0194561 -0.0947549 0)
(0.0316909 -0.116391 2.91976e-20)
(0.0401502 -0.136257 -5.20187e-21)
(0.0458351 -0.15439 2.69231e-23)
(0.0496094 -0.170706 -8.30248e-21)
(0.0520223 -0.185327 -2.22117e-20)
(0.0533716 -0.198425 1.85724e-22)
(0.0537558 -0.210087 2.00561e-20)
(-0.00681827 -0.0430148 0)
(0.000987033 -0.0820225 -1.96829e-20)
(0.0176945 -0.107973 6.20566e-21)
(0.0304324 -0.128564 -1.57372e-20)
(0.0395006 -0.147168 4.91966e-21)
(0.0457097 -0.164115 2.32206e-22)
(0.0498783 -0.179331 1.90445e-22)
(0.0525842 -0.192911 1.47974e-20)
(0.0541998 -0.205073 -2.07241e-20)
(0.0549189 -0.216047 2.03824e-20)
(-0.00646677 -0.0508229 1.79145e-21)
(0.00103911 -0.094553 1.29538e-20)
(0.0175716 -0.12065 0)
(0.0305654 -0.140111 1.53682e-20)
(0.0400329 -0.157322 -1.33201e-20)
(0.0466196 -0.172957 -4.16744e-21)
(0.0510956 -0.186995 1.17453e-20)
(0.0540519 -0.19953 0)
(0.0559032 -0.210821 0)
(0.0569028 -0.221186 0)
(-0.00488286 -0.0578494 -1.46902e-21)
(0.00288016 -0.106172 -3.47066e-21)
(0.0191013 -0.132497 4.57328e-21)
(0.0321236 -0.150841 6.53999e-21)
(0.0417939 -0.166611 6.6425e-21)
(0.048622 -0.18088 3.80502e-21)
(0.0533217 -0.193717 0)
(0.0564787 -0.205229 7.22015e-21)
(0.0585219 -0.215693 -3.3477e-21)
(0.0597396 -0.225468 0)
(-0.00219939 -0.0638167 0)
(0.00640293 -0.116527 6.84522e-21)
(0.0222413 -0.143237 -4.57208e-21)
(0.0351002 -0.160567 -4.27026e-21)
(0.0447967 -0.174928 -1.34746e-22)
(0.0517411 -0.187836 -2e-21)
(0.056585 -0.199486 1.73301e-21)
(0.0598912 -0.210003 0)
(0.0620819 -0.219664 -3.41384e-21)
(0.0634595 -0.228831 -3.54334e-21)
(0.00138947 -0.0685239 1.21716e-22)
(0.0114218 -0.125321 -2.2066e-21)
(0.0268918 -0.152618 -2.4325e-22)
(0.0394468 -0.169111 -2.98593e-23)
(0.0490206 -0.18216 -1.39763e-21)
(0.055971 -0.193759 0)
(0.0608867 -0.204261 -1.73241e-21)
(0.0642953 -0.213815 0)
(0.0665974 -0.222683 0)
(0.0680894 -0.231205 0)
(0.00565716 -0.0719969 -1.71551e-22)
(0.017697 -0.132421 0)
(0.0329068 -0.16048 0)
(0.0450813 -0.17635 -9.16612e-22)
(0.0544184 -0.188232 4.37592e-22)
(0.0612821 -0.198609 7.91994e-23)
(0.0662074 -0.208017 -7.56029e-22)
(0.0696803 -0.216637 0)
(0.0720727 -0.224707 0)
(0.0736556 -0.232532 0)
(0.0104036 -0.0742011 0)
(0.0249989 -0.137656 -4.65213e-22)
(0.040101 -0.166629 4.29054e-22)
(0.0518718 -0.182126 1.29988e-21)
(0.0608987 -0.193029 0)
(0.0676101 -0.202304 1.49183e-21)
(0.0725021 -0.210691 -1.38732e-21)
(0.076018 -0.218414 0)
(0.0785027 -0.225688 3.43962e-21)
(0.0801843 -0.232762 -3.32822e-21)
(0.0154088 -0.0750277 0)
(0.0330567 -0.140877 3.30955e-22)
(0.0482642 -0.170908 0)
(0.0596678 -0.186304 2.83985e-21)
(0.0683534 -0.196452 0)
(0.0748738 -0.204775 -4.59482e-21)
(0.0797081 -0.212235 0)
(0.0832618 -0.219113 6.41282e-21)
(0.0858631 -0.225599 -6.00601e-21)
(0.087686 -0.231881 -6.97966e-21)
(0.0204435 -0.0744989 2.56016e-22)
(0.0415602 -0.142016 -5.29049e-22)
(0.0571442 -0.173203 -4.16156e-23)
(0.0682815 -0.188772 -1.37684e-21)
(0.0766433 -0.198413 -1.35128e-21)
(0.0829652 -0.205961 2.17877e-21)
(0.0877388 -0.212608 2.24641e-21)
(0.0913399 -0.21871 -6.51026e-22)
(0.0941002 -0.224436 5.79202e-21)
(0.0961428 -0.229908 6.96988e-21)
(0.0252987 -0.0727127 8.78748e-22)
(0.0501887 -0.141078 7.55956e-22)
(0.0664684 -0.17347 4.21189e-22)
(0.0774983 -0.189451 1.34613e-22)
(0.0856021 -0.19884 0)
(0.091752 -0.205807 0)
(0.096485 -0.211777 -5.14447e-21)
(0.100155 -0.217191 -5.92322e-21)
(0.103122 -0.222209 5.9573e-21)
(0.1055 -0.226886 -8.10642e-21)
(0.0297966 -0.0698117 -1.22564e-21)
(0.0586339 -0.138168 -3.98953e-22)
(0.0759359 -0.171696 5.4914e-21)
(0.0870874 -0.188285 -8.67586e-22)
(0.0950403 -0.197674 -3.62983e-22)
(0.101077 -0.204269 0)
(0.105814 -0.209711 0)
(0.109586 -0.214545 2.60429e-20)
(0.112784 -0.218927 -2.93033e-20)
(0.115645 -0.222861 -2.25458e-20)
(0.0337858 -0.06597 -1.63008e-20)
(0.0666234 -0.133439 0)
(0.0852499 -0.167903 -5.31396e-21)
(0.09678 -0.185257 1.2605e-21)
(0.104743 -0.19488 0)
(0.110762 -0.201311 2.95406e-21)
(0.115572 -0.206387 -9.13533e-21)
(0.1195 -0.210777 -2.01465e-20)
(0.122913 -0.214666 9.85951e-21)
(0.126336 -0.21787 1.32577e-20)
(0.0371537 -0.0613729 3.57562e-20)
(0.0739004 -0.12707 3.03682e-21)
(0.094129 -0.162203 5.85559e-21)
(0.106305 -0.180394 7.25415e-21)
(0.114476 -0.190448 -6.36804e-22)
(0.120606 -0.196912 -1.5502e-21)
(0.125571 -0.201781 1.21201e-21)
(0.129706 -0.205849 0)
(0.133385 -0.209306 0)
(0.137334 -0.211686 2.63365e-20)
(0.0398285 -0.0562127 -1.94559e-20)
(0.0802456 -0.119289 1.80384e-20)
(0.1023 -0.154751 -8.0704e-21)
(0.115391 -0.17377 -1.01057e-20)
(0.123995 -0.184398 2.13473e-21)
(0.130403 -0.191071 3.09153e-21)
(0.135653 -0.195881 3.72941e-21)
(0.140101 -0.199745 0)
(0.144165 -0.202879 0)
(0.148742 -0.204712 -1.21554e-20)
(0.0417798 -0.0506834 2.94991e-21)
(0.0854888 -0.110362 -2.23404e-20)
(0.109514 -0.145746 3.96496e-21)
(0.12377 -0.165503 0)
(0.133045 -0.176794 0)
(0.139919 -0.183819 6.04891e-22)
(0.145604 -0.188695 0)
(0.15044 -0.192387 -7.71329e-21)
(0.154643 -0.195004 -2.85343e-21)
(0.159399 -0.195712 9.67717e-21)
(0.0430171 -0.044966 0)
(0.0895156 -0.100565 0)
(0.115558 -0.13542 1.68952e-20)
(0.131187 -0.155749 0)
(0.141369 -0.167728 -1.9653e-21)
(0.148924 -0.175213 1.82134e-21)
(0.155287 -0.180257 0)
(0.160997 -0.183806 0)
(0.16621 -0.186295 -9.23112e-21)
(0.172592 -0.188185 1.85382e-20)
(0.043538 -0.0391898 0)
(0.0922317 -0.0901474 1.88095e-20)
(0.120243 -0.124022 6.74545e-21)
(0.137402 -0.144704 1.33419e-20)
(0.148708 -0.157346 5.64824e-21)
(0.157153 -0.165393 6.91301e-21)
(0.16437 -0.170808 0)
(0.171139 -0.174604 0)
(0.177726 -0.177609 0)
(0.18528 -0.180755 2.46285e-22)
(0.0433436 -0.0334802 0)
(0.0935803 -0.0793963 7.36713e-21)
(0.123426 -0.111849 -8.08161e-21)
(0.142204 -0.132614 -9.29987e-21)
(0.15481 -0.145828 1.7051e-21)
(0.164323 -0.154469 1.68391e-21)
(0.172517 -0.160375 -2.24411e-21)
(0.180352 -0.164582 -1.01772e-21)
(0.18823 -0.168059 1.02213e-20)
(0.196945 -0.171645 -1.4499e-20)
(0.0424883 -0.0279745 3.90611e-21)
(0.093567 -0.0685998 -1.95523e-20)
(0.125023 -0.0992166 -2.60728e-20)
(0.145434 -0.11975 2.3602e-20)
(0.159464 -0.133367 -1.20369e-20)
(0.17019 -0.142548 -7.69e-21)
(0.179478 -0.14894 -1.18101e-22)
(0.1884 -0.153548 2.78988e-21)
(0.197455 -0.157366 1.37308e-21)
(0.207275 -0.161083 -4.44791e-21)
(0.0410456 -0.0227905 3.86102e-21)
(0.0922474 -0.0580278 -3.66817e-21)
(0.125013 -0.0864425 0)
(0.146994 -0.106403 -2.05264e-20)
(0.162514 -0.120193 3.60021e-21)
(0.174569 -0.129778 1.23454e-21)
(0.185066 -0.13658 3.16943e-21)
(0.195145 -0.14153 1.08194e-21)
(0.205373 -0.145599 -2.28661e-21)
(0.216266 -0.149364 7.11441e-21)
(0.0390926 -0.0180186 0)
(0.0897156 -0.0479195 2.14566e-20)
(0.123434 -0.0738324 -6.3015e-21)
(0.146853 -0.0928749 1.40162e-20)
(0.163873 -0.106557 -3.95711e-21)
(0.177333 -0.116353 -3.75493e-22)
(0.18913 -0.123431 -3.36744e-22)
(0.200443 -0.128625 -1.98624e-21)
(0.211882 -0.132832 -4.94073e-22)
(0.223864 -0.136556 3.24506e-21)
(0.0367063 -0.013726 -2.14608e-21)
(0.0860979 -0.0384783 -1.46221e-20)
(0.120383 -0.0616667 0)
(0.145049 -0.0794592 -1.43769e-20)
(0.163517 -0.0927218 1.24846e-20)
(0.178411 -0.102478 2.55471e-21)
(0.191563 -0.109643 -6.00699e-21)
(0.204159 -0.114924 0)
(0.216836 -0.119119 0)
(0.229934 -0.122685 0)
(0.0339615 -0.00995976 2.09666e-21)
(0.0815453 -0.0298674 5.6934e-21)
(0.116008 -0.0501863 -6.56704e-21)
(0.141687 -0.066421 -7.95492e-21)
(0.161497 -0.0789305 -5.8913e-21)
(0.177796 -0.0883505 -3.48893e-21)
(0.192312 -0.0953546 0)
(0.206202 -0.100518 -2.5856e-21)
(0.220114 -0.104513 1.32428e-21)
(0.23432 -0.107779 0)
(0.0309268 -0.0067502 0)
(0.0762246 -0.0222065 -1.15938e-20)
(0.110498 -0.0395798 6.56563e-21)
(0.136931 -0.0539787 5.46298e-21)
(0.157925 -0.0653923 -2.31591e-22)
(0.175546 -0.0741437 1.50322e-21)
(0.191383 -0.0806922 -1.50569e-21)
(0.206532 -0.085485 0)
(0.221632 -0.089057 1.09724e-21)
(0.236885 -0.0918424 3.28004e-22)
(0.0276835 -0.00411394 -2.79324e-22)
(0.0703251 -0.015573 4.38745e-21)
(0.104078 -0.0299783 3.83663e-22)
(0.130994 -0.042293 -6.33689e-23)
(0.152971 -0.0522675 1.7287e-21)
(0.171773 -0.0599925 0)
(0.188825 -0.0657528 1.50526e-21)
(0.205143 -0.0698819 0)
(0.221329 -0.0727726 0)
(0.237505 -0.0748618 0)
(0.0243882 -0.00204925 5.60994e-22)
(0.0641203 -0.00999439 0)
(0.0970611 -0.0214508 0)
(0.124185 -0.0314639 2.35015e-21)
(0.146906 -0.0396664 -5.59289e-22)
(0.166688 -0.0459981 1.21622e-22)
(0.184784 -0.050616 9.49636e-22)
(0.20211 -0.0537636 0)
(0.219208 -0.0556923 0)
(0.236103 -0.0568276 0)
(0.0211098 -0.000517017 0)
(0.0577787 -0.00540355 1.96966e-21)
(0.0896709 -0.0139474 -1.81628e-21)
(0.116738 -0.021471 -3.07953e-21)
(0.13994 -0.0275953 0)
(0.160456 -0.0321839 -2.20382e-21)
(0.179368 -0.0353129 2.0494e-21)
(0.197481 -0.0371653 0)
(0.215253 -0.0378593 -2.19148e-21)
(0.232591 -0.0377738 2.08964e-21)
(0.017861 0.000519881 0)
(0.0514338 -0.00172048 -1.60993e-20)
(0.0821114 -0.00738572 0)
(0.108885 -0.0122537 -1.2953e-20)
(0.132298 -0.0160261 0)
(0.153271 -0.0185561 1.00126e-20)
(0.17272 -0.0198814 0)
(0.191345 -0.0201541 -6.47874e-21)
(0.209494 -0.0193765 6.06782e-21)
(0.226933 -0.017844 4.63982e-21)
(0.0147043 0.00110373 4.34246e-21)
(0.0452376 0.00115635 7.98717e-21)
(0.0745815 -0.00164985 3.67601e-21)
(0.100842 -0.00371722 6.53172e-21)
(0.124189 -0.00490721 5.93137e-21)
(0.145315 -0.00511696 -5.07005e-21)
(0.164988 -0.00438178 -4.59619e-21)
(0.18381 -0.00284782 -6.66435e-22)
(0.202002 -0.000419742 -6.6192e-21)
(0.219158 0.00272498 -4.64291e-21)
(0.0117147 0.00128978 4.39026e-21)
(0.0393321 0.00335265 7.96314e-21)
(0.0672536 0.0034023 1.44828e-20)
(0.0927936 0.00425461 -6.67743e-21)
(0.115795 0.00582193 0)
(0.136754 0.00812098 0)
(0.156318 0.0110927 8.904e-21)
(0.175001 0.0145787 7.55662e-21)
(0.192894 0.0187582 -6.88646e-21)
(0.209396 0.023615 3.79392e-21)
(0.00896102 0.00114453 -4.24441e-21)
(0.0338327 0.00500816 -3.87731e-21)
(0.06026 0.00792167 2.16936e-20)
(0.0848798 0.0117795 -3.31932e-20)
(0.107255 0.0162141 6.09422e-21)
(0.127727 0.0211261 0)
(0.146845 0.0264164 0)
(0.165058 0.0319017 -4.08355e-20)
(0.182341 0.0378364 3.50776e-20)
(0.197894 0.0444359 1.56637e-20)
(0.0065008 0.000743357 -3.32291e-20)
(0.0288232 0.00626628 0)
(0.0536924 0.0120529 -2.8984e-20)
(0.0771981 0.0189624 2.65976e-20)
(0.0986747 0.026307 0)
(0.118343 0.0338515 -1.07147e-20)
(0.136688 0.0414503 2.94877e-20)
(0.154126 0.0488853 3.32093e-20)
(0.170553 0.0564699 -1.53415e-20)
(0.185005 0.0647675 -1.22859e-20)
(0.00437758 0.000167061 6.53721e-20)
(0.0243555 0.00726422 7.65215e-21)
(0.0476044 0.0159229 1.38359e-20)
(0.069809 0.0258881 3.25472e-20)
(0.0901252 0.0361247 1.19318e-20)
(0.108689 0.04625 1.06714e-20)
(0.125944 0.0560705 -6.37005e-23)
(0.142307 0.0653169 0)
(0.157669 0.0742932 0)
(0.170988 0.0840723 -2.48192e-20)
(0.00261747 -0.000503328 -3.21436e-20)
(0.0204499 0.00812365 2.90005e-20)
(0.042018 0.0196331 -2.10576e-20)
(0.0627463 0.0326188 -4.52502e-20)
(0.0816582 0.0456863 1.18701e-20)
(0.0988333 0.0583037 -1.10356e-20)
(0.114699 0.0702412 -9.60355e-21)
(0.129718 0.0811886 0)
(0.143894 0.0912651 0)
(0.1563 0.102026 1.31802e-20)
(0.0012274 -0.00119263 3.77144e-21)
(0.0170988 0.00894223 -3.61789e-20)
(0.0369322 0.0232543 6.61498e-21)
(0.0560281 0.0391948 0)
(0.0733105 0.0550105 0)
(0.0888039 0.0700082 -2.13017e-20)
(0.102882 0.0838706 0)
(0.115937 0.0961451 1.60518e-20)
(0.128108 0.106338 -1.12965e-21)
(0.139164 0.115849 -1.33606e-20)
(0.000194338 -0.00183883 0)
(0.0142695 0.00978568 0)
(0.0323298 0.0268226 2.48168e-20)
(0.0496709 0.0456417 0)
(0.0651357 0.0641783 -1.09667e-20)
(0.0786586 0.0816837 1.01634e-20)
(0.0904313 0.0980114 0)
(0.100524 0.1133 0)
(0.109103 0.128085 1.22115e-20)
(0.116989 0.145489 -2.22092e-20)
(-0.000513521 -0.00240213 0)
(0.0119093 0.0106753 1.82468e-20)
(0.0281871 0.0303249 4.45726e-21)
(0.043717 0.0519332 2.18599e-20)
(0.0573064 0.0731837 9.84438e-21)
(0.0688555 0.0933788 2.80173e-20)
(0.0785395 0.112666 0)
(0.086556 0.131774 0)
(0.0936603 0.151784 0)
(0.101174 0.174331 9.11205e-22)
(-0.000941714 -0.00286618 0)
(0.00995611 0.0115877 4.22973e-21)
(0.0244812 0.0336927 -1.29442e-20)
(0.0382127 0.0579666 -1.66315e-20)
(0.0499792 0.081884 -1.52987e-21)
(0.0597007 0.10482 -1.43774e-21)
(0.0676385 0.12716 -1.51001e-20)
(0.074174 0.149859 1.31228e-20)
(0.080168 0.173836 -2.17432e-20)
(0.0864353 0.199094 1.91681e-20)
(-0.00113991 -0.00323666 2.8738e-21)
(0.00834851 0.0124657 -1.73624e-20)
(0.0211826 0.0368154 -2.67457e-20)
(0.0331865 0.063592 2.81236e-20)
(0.0432361 0.0900614 -1.88066e-20)
(0.0512817 0.115639 -1.72462e-20)
(0.0576739 0.14081 7.74046e-21)
(0.0628942 0.16645 -2.49131e-20)
(0.0676793 0.192981 2.77334e-21)
(0.0724674 0.219345 9.2907e-21)
(-0.0011579 -0.00354296 2.61793e-21)
(0.00702614 0.0132195 -2.48738e-21)
(0.0182642 0.039547 0)
(0.028658 0.0686247 -2.27961e-20)
(0.0371275 0.0974698 4.02532e-21)
(0.0436577 0.125476 -2.89263e-22)
(0.0486662 0.153113 6.53521e-21)
(0.0526801 0.181022 1.51987e-20)
(0.0562853 0.209122 1.05863e-22)
(0.0597517 0.235806 -9.39254e-21)
(-0.00103955 -0.00383368 0)
(0.00593761 0.0137284 1.28276e-20)
(0.0157057 0.0417287 -4.13434e-21)
(0.0246392 0.072857 1.10072e-20)
(0.0316982 0.103856 -3.53911e-21)
(0.0368978 0.134016 -6.88929e-22)
(0.0406979 0.163703 -6.91041e-22)
(0.0436391 0.193298 -9.21328e-21)
(0.0461712 0.222352 1.04573e-20)
(0.0485011 0.249064 -7.75965e-21)
(-0.000818477 -0.00416623 -1.03315e-21)
(0.00505239 0.0138611 -8.34406e-21)
(0.0134936 0.0431914 0)
(0.0211348 0.0760785 -1.04501e-20)
(0.0269788 0.108977 8.44596e-21)
(0.0310508 0.14099 2.50361e-21)
(0.0338275 0.172324 -7.26217e-21)
(0.0358441 0.203139 0)
(0.0374468 0.23277 0)
(0.0388137 0.259464 0)
(-0.000512831 -0.00459519 8.84529e-22)
(0.0043616 0.0135007 2.19567e-21)
(0.0116171 0.0437638 -2.76258e-21)
(0.0181402 0.0780869 -3.82416e-21)
(0.0229789 0.112612 -4.17326e-21)
(0.0261347 0.146183 -1.81761e-21)
(0.0280755 0.17882 0)
(0.0293242 0.210511 -2.314e-21)
(0.0301621 0.240511 1.4693e-21)
(0.0307412 0.267237 0)
(-0.000126445 -0.00516507 0)
(0.00387109 0.0125516 -4.26563e-21)
(0.0100727 0.043294 2.76193e-21)
(0.0156448 0.078695 2.47411e-21)
(0.0196836 0.114564 8.61314e-23)
(0.0221364 0.149431 9.92972e-22)
(0.0234314 0.1831 -4.72479e-22)
(0.0240739 0.215443 0)
(0.0243207 0.245721 6.97898e-22)
(0.0242863 0.272564 -1.06378e-22)
(0.00034696 -0.00588878 -7.69608e-23)
(0.00359954 0.0109705 1.36224e-21)
(0.0088647 0.0416816 1.07099e-22)
(0.0136326 0.0777445 -1.95712e-23)
(0.017061 0.114657 6.25751e-22)
(0.019017 0.150586 0)
(0.0198561 0.185091 4.72314e-22)
(0.0200534 0.217955 0)
(0.0198663 0.248502 0)
(0.0193899 0.275559 0)
)
;

boundaryField
{
    inlet
    {
        type            uniformFixedValue;
        uniformValue    constant (1 0 0);
        value           uniform (1 0 0);
    }
    outlet
    {
        type            pressureInletOutletVelocity;
        value           nonuniform List<vector> 
40
(
(-0.000606913 0.246745 0)
(-0.00336355 0.35107 0)
(-0.00053954 0.442873 0)
(0.00223845 0.491197 0)
(0.00376387 0.507263 0)
(0.00528934 0.513074 0)
(0.00490579 0.531927 0)
(0.00427993 0.595805 0)
(-0.000303041 0.718808 0)
(-0.000618317 0.849268 0)
(0.00284423 0.203922 6.37098e-23)
(0.00379082 0.185651 -2.54746e-24)
(0.004621 0.166319 6.46714e-23)
(0.00524301 0.145121 2.02822e-24)
(0.00550655 0.121496 -6.18092e-23)
(0.00538054 0.0953625 0)
(0.00492059 0.0671883 3.14922e-23)
(0.0042479 0.0378909 -5.96953e-23)
(0.00350069 0.00861236 -1.43911e-23)
(0 -0.0195537 0)
(0 -0.0458155 0)
(0 -0.0697873 0)
(0 -0.0914221 0)
(0 -0.110902 0)
(0 -0.12853 0)
(0 -0.144637 0)
(0 -0.159535 0)
(0 -0.173495 0)
(0 -0.18674 0)
(0 -0.199459 0)
(0 -0.22883 0)
(0 -0.276371 0)
(0 -0.325113 0)
(0 -0.377814 0)
(0 -0.439703 0)
(0 -0.517046 0)
(0 -0.613944 0)
(0 -0.721484 0)
(0 -0.810529 0)
(0 -0.857514 0)
)
;
    }
    cylinder
    {
        type            fixedValue;
        value           uniform (0 0 0);
    }
    top
    {
        type            symmetryPlane;
    }
    bottom
    {
        type            symmetryPlane;
    }
    defaultFaces
    {
        type            empty;
    }
}


// ************************************************************************* //
