/*--------------------------------*- C++ -*----------------------------------*\
  =========                 |
  \\      /  F ield         | OpenFOAM: The Open Source CFD Toolbox
   \\    /   O peration     | Website:  https://openfoam.org
    \\  /    A nd           | Version:  7
     \\/     M anipulation  |
\*---------------------------------------------------------------------------*/
FoamFile
{
    version     2.0;
    format      ascii;
    class       volScalarField;
    location    "2";
    object      p;
}
// * * * * * * * * * * * * * * * * * * * * * * * * * * * * * * * * * * * * * //

dimensions      [0 2 -2 0 0 0 0];

internalField   nonuniform List<scalar> 
8000
(
0.480932
0.484904
0.487776
0.490944
0.494083
0.49714
0.500079
0.50287
0.505493
0.507939
0.510207
0.512301
0.514228
0.516001
0.517635
0.519144
0.520543
0.521848
0.523079
0.524204
0.479357
0.48341
0.48636
0.489609
0.492819
0.495935
0.49892
0.501743
0.504385
0.506838
0.509101
0.511179
0.513083
0.514824
0.516419
0.517881
0.519227
0.520474
0.521643
0.522696
0.477645
0.48182
0.484863
0.488204
0.491493
0.494674
0.497709
0.500567
0.503231
0.505693
0.507954
0.510021
0.511904
0.513617
0.515175
0.516594
0.517888
0.519078
0.520187
0.521159
0.475839
0.480161
0.483303
0.486741
0.490112
0.493359
0.496446
0.499341
0.502028
0.504501
0.506763
0.508821
0.510687
0.512374
0.513899
0.515276
0.51652
0.517653
0.518704
0.519588
0.473934
0.478422
0.48167
0.48521
0.488667
0.491983
0.495123
0.498056
0.500768
0.503254
0.505519
0.507571
0.509422
0.511088
0.512582
0.51392
0.515114
0.516193
0.517189
0.517976
0.471921
0.476599
0.479961
0.483609
0.487154
0.490541
0.493735
0.496706
0.499444
0.501945
0.504214
0.506263
0.508104
0.50975
0.511217
0.512517
0.513665
0.514691
0.515634
0.516317
0.469796
0.474687
0.47817
0.481933
0.48557
0.489028
0.492276
0.495286
0.498049
0.500566
0.502842
0.504891
0.506723
0.508353
0.509795
0.511061
0.512164
0.513138
0.514033
0.514602
0.467557
0.472685
0.476298
0.480179
0.483911
0.487442
0.490742
0.49379
0.496579
0.499112
0.501397
0.503446
0.505273
0.506889
0.508309
0.509543
0.510603
0.511529
0.512379
0.512827
0.465204
0.470593
0.474342
0.478348
0.482175
0.485778
0.489131
0.492216
0.49503
0.497579
0.499873
0.501924
0.503746
0.505351
0.506751
0.507956
0.508976
0.509856
0.510666
0.510987
0.462735
0.468411
0.472304
0.476438
0.480363
0.484036
0.487439
0.490559
0.493397
0.495961
0.498264
0.500318
0.502137
0.503731
0.505114
0.506294
0.507277
0.508115
0.50889
0.509078
0.460153
0.466142
0.470185
0.474451
0.478473
0.482215
0.485667
0.488819
0.491678
0.494256
0.496567
0.498623
0.500438
0.502024
0.503392
0.50455
0.505501
0.506301
0.507048
0.5071
0.457461
0.46379
0.467989
0.47239
0.476508
0.480317
0.483813
0.486995
0.489873
0.492462
0.494778
0.496835
0.498646
0.500223
0.501579
0.502719
0.503643
0.504412
0.505139
0.505054
0.454665
0.46136
0.46572
0.470257
0.47447
0.478342
0.48188
0.485088
0.487981
0.490578
0.492896
0.49495
0.496755
0.498324
0.499671
0.500798
0.501701
0.502448
0.503167
0.50295
0.451773
0.45886
0.463385
0.468058
0.472364
0.476297
0.479872
0.483101
0.486004
0.488604
0.490918
0.492966
0.494763
0.496325
0.497664
0.498785
0.499676
0.500413
0.501141
0.500803
0.448796
0.456297
0.460991
0.465802
0.470197
0.474185
0.477792
0.481037
0.483945
0.486541
0.488848
0.490884
0.492669
0.494221
0.495556
0.496675
0.497567
0.498313
0.499077
0.498641
0.445747
0.453685
0.458548
0.463495
0.467976
0.472015
0.475648
0.478903
0.481809
0.484395
0.486686
0.488704
0.490472
0.492011
0.49334
0.494463
0.49537
0.496151
0.496993
0.496507
0.44264
0.451035
0.456069
0.461149
0.465712
0.469795
0.473448
0.476705
0.479603
0.48217
0.484437
0.486429
0.488172
0.489691
0.491009
0.492139
0.493073
0.493918
0.494898
0.494456
0.439497
0.448363
0.453566
0.458776
0.463414
0.467535
0.471202
0.474455
0.477335
0.479876
0.482109
0.484063
0.485769
0.487255
0.488553
0.489686
0.490658
0.491607
0.492853
0.492661
0.436336
0.445686
0.451056
0.45639
0.461097
0.465249
0.468922
0.472163
0.475016
0.477521
0.479709
0.481613
0.483264
0.484697
0.485952
0.487068
0.488082
0.489224
0.491062
0.491659
0.433178
0.443019
0.448551
0.454003
0.458773
0.46295
0.466621
0.469842
0.472662
0.47512
0.477252
0.47909
0.480664
0.48201
0.483167
0.484183
0.485127
0.486348
0.488705
0.490519
0.526396
0.530767
0.53366
0.536803
0.539507
0.542103
0.5445
0.546737
0.548805
0.550711
0.552454
0.554038
0.555465
0.556736
0.557854
0.558817
0.559622
0.560254
0.560697
0.560929
0.52468
0.529175
0.531985
0.535128
0.537814
0.540407
0.542804
0.545047
0.547125
0.549044
0.550803
0.552405
0.55385
0.555143
0.55628
0.557268
0.55809
0.558745
0.5592
0.559445
0.522858
0.527557
0.530266
0.53342
0.536088
0.53868
0.541077
0.543328
0.545418
0.547352
0.549128
0.55075
0.552215
0.553532
0.55469
0.555704
0.556545
0.557225
0.557693
0.557953
0.52092
0.525912
0.5285
0.531677
0.534329
0.53692
0.539321
0.54158
0.543682
0.545632
0.547428
0.549072
0.55056
0.551902
0.553085
0.554125
0.55499
0.55569
0.556176
0.556452
0.518854
0.524232
0.526683
0.529896
0.532534
0.535128
0.537534
0.539803
0.541919
0.543886
0.545704
0.547371
0.548885
0.550253
0.551464
0.552529
0.553421
0.554142
0.554647
0.554939
0.516653
0.522511
0.524813
0.528074
0.530703
0.533303
0.535716
0.537995
0.540127
0.542114
0.543954
0.545647
0.547189
0.548584
0.549826
0.550917
0.551837
0.55258
0.553104
0.553413
0.514307
0.520742
0.522886
0.526211
0.528835
0.531445
0.533866
0.536157
0.538305
0.540313
0.542178
0.543899
0.54547
0.546896
0.548169
0.549289
0.550237
0.551003
0.551546
0.551872
0.511812
0.518915
0.5209
0.524303
0.52693
0.529552
0.531983
0.534288
0.536454
0.538484
0.540376
0.542126
0.543729
0.545188
0.546493
0.547643
0.54862
0.549411
0.549972
0.550314
0.509165
0.517022
0.518856
0.52235
0.524986
0.527624
0.530068
0.532386
0.534571
0.536626
0.538546
0.540328
0.541966
0.543458
0.544797
0.545979
0.546985
0.5478
0.548382
0.548739
0.506369
0.51505
0.516754
0.520348
0.523004
0.525661
0.528117
0.530451
0.532657
0.534737
0.536688
0.538505
0.540178
0.541706
0.54308
0.544295
0.54533
0.546172
0.546773
0.547145
0.503431
0.51299
0.514595
0.518296
0.520981
0.523658
0.52613
0.528481
0.530709
0.532818
0.534802
0.536656
0.538367
0.539933
0.541342
0.54259
0.543656
0.544524
0.545145
0.545531
0.500367
0.51083
0.512383
0.516193
0.518917
0.521615
0.524103
0.526473
0.528726
0.530866
0.532887
0.534779
0.536531
0.538136
0.539583
0.540865
0.541962
0.542856
0.543498
0.543897
0.497201
0.508558
0.510121
0.514035
0.516806
0.519525
0.522033
0.524425
0.526706
0.528881
0.530941
0.532875
0.534669
0.536315
0.5378
0.539117
0.540245
0.541166
0.541829
0.54224
0.49397
0.506165
0.507813
0.511817
0.514643
0.517385
0.519916
0.522334
0.524648
0.526862
0.528965
0.530943
0.532782
0.53447
0.535995
0.537347
0.538506
0.539454
0.540138
0.540559
0.490727
0.503648
0.505463
0.509535
0.512422
0.515189
0.517749
0.5202
0.522552
0.524809
0.526958
0.528984
0.530869
0.532601
0.534166
0.535553
0.536744
0.537719
0.538423
0.538855
0.487561
0.501025
0.503087
0.507196
0.510148
0.512943
0.515538
0.518027
0.520423
0.522726
0.524924
0.526999
0.528932
0.530709
0.532315
0.533737
0.534958
0.535959
0.536685
0.537125
0.484556
0.498282
0.500662
0.504778
0.507801
0.510631
0.51327
0.515806
0.518252
0.520607
0.522857
0.524984
0.526967
0.528791
0.530439
0.531896
0.533148
0.534175
0.534922
0.535369
0.481667
0.49518
0.497977
0.502107
0.505238
0.508138
0.510852
0.51346
0.515977
0.518401
0.520716
0.522906
0.52495
0.526829
0.528524
0.530021
0.531305
0.532359
0.53313
0.533585
0.479161
0.491632
0.494942
0.499108
0.502407
0.505431
0.508264
0.510982
0.513597
0.51611
0.518508
0.520774
0.522887
0.524828
0.526576
0.528116
0.529433
0.530515
0.531312
0.531775
0.479335
0.489665
0.493149
0.497163
0.500507
0.503547
0.506396
0.509125
0.511748
0.514267
0.516669
0.518938
0.521056
0.523001
0.524753
0.526295
0.527614
0.528695
0.529491
0.529943
0.488388
0.4926
0.49498
0.498027
0.50076
0.503145
0.505368
0.507526
0.509644
0.511722
0.513744
0.515687
0.517528
0.519247
0.520825
0.522244
0.523474
0.524466
0.525164
0.525526
0.474484
0.478859
0.482099
0.485875
0.489318
0.49232
0.495075
0.49769
0.500199
0.50261
0.504919
0.507111
0.509169
0.511075
0.512812
0.514362
0.515701
0.516784
0.517556
0.517958
0.460497
0.465177
0.468981
0.473243
0.477213
0.480745
0.483996
0.487063
0.489976
0.492746
0.495373
0.497847
0.500153
0.502276
0.504198
0.505903
0.507369
0.508552
0.509398
0.509839
0.446408
0.451423
0.45559
0.460244
0.464672
0.468674
0.472373
0.475854
0.479146
0.482258
0.485192
0.487941
0.490493
0.492834
0.494947
0.496817
0.498416
0.499699
0.500605
0.501072
0.431048
0.436306
0.440773
0.44584
0.450756
0.455261
0.45945
0.463395
0.467118
0.470626
0.473921
0.476998
0.479846
0.482451
0.484799
0.48687
0.488634
0.490036
0.491012
0.49151
0.414211
0.419708
0.424472
0.429963
0.435377
0.440402
0.445105
0.449548
0.453744
0.457695
0.461401
0.464855
0.468047
0.470964
0.473587
0.475895
0.477851
0.479394
0.480454
0.480989
0.395849
0.401646
0.406741
0.412664
0.418576
0.424121
0.429347
0.434303
0.438994
0.443415
0.447561
0.451425
0.454993
0.458251
0.461179
0.463747
0.465913
0.467608
0.468761
0.469337
0.375864
0.382033
0.387501
0.393869
0.400282
0.406348
0.412099
0.417576
0.422774
0.42768
0.432286
0.43658
0.440547
0.444167
0.447416
0.450259
0.452645
0.4545
0.45575
0.45637
0.35416
0.360761
0.366643
0.373466
0.380379
0.386965
0.39324
0.399238
0.404945
0.410344
0.41542
0.420156
0.424534
0.428528
0.432109
0.435235
0.437848
0.439867
0.441217
0.441881
0.330646
0.337726
0.344056
0.351339
0.358746
0.365841
0.372629
0.379137
0.385347
0.391233
0.396777
0.401956
0.406747
0.41112
0.415037
0.418449
0.421291
0.423475
0.424927
0.425637
0.305241
0.312825
0.319629
0.32737
0.335253
0.342835
0.350111
0.357104
0.363793
0.370146
0.37614
0.38175
0.386944
0.391687
0.395934
0.399628
0.402696
0.405044
0.406597
0.407353
0.277833
0.285948
0.293246
0.301431
0.309759
0.31779
0.325511
0.332946
0.34007
0.34685
0.353258
0.359266
0.364837
0.369928
0.374488
0.378453
0.38174
0.384249
0.385902
0.386703
0.248378
0.257008
0.264805
0.273405
0.282124
0.290541
0.298641
0.306447
0.313936
0.321075
0.327835
0.334184
0.340082
0.345479
0.350318
0.354523
0.358005
0.360656
0.362394
0.363233
0.216659
0.225865
0.234186
0.243163
0.2522
0.260913
0.269293
0.277367
0.285117
0.292512
0.299526
0.306128
0.312276
0.317915
0.32298
0.32739
0.331048
0.333834
0.335661
0.336536
0.18292
0.192571
0.201393
0.210654
0.219878
0.228745
0.237257
0.245447
0.253304
0.260804
0.267927
0.274644
0.280914
0.286677
0.291863
0.29638
0.300121
0.302956
0.304797
0.305683
0.146567
0.156924
0.166287
0.175752
0.18501
0.193848
0.202293
0.21039
0.218141
0.22554
0.232576
0.239232
0.24547
0.251236
0.256457
0.261039
0.264866
0.267792
0.269705
0.270599
0.109529
0.119769
0.129367
0.138695
0.147651
0.156147
0.164218
0.171909
0.179237
0.186211
0.192837
0.199107
0.204988
0.210427
0.215345
0.219644
0.223205
0.225885
0.227599
0.228442
0.0699346
0.0809057
0.0905102
0.0993425
0.107595
0.115347
0.122659
0.129579
0.136147
0.142394
0.148347
0.154021
0.159406
0.164464
0.169128
0.173299
0.176839
0.179565
0.181326
0.182063
0.0360564
0.0439765
0.0523039
0.0595325
0.0660988
0.0721873
0.0778382
0.083093
0.0880006
0.0926028
0.0969331
0.10101
0.104831
0.108367
0.111572
0.114381
0.116716
0.118456
0.119541
0.12022
-0.00647938
0.00329811
0.00974908
0.0152755
0.0202387
0.0246895
0.0287063
0.0323791
0.0357774
0.0389623
0.0419883
0.044896
0.0477041
0.0504039
0.0529559
0.0552856
0.0572867
0.0588112
0.0596733
0.0597347
0.475335
0.463197
0.451594
0.437755
0.422262
0.405128
0.38644
0.366138
0.344158
0.320415
0.294854
0.267316
0.237938
0.20621
0.173212
0.136767
0.102553
0.0606646
0.0374358
-0.0194856
0.474143
0.460244
0.448629
0.434427
0.418724
0.401412
0.382568
0.362121
0.340009
0.316154
0.290506
0.262895
0.233509
0.201752
0.168939
0.132361
0.0990011
0.0561478
0.0370919
-0.0249901
0.472081
0.456741
0.445044
0.430551
0.414729
0.39732
0.378387
0.35785
0.335651
0.311721
0.286016
0.258358
0.228971
0.197216
0.164535
0.127889
0.0951567
0.0516711
0.0359403
-0.0299207
0.469278
0.453097
0.441426
0.426744
0.410851
0.393365
0.374352
0.35373
0.331447
0.30744
0.281673
0.253965
0.22456
0.192805
0.160222
0.123536
0.0913348
0.0473716
0.034591
-0.0346615
0.466193
0.449546
0.437887
0.423054
0.407093
0.389527
0.37043
0.34972
0.327348
0.303258
0.277422
0.24966
0.220227
0.188468
0.155956
0.119256
0.087507
0.0431757
0.0331026
-0.0393703
0.462936
0.446128
0.434426
0.419464
0.403432
0.385783
0.366598
0.345797
0.323334
0.299157
0.273248
0.245429
0.215959
0.184195
0.151728
0.115038
0.083661
0.0390585
0.0314645
-0.0441014
0.459564
0.442854
0.431062
0.415994
0.399886
0.38215
0.362872
0.341977
0.319419
0.29515
0.269161
0.241284
0.211767
0.179994
0.147547
0.11089
0.0798091
0.0350196
0.0296839
-0.0489141
0.456158
0.439744
0.427823
0.412671
0.396478
0.378649
0.359271
0.338276
0.315618
0.29125
0.265175
0.237234
0.207663
0.175874
0.143421
0.106821
0.0759669
0.0310657
0.0277656
-0.0538827
0.452797
0.436815
0.424735
0.409513
0.393227
0.375296
0.355811
0.334708
0.311944
0.28747
0.261298
0.233289
0.203655
0.171843
0.139361
0.10284
0.0721489
0.027212
0.0257113
-0.0590853
0.449552
0.434081
0.421819
0.406537
0.390149
0.372108
0.352505
0.331285
0.308406
0.283818
0.257541
0.229456
0.199751
0.167908
0.135378
0.0989579
0.0683683
0.0234833
0.023533
-0.0645682
0.446489
0.431558
0.419098
0.403759
0.38726
0.369099
0.349368
0.32802
0.305017
0.280306
0.253914
0.225743
0.195958
0.164078
0.131485
0.0951852
0.0646357
0.0199102
0.0212425
-0.0703868
0.443668
0.429263
0.416594
0.401195
0.384572
0.366282
0.346412
0.324926
0.301788
0.276944
0.250427
0.222159
0.192285
0.160362
0.127697
0.0915365
0.0609642
0.0165322
0.0187541
-0.0771535
0.441138
0.427212
0.41433
0.39886
0.382102
0.363671
0.343651
0.322014
0.298728
0.273742
0.24709
0.218713
0.188739
0.156769
0.12403
0.0880295
0.0573822
0.0134292
0.015815
-0.0858374
0.438942
0.425422
0.412323
0.396767
0.379862
0.361278
0.341097
0.319295
0.29585
0.270711
0.243913
0.215412
0.185326
0.153307
0.120499
0.0846838
0.053943
0.0107324
0.0122426
-0.0963545
0.437117
0.423911
0.410593
0.39493
0.377864
0.359116
0.338761
0.316781
0.293162
0.267859
0.240904
0.212265
0.182056
0.149983
0.117115
0.0815166
0.0507144
0.00862497
0.00840788
-0.106513
0.435691
0.422696
0.409156
0.393363
0.376122
0.357195
0.336654
0.314482
0.290676
0.265195
0.238072
0.209282
0.178935
0.146804
0.113886
0.078537
0.0477459
0.00718537
0.00563896
-0.100039
0.434687
0.421792
0.408027
0.392078
0.374648
0.355528
0.334787
0.31241
0.2884
0.26273
0.235426
0.206469
0.175973
0.143775
0.110813
0.0757423
0.0450457
0.00629485
0.00384299
-0.0782958
0.434121
0.421215
0.407218
0.391087
0.373451
0.354124
0.333171
0.310574
0.286346
0.26047
0.23297
0.203833
0.173176
0.140901
0.107897
0.0731218
0.0425838
0.00576092
0.0022234
-0.0612637
0.434005
0.420977
0.406741
0.390401
0.372543
0.352993
0.331814
0.308984
0.284523
0.258425
0.230713
0.20138
0.170552
0.138186
0.105138
0.0706619
0.0403188
0.00538452
0.000681581
-0.0493157
0.434342
0.421091
0.406604
0.390028
0.371933
0.352144
0.330725
0.307648
0.282939
0.256601
0.22866
0.199116
0.168102
0.135633
0.102534
0.0683497
0.0382154
0.00505101
-0.000725313
-0.0403703
0.435134
0.421565
0.406815
0.389977
0.371629
0.351585
0.329912
0.306574
0.281602
0.255007
0.226817
0.197043
0.165831
0.133239
0.100085
0.066172
0.0362472
0.00470962
-0.00192256
-0.0336106
0.436379
0.422408
0.407378
0.390255
0.371639
0.351327
0.329384
0.305772
0.280522
0.253651
0.225191
0.195167
0.163738
0.131005
0.0977841
0.0641143
0.0343925
0.00433534
-0.00293942
-0.0284706
0.438073
0.423621
0.408299
0.39087
0.371972
0.351376
0.329149
0.305248
0.279705
0.252539
0.223789
0.193494
0.161826
0.128928
0.0956263
0.0621635
0.032637
0.00389815
-0.00422608
-0.0241612
0.440207
0.425206
0.409577
0.391824
0.372632
0.351738
0.329212
0.305007
0.279156
0.251678
0.222617
0.192027
0.160096
0.127006
0.0936053
0.0603095
0.0309664
0.00339152
-0.00532914
-0.0208773
0.442762
0.427167
0.411214
0.393122
0.373623
0.352419
0.32958
0.305056
0.278881
0.251073
0.22168
0.190772
0.158551
0.125242
0.0917168
0.0585461
0.0293713
0.00281563
-0.00626789
-0.018353
0.445725
0.429501
0.413207
0.394767
0.37495
0.353424
0.330257
0.305399
0.278884
0.250728
0.220982
0.189733
0.157195
0.123636
0.0899586
0.0568716
0.0278512
0.0022239
-0.0071335
-0.0163539
0.449076
0.432203
0.415555
0.396758
0.376614
0.354755
0.331247
0.30604
0.27917
0.250646
0.220528
0.188912
0.15603
0.122192
0.08833
0.0552869
0.0264057
0.00159114
-0.00789602
-0.0147402
0.452792
0.435268
0.418253
0.399096
0.378615
0.356414
0.332552
0.306982
0.27974
0.25083
0.220319
0.188312
0.155058
0.120909
0.0868318
0.0537932
0.0250201
0.000949828
-0.00856936
-0.0134198
0.45685
0.438687
0.421294
0.401778
0.380952
0.358399
0.334173
0.308228
0.280597
0.251284
0.220358
0.187938
0.154278
0.119788
0.0854643
0.0523917
0.0237085
0.000303169
-0.00916593
-0.0123238
0.461224
0.44245
0.424672
0.404798
0.383619
0.360707
0.336109
0.309778
0.281745
0.252008
0.220648
0.187786
0.153693
0.118832
0.0842218
0.0510819
0.0224705
-0.000337615
-0.00969148
-0.0114
0.465888
0.446546
0.428376
0.408149
0.386609
0.363333
0.338357
0.311632
0.283182
0.253006
0.221188
0.187858
0.153304
0.118037
0.0831071
0.0498623
0.0213036
-0.000964619
-0.0101502
-0.0106096
0.470813
0.450964
0.432395
0.411819
0.389914
0.366271
0.340914
0.313788
0.284912
0.254279
0.221983
0.188157
0.153111
0.117402
0.0821186
0.0487311
0.0202058
-0.00157269
-0.0105471
-0.00992408
0.475972
0.455692
0.43672
0.415798
0.393526
0.369516
0.343777
0.316249
0.286936
0.255833
0.223037
0.188687
0.153119
0.11693
0.0812564
0.0476869
0.0191749
-0.0021583
-0.0108872
-0.00932211
0.481344
0.46073
0.441342
0.420077
0.397438
0.373065
0.346948
0.319014
0.289257
0.257669
0.224353
0.189454
0.15333
0.116622
0.0805207
0.0467296
0.0182097
-0.002718
-0.0111746
-0.00878733
0.486907
0.466054
0.446226
0.424617
0.401615
0.376885
0.350392
0.322052
0.291844
0.259761
0.225908
0.190435
0.153729
0.116467
0.0799041
0.0458568
0.0173103
-0.00324672
-0.0114108
-0.00830654
0.492585
0.471557
0.451258
0.429309
0.405961
0.380888
0.35403
0.325288
0.294631
0.262051
0.227651
0.191591
0.154281
0.116438
0.0793866
0.0450556
0.0164693
-0.00374347
-0.0115976
-0.0078691
0.498285
0.477185
0.456417
0.434158
0.410503
0.385121
0.357921
0.328797
0.297701
0.264627
0.229673
0.193008
0.155057
0.116582
0.0789816
0.0443101
0.015655
-0.00423572
-0.0117529
-0.00746939
0.504316
0.4835
0.462295
0.439751
0.415831
0.390169
0.362648
0.333147
0.301607
0.268018
0.232466
0.195123
0.156424
0.117172
0.0788535
0.0436799
0.0148477
-0.00477459
-0.0119188
-0.00710759
0.511231
0.491106
0.469416
0.446531
0.422315
0.396345
0.368467
0.338553
0.306525
0.27237
0.236158
0.198067
0.158531
0.118393
0.0792275
0.0434054
0.0142513
-0.00522505
-0.0120334
-0.00676131
0.515879
0.496227
0.474123
0.450841
0.426262
0.399935
0.371675
0.341353
0.308891
0.274291
0.237631
0.19912
0.159216
0.118797
0.07945
0.0435655
0.0144145
-0.00491712
-0.0116297
-0.00632747
0.513343
0.495343
0.473876
0.450374
0.425423
0.398668
0.369897
0.339017
0.306007
0.27094
0.233998
0.195533
0.156125
0.116723
0.0788112
0.0445164
0.0165817
-0.00207571
-0.00911823
-0.00509672
0.520327
0.502203
0.480679
0.456696
0.430927
0.403108
0.373055
0.3407
0.30606
0.269256
0.230549
0.190393
0.149527
0.109104
0.0708632
0.0371882
0.0109206
-0.0052064
-0.00977938
-0.00463862
0.525413
0.507417
0.486037
0.461918
0.435627
0.406962
0.37578
0.342047
0.305835
0.267346
0.226966
0.185318
0.143351
0.102443
0.0645205
0.0320337
0.0076808
-0.00625999
-0.00921685
-0.0039112
0.530051
0.512543
0.491478
0.4674
0.440757
0.411365
0.379106
0.343978
0.306107
0.265801
0.223604
0.180356
0.137261
0.0959673
0.0586068
0.0276734
0.00558756
-0.00610267
-0.00785993
-0.00304814
0.534863
0.51791
0.497219
0.473263
0.446356
0.416296
0.382966
0.346385
0.306746
0.264492
0.220377
0.175521
0.13143
0.0900134
0.0535395
0.0244093
0.00461805
-0.00509417
-0.00613803
-0.00221626
0.540097
0.523744
0.503488
0.479733
0.452642
0.421965
0.38756
0.349453
0.307914
0.263556
0.21741
0.170942
0.126001
0.0847417
0.0494805
0.0223797
0.00484709
-0.00325199
-0.00411156
-0.00141525
0.545933
0.530218
0.510468
0.486998
0.459805
0.428561
0.393071
0.353352
0.309762
0.263133
0.214852
0.166809
0.121226
0.0804504
0.0467191
0.0217904
0.00635312
-0.000592064
-0.0017941
-0.000607442
0.552445
0.537433
0.518283
0.495207
0.468018
0.436281
0.399712
0.358303
0.312513
0.263456
0.212968
0.163444
0.117487
0.0775443
0.0456124
0.0228734
0.00920987
0.00285744
0.00080117
0.000242871
0.559635
0.545414
0.526994
0.504457
0.477421
0.445309
0.407712
0.364573
0.316472
0.264875
0.212174
0.161339
0.115324
0.0765446
0.046566
0.0258469
0.0134551
0.00705128
0.00366257
0.00116401
0.567429
0.554115
0.536587
0.514781
0.488104
0.455805
0.417309
0.372486
0.322051
0.267904
0.213089
0.161193
0.115444
0.0780545
0.0499787
0.0308678
0.0190663
0.0119225
0.006777
0.00217327
0.575687
0.563409
0.546965
0.526126
0.500082
0.467881
0.428739
0.382421
0.329794
0.273249
0.216551
0.163893
0.118657
0.0826739
0.0561613
0.0379817
0.025948
0.0173853
0.0101277
0.00327462
0.584199
0.573089
0.557938
0.53834
0.513276
0.481572
0.442201
0.394791
0.340346
0.28177
0.223549
0.170406
0.125737
0.0908615
0.06524
0.0470838
0.0339329
0.0233416
0.0136931
0.00446006
0.592702
0.582881
0.569231
0.551168
0.527492
0.496803
0.457811
0.409963
0.354353
0.294336
0.235023
0.181545
0.1372
0.10277
0.0770729
0.0579027
0.0427934
0.0296865
0.017445
0.00571306
0.600913
0.592476
0.580508
0.564267
0.542414
0.513347
0.475506
0.428108
0.372228
0.311512
0.25152
0.197645
0.153057
0.118111
0.0912164
0.070021
0.0522637
0.036309
0.0213443
0.00701268
0.608566
0.601571
0.591414
0.577235
0.557612
0.530783
0.494929
0.448976
0.393828
0.333185
0.27282
0.218276
0.172657
0.136123
0.106958
0.0829166
0.0620512
0.0430798
0.0253299
0.0083341
0.615445
0.609906
0.601617
0.589647
0.572554
0.548464
0.515319
0.471702
0.418178
0.358251
0.297681
0.242093
0.194658
0.155602
0.123365
0.095973
0.0718075
0.0498099
0.0292944
0.00964242
0.621397
0.617277
0.610812
0.601062
0.586601
0.565485
0.535442
0.494686
0.443327
0.384495
0.323778
0.266845
0.21706
0.174939
0.139268
0.108423
0.0810531
0.0561918
0.0330534
0.0108808
0.626284
0.623459
0.618638
0.610917
0.598899
0.580591
0.553537
0.515603
0.466438
0.408745
0.347878
0.289534
0.23733
0.192166
0.153248
0.119289
0.0891157
0.0617628
0.0363307
0.0119612
0.629863
0.628059
0.624519
0.61838
0.608271
0.592154
0.567431
0.531699
0.484249
0.427441
0.366429
0.306926
0.252761
0.205183
0.163754
0.127442
0.0951722
0.0659485
0.0387879
0.0127713
0.631766
0.630539
0.627709
0.622442
0.613378
0.598452
0.574981
0.540419
0.493873
0.437528
0.376433
0.316299
0.261065
0.212172
0.169387
0.131814
0.0984226
0.0681929
0.0400987
0.0131978
0.536949
0.540497
0.544018
0.547313
0.551021
0.555243
0.560139
0.565711
0.571916
0.578642
0.585722
0.592937
0.600034
0.606764
0.612926
0.618405
0.623158
0.627142
0.630183
0.631835
0.543447
0.546038
0.549425
0.552399
0.555898
0.559921
0.564627
0.569984
0.575936
0.582359
0.589081
0.595888
0.602535
0.608789
0.614473
0.619495
0.623837
0.627472
0.630255
0.631768
0.548125
0.549693
0.553111
0.555916
0.559347
0.56329
0.56791
0.573148
0.578939
0.585151
0.591613
0.598118
0.604436
0.610349
0.615698
0.620396
0.624428
0.627767
0.630294
0.631654
0.552669
0.553318
0.556676
0.55929
0.562633
0.566463
0.570965
0.576053
0.581661
0.587649
0.59385
0.600064
0.606074
0.611678
0.616726
0.621138
0.624896
0.627976
0.630276
0.631503
0.557147
0.55703
0.560263
0.562672
0.565912
0.569611
0.573971
0.578887
0.584291
0.590039
0.595969
0.601887
0.607589
0.612886
0.617638
0.621769
0.625264
0.628101
0.630199
0.631309
0.561396
0.560623
0.563691
0.565898
0.56904
0.57261
0.576829
0.581571
0.58677
0.59228
0.597942
0.603571
0.608975
0.613975
0.618442
0.622304
0.625549
0.628158
0.630071
0.631075
0.565386
0.564058
0.56692
0.568929
0.571972
0.575416
0.579497
0.584068
0.589066
0.594343
0.599746
0.605098
0.610217
0.614938
0.619136
0.622746
0.625756
0.628155
0.629897
0.630803
0.569116
0.567345
0.569971
0.571784
0.57472
0.578038
0.581981
0.586383
0.591182
0.596232
0.601384
0.606471
0.611321
0.615777
0.619724
0.623098
0.62589
0.628094
0.629679
0.630497
0.572576
0.570474
0.572848
0.574474
0.577293
0.580484
0.584289
0.588523
0.593127
0.597956
0.602868
0.607701
0.612295
0.616501
0.620211
0.623365
0.625954
0.627978
0.629421
0.630158
0.575759
0.573429
0.575547
0.577
0.579694
0.582757
0.586424
0.590493
0.594906
0.599522
0.604202
0.608793
0.613145
0.617116
0.620605
0.623553
0.625954
0.627813
0.629124
0.629789
0.578663
0.576199
0.578066
0.579363
0.581926
0.584861
0.58839
0.592298
0.596526
0.600935
0.605394
0.609756
0.613878
0.617629
0.620911
0.623667
0.625894
0.627601
0.628793
0.629392
0.581293
0.578777
0.580401
0.581562
0.583993
0.586801
0.590192
0.593942
0.597991
0.602202
0.60645
0.610595
0.614501
0.618045
0.621133
0.623712
0.625778
0.627346
0.62843
0.628969
0.583657
0.581158
0.582552
0.5836
0.585899
0.588583
0.591836
0.595432
0.599309
0.60333
0.607378
0.611317
0.61502
0.61837
0.621277
0.623691
0.62561
0.62705
0.628036
0.628523
0.585766
0.583343
0.584522
0.585477
0.587648
0.590211
0.593329
0.596776
0.600485
0.604326
0.608183
0.611928
0.615441
0.61861
0.621349
0.623611
0.625393
0.626718
0.627615
0.628055
0.587633
0.585333
0.586315
0.587196
0.589244
0.591691
0.594678
0.597979
0.601528
0.605196
0.608873
0.612436
0.615771
0.61877
0.621353
0.623473
0.625132
0.626351
0.627168
0.627566
0.589271
0.587134
0.587936
0.58876
0.590692
0.59303
0.595888
0.599049
0.602445
0.605949
0.609456
0.612847
0.616014
0.618855
0.621293
0.623284
0.624829
0.625953
0.626698
0.627059
0.590697
0.58875
0.589392
0.590174
0.591999
0.594234
0.596968
0.599995
0.603244
0.606592
0.609937
0.613167
0.616178
0.618871
0.621175
0.623047
0.624488
0.625526
0.626206
0.626534
0.591927
0.590189
0.590692
0.591444
0.593169
0.595308
0.597924
0.600822
0.603931
0.607131
0.610324
0.613403
0.616266
0.618823
0.621002
0.622764
0.624111
0.625071
0.625693
0.625992
0.592977
0.591459
0.591844
0.592575
0.594211
0.596259
0.598763
0.601538
0.604514
0.607574
0.610624
0.613559
0.616286
0.618714
0.620779
0.62244
0.623701
0.624591
0.625161
0.625434
0.593866
0.592569
0.592858
0.593575
0.595131
0.597095
0.599493
0.602152
0.605
0.607927
0.610841
0.613643
0.616241
0.61855
0.620508
0.622077
0.623259
0.624086
0.62461
0.624861
0.594611
0.593529
0.593744
0.594452
0.595936
0.597823
0.600121
0.602669
0.605397
0.608198
0.610983
0.613658
0.616136
0.618334
0.620194
0.621677
0.622789
0.623559
0.624041
0.624273
0.595227
0.594345
0.59451
0.595212
0.596635
0.598449
0.600653
0.603096
0.605709
0.60839
0.611054
0.613611
0.615975
0.61807
0.619838
0.621244
0.622291
0.62301
0.623455
0.623669
0.595732
0.595028
0.595167
0.595865
0.597234
0.59898
0.601097
0.603441
0.605945
0.608512
0.611061
0.613505
0.615763
0.617761
0.619445
0.620779
0.621767
0.622439
0.622851
0.623051
0.596141
0.595589
0.595725
0.596418
0.597741
0.599425
0.601459
0.603708
0.606109
0.608568
0.611008
0.613345
0.615503
0.617411
0.619016
0.620284
0.621218
0.621849
0.622231
0.622418
0.596469
0.596036
0.596192
0.59688
0.598164
0.599789
0.601746
0.603906
0.606208
0.608564
0.6109
0.613136
0.6152
0.617023
0.618554
0.619761
0.620645
0.621239
0.621594
0.62177
0.596729
0.596379
0.596578
0.597259
0.598511
0.60008
0.601964
0.604039
0.606247
0.608506
0.610743
0.612883
0.614857
0.6166
0.618062
0.619212
0.620051
0.62061
0.620942
0.621108
0.596935
0.596627
0.59689
0.597563
0.598787
0.600305
0.602119
0.604113
0.606232
0.608397
0.61054
0.612589
0.614479
0.616146
0.617544
0.61864
0.619437
0.619965
0.620275
0.620432
0.597095
0.59679
0.597137
0.597798
0.599
0.600468
0.602217
0.604134
0.606168
0.608244
0.610297
0.612259
0.614068
0.615664
0.617
0.618047
0.618805
0.619303
0.619593
0.619743
0.597219
0.596877
0.597325
0.597974
0.599156
0.600576
0.602263
0.604106
0.606059
0.60805
0.610017
0.611897
0.613628
0.615156
0.616434
0.617434
0.618155
0.618626
0.618898
0.61904
0.597314
0.596897
0.59746
0.598095
0.59926
0.600635
0.602262
0.604035
0.60591
0.607819
0.609705
0.611505
0.613164
0.614626
0.615849
0.616804
0.61749
0.617936
0.61819
0.618326
0.597384
0.596862
0.597548
0.59817
0.599317
0.600649
0.602218
0.603924
0.605725
0.607556
0.609363
0.611088
0.612677
0.614076
0.615246
0.616159
0.616811
0.617232
0.617471
0.617599
0.597432
0.596781
0.597593
0.598203
0.599333
0.600623
0.602137
0.603777
0.605507
0.607264
0.608997
0.610649
0.61217
0.61351
0.614629
0.615499
0.61612
0.616518
0.616741
0.616862
0.597458
0.596665
0.5976
0.598201
0.599311
0.60056
0.60202
0.603599
0.605261
0.606947
0.608608
0.610191
0.611647
0.612929
0.613998
0.614828
0.615417
0.615792
0.616
0.616114
0.59746
0.596524
0.59757
0.598167
0.599254
0.600465
0.601873
0.603392
0.604988
0.606606
0.608199
0.609716
0.611109
0.612335
0.613356
0.614147
0.614705
0.615058
0.615251
0.615356
0.597431
0.596368
0.597504
0.598105
0.599167
0.60034
0.601697
0.603159
0.604693
0.606246
0.607774
0.609226
0.61056
0.611731
0.612705
0.613457
0.613984
0.614314
0.614492
0.614589
0.597359
0.596207
0.597407
0.59802
0.599054
0.600192
0.6015
0.602907
0.604381
0.605871
0.607336
0.608726
0.610002
0.61112
0.612046
0.612759
0.613255
0.613563
0.613726
0.613813
0.597246
0.596061
0.597287
0.59792
0.598923
0.600026
0.601285
0.602638
0.604054
0.605484
0.606887
0.608218
0.609436
0.610501
0.611382
0.612055
0.612519
0.612803
0.612951
0.613028
0.597096
0.595939
0.597135
0.597786
0.59875
0.599817
0.601028
0.60233
0.603691
0.605065
0.606412
0.607688
0.608854
0.60987
0.610706
0.611341
0.611775
0.612035
0.612169
0.612235
0.596724
0.595734
0.596865
0.597553
0.598483
0.599517
0.600687
0.601945
0.603259
0.604587
0.605888
0.607118
0.60824
0.609215
0.610013
0.610614
0.611018
0.611258
0.611378
0.611434
0.595719
0.595339
0.596519
0.597348
0.598306
0.599343
0.600487
0.601704
0.602965
0.604234
0.605471
0.606637
0.607694
0.608609
0.609352
0.609908
0.610277
0.610491
0.610594
0.610639
0.59387
0.595462
0.596971
0.598266
0.599417
0.6005
0.601561
0.602605
0.603623
0.604598
0.605507
0.606329
0.607045
0.607641
0.608106
0.60844
0.608649
0.608755
0.608792
0.608799
0.594187
0.595294
0.596527
0.597707
0.598738
0.599687
0.600588
0.601446
0.602255
0.603003
0.603675
0.604259
0.604742
0.60512
0.605393
0.605569
0.605658
0.605684
0.605678
0.605667
0.594368
0.595181
0.596189
0.597201
0.598068
0.598845
0.599557
0.600207
0.600792
0.601303
0.601732
0.602072
0.60232
0.602479
0.602558
0.602571
0.602535
0.602477
0.602422
0.60239
0.594479
0.595075
0.595908
0.596762
0.597464
0.598059
0.598572
0.599003
0.599351
0.599612
0.599783
0.599863
0.599859
0.59978
0.599645
0.599476
0.599296
0.599134
0.599014
0.598951
0.594505
0.594904
0.595543
0.596212
0.596732
0.597137
0.597445
0.597657
0.59777
0.597786
0.597703
0.597529
0.597273
0.596954
0.596599
0.596237
0.595897
0.595612
0.595411
0.595306
0.594426
0.594635
0.59507
0.595539
0.595866
0.596074
0.596175
0.596167
0.596049
0.595822
0.595489
0.595061
0.594554
0.59399
0.593404
0.592834
0.592315
0.591887
0.591585
0.591429
0.594222
0.594257
0.594491
0.594759
0.59489
0.594899
0.594792
0.594565
0.594216
0.593746
0.593162
0.592476
0.591708
0.590888
0.590055
0.589255
0.588533
0.587939
0.587518
0.5873
0.593894
0.593767
0.593809
0.593879
0.593816
0.593627
0.593314
0.592868
0.592288
0.591574
0.590733
0.58978
0.588739
0.587644
0.58654
0.585484
0.584531
0.583745
0.583184
0.582892
0.593449
0.593171
0.593031
0.592908
0.592657
0.592273
0.591755
0.591092
0.590279
0.589316
0.58821
0.586978
0.585645
0.584251
0.582848
0.5815
0.580282
0.579271
0.578544
0.578165
0.592894
0.592477
0.592166
0.59186
0.591425
0.590852
0.590132
0.589251
0.588203
0.586984
0.585601
0.584072
0.582424
0.580701
0.578963
0.577276
0.575749
0.57447
0.573543
0.573054
0.592235
0.591694
0.591227
0.590749
0.590139
0.589381
0.588461
0.587363
0.586073
0.58459
0.582916
0.581067
0.579075
0.576986
0.574873
0.572772
0.570883
0.569277
0.568097
0.56747
0.591474
0.590832
0.59023
0.589592
0.588816
0.58788
0.586763
0.585444
0.583908
0.582147
0.580162
0.577966
0.57559
0.573081
0.570513
0.567978
0.565625
0.563601
0.562088
0.561272
0.590598
0.589901
0.589192
0.58841
0.58748
0.586372
0.58506
0.583518
0.581726
0.579672
0.577351
0.574773
0.571965
0.568976
0.565882
0.562798
0.559876
0.55731
0.555337
0.554245
0.589585
0.588916
0.588145
0.587235
0.586162
0.58489
0.583384
0.581616
0.579557
0.57719
0.574503
0.571498
0.568198
0.564648
0.560927
0.557157
0.553511
0.550213
0.547569
0.546036
0.588422
0.587918
0.587142
0.586122
0.58492
0.583493
0.581797
0.579798
0.577462
0.57476
0.57167
0.568184
0.564314
0.560095
0.555606
0.550971
0.546375
0.542054
0.538355
0.536037
0.587192
0.587008
0.586278
0.585173
0.583862
0.582293
0.580419
0.578196
0.575581
0.572532
0.56901
0.564989
0.56046
0.55544
0.549991
0.544234
0.538353
0.532534
0.527031
0.523099
0.586181
0.586373
0.585696
0.584547
0.583161
0.581486
0.57947
0.577062
0.574207
0.570846
0.566915
0.562358
0.557125
0.551188
0.544558
0.537309
0.529583
0.521417
0.512608
0.504932
0.585898
0.586252
0.585559
0.584432
0.583034
0.581322
0.579248
0.576757
0.573784
0.570254
0.566081
0.561167
0.555406
0.548683
0.540867
0.531834
0.521538
0.509846
0.495414
0.477886
0.586742
0.58687
0.586085
0.58506
0.583742
0.582113
0.580133
0.577752
0.574911
0.571539
0.567556
0.562868
0.557365
0.550886
0.543141
0.533749
0.5226
0.509147
0.486507
0.436162
0.588786
0.58837
0.587527
0.586668
0.585552
0.584177
0.582508
0.580519
0.578185
0.575494
0.572447
0.569082
0.565483
0.561703
0.557617
0.55328
0.549916
0.544248
0.498257
0.333323
0.58929
0.59084
0.590831
0.591286
0.591657
0.591973
0.592159
0.592204
0.592108
0.591885
0.591555
0.591151
0.590719
0.590334
0.59009
0.590095
0.590352
0.590811
0.591077
0.591664
0.587437
0.589888
0.589898
0.590594
0.591097
0.591529
0.591805
0.59193
0.591906
0.591754
0.591497
0.591175
0.59084
0.590579
0.590487
0.590665
0.591089
0.591689
0.591948
0.592422
0.586451
0.589655
0.589656
0.590526
0.591084
0.591557
0.591852
0.591992
0.591984
0.591851
0.591618
0.591326
0.591025
0.590789
0.590695
0.59082
0.591149
0.591678
0.591967
0.592616
0.585723
0.589461
0.589452
0.590465
0.591062
0.591574
0.591892
0.592053
0.592064
0.591954
0.591746
0.591482
0.591211
0.590994
0.590894
0.590974
0.591218
0.591669
0.59195
0.592718
0.585038
0.589188
0.589191
0.59034
0.590979
0.591538
0.591888
0.592078
0.592116
0.592035
0.591856
0.591624
0.591383
0.59119
0.591096
0.591157
0.591357
0.591765
0.592032
0.59285
0.584418
0.588897
0.588941
0.590216
0.590896
0.5915
0.591881
0.592101
0.592167
0.592115
0.591965
0.591761
0.591547
0.591373
0.591283
0.59133
0.5915
0.591878
0.592136
0.592978
0.58387
0.588605
0.588721
0.590109
0.590828
0.591473
0.591885
0.592133
0.592227
0.592199
0.592075
0.591897
0.591704
0.591543
0.591454
0.591486
0.591628
0.591979
0.592227
0.59308
0.583382
0.588304
0.58852
0.590009
0.590768
0.591454
0.591894
0.592171
0.59229
0.592286
0.592187
0.59203
0.591854
0.591703
0.591611
0.591627
0.591745
0.59207
0.592305
0.593157
0.582943
0.587992
0.58833
0.58991
0.590713
0.591438
0.591908
0.592212
0.592357
0.592376
0.592299
0.592161
0.591998
0.591852
0.591755
0.591756
0.591852
0.592153
0.592375
0.593215
0.58255
0.587669
0.58815
0.58981
0.59066
0.591426
0.591926
0.592257
0.592428
0.592468
0.592411
0.592288
0.592135
0.591991
0.591888
0.591874
0.59195
0.59223
0.592437
0.593257
0.582196
0.587337
0.587978
0.589707
0.59061
0.591416
0.591948
0.592306
0.5925
0.592563
0.592522
0.592413
0.592267
0.592123
0.592011
0.591982
0.592039
0.592298
0.592491
0.593286
0.581878
0.586998
0.58781
0.589602
0.590561
0.591408
0.591973
0.592359
0.592576
0.592659
0.592635
0.592536
0.592395
0.592246
0.592124
0.59208
0.592119
0.592357
0.592536
0.593302
0.58159
0.586651
0.587646
0.589493
0.590513
0.591401
0.592001
0.592415
0.592656
0.592758
0.592748
0.592658
0.592518
0.592364
0.59223
0.592169
0.592191
0.592409
0.592572
0.593307
0.581327
0.586296
0.587483
0.58938
0.590464
0.591396
0.592031
0.592474
0.592739
0.592859
0.592862
0.592779
0.592638
0.592477
0.592329
0.592251
0.592255
0.592453
0.5926
0.593302
0.581088
0.585937
0.587317
0.589264
0.590414
0.59139
0.592064
0.592537
0.592825
0.592964
0.592979
0.5929
0.592758
0.592587
0.592424
0.592327
0.592313
0.59249
0.592621
0.593289
0.580879
0.585567
0.587147
0.589145
0.590361
0.591385
0.592099
0.592603
0.592916
0.593072
0.593098
0.593023
0.592876
0.592694
0.592515
0.592398
0.592365
0.592521
0.592636
0.593269
0.580695
0.585153
0.586994
0.589012
0.590314
0.59138
0.592136
0.592672
0.593011
0.593185
0.593221
0.593149
0.592996
0.592801
0.592603
0.592466
0.592413
0.592547
0.592644
0.593243
0.580512
0.584738
0.586833
0.588877
0.590263
0.591375
0.592176
0.592746
0.59311
0.593302
0.593349
0.593278
0.593119
0.592909
0.592692
0.592532
0.592457
0.592569
0.592648
0.593211
0.580328
0.58432
0.586663
0.588736
0.590209
0.59137
0.592218
0.592823
0.593215
0.593426
0.593482
0.593413
0.593246
0.59302
0.592781
0.592596
0.592499
0.592587
0.592648
0.593177
0.580144
0.583889
0.586485
0.588589
0.590152
0.591365
0.592262
0.592904
0.593325
0.593555
0.593622
0.593554
0.593378
0.593135
0.592873
0.592662
0.59254
0.592604
0.592645
0.59314
0.579956
0.583442
0.586297
0.588434
0.590091
0.591358
0.592308
0.59299
0.593441
0.593692
0.59377
0.593702
0.593518
0.593256
0.592969
0.592731
0.592583
0.592621
0.592645
0.593099
0.57976
0.582979
0.586099
0.588272
0.590027
0.591351
0.592357
0.59308
0.593564
0.593837
0.593927
0.59386
0.593666
0.593385
0.593071
0.592802
0.592626
0.592638
0.592643
0.593059
0.579552
0.582497
0.585889
0.588101
0.589957
0.591343
0.592407
0.593175
0.593694
0.593991
0.594094
0.594028
0.593824
0.593522
0.59318
0.592879
0.592673
0.592656
0.592642
0.593021
0.579325
0.581994
0.585665
0.58792
0.589882
0.591333
0.592459
0.593275
0.593831
0.594154
0.594272
0.594208
0.593994
0.593671
0.593298
0.592962
0.592723
0.592676
0.592643
0.592986
0.579073
0.581469
0.585424
0.587727
0.589799
0.591321
0.592513
0.59338
0.593976
0.594327
0.594461
0.594401
0.594177
0.593831
0.593426
0.593053
0.592779
0.592701
0.592648
0.592955
0.578792
0.580921
0.585164
0.58752
0.589708
0.591305
0.592567
0.593489
0.594129
0.594511
0.594663
0.594608
0.594374
0.594006
0.593567
0.593154
0.592842
0.592731
0.592659
0.59293
0.578473
0.580348
0.584882
0.587299
0.589607
0.591284
0.592621
0.593602
0.594289
0.594705
0.594878
0.594829
0.594588
0.594196
0.593721
0.593266
0.592913
0.592766
0.592676
0.592913
0.57811
0.579749
0.584573
0.587063
0.589495
0.591259
0.592675
0.593719
0.594456
0.59491
0.595106
0.595066
0.594818
0.594403
0.593891
0.593389
0.592992
0.592809
0.592702
0.592907
0.577695
0.579124
0.584234
0.586809
0.589369
0.591227
0.592727
0.593838
0.594631
0.595125
0.595348
0.59532
0.595067
0.594629
0.594078
0.593527
0.593081
0.592859
0.592737
0.592914
0.577218
0.578472
0.583861
0.586536
0.589228
0.591187
0.592776
0.59396
0.594811
0.59535
0.595604
0.595591
0.595335
0.594875
0.594284
0.593679
0.593181
0.592917
0.592784
0.592937
0.576668
0.577795
0.583449
0.586243
0.589071
0.591139
0.592821
0.594082
0.594997
0.595585
0.595873
0.595879
0.595623
0.595143
0.59451
0.593848
0.593291
0.592983
0.592843
0.59298
0.576033
0.577092
0.582994
0.585929
0.588896
0.59108
0.59286
0.594205
0.595186
0.595828
0.596156
0.596185
0.595933
0.595434
0.594758
0.594034
0.593413
0.593058
0.592917
0.593049
0.575298
0.576365
0.582492
0.585593
0.588701
0.59101
0.592893
0.594325
0.595379
0.59608
0.596451
0.596508
0.596265
0.59575
0.595031
0.59424
0.593547
0.593141
0.593008
0.593149
0.574448
0.575617
0.58194
0.585233
0.588485
0.590926
0.592918
0.594443
0.595574
0.596338
0.596759
0.596849
0.596619
0.596092
0.59533
0.594466
0.593693
0.593233
0.593116
0.59329
0.573461
0.574847
0.581332
0.584846
0.588245
0.590826
0.592932
0.594555
0.595768
0.596601
0.597076
0.597206
0.596996
0.596462
0.595658
0.594717
0.593854
0.593334
0.593245
0.59348
0.572318
0.574057
0.580667
0.58443
0.587979
0.590708
0.592932
0.594658
0.595959
0.596866
0.597402
0.597578
0.597396
0.596862
0.596018
0.594997
0.594033
0.593448
0.593401
0.593736
0.571023
0.57327
0.579963
0.583995
0.587695
0.590578
0.592925
0.594759
0.596152
0.597137
0.597739
0.597968
0.59782
0.597291
0.596411
0.595301
0.594222
0.593563
0.59358
0.594071
0.569559
0.572495
0.579238
0.583561
0.587419
0.590459
0.592932
0.594875
0.596362
0.597427
0.598098
0.598383
0.598273
0.597751
0.596823
0.595594
0.594355
0.593603
0.593731
0.594492
0.56759
0.571536
0.578345
0.58302
0.587066
0.590286
0.5929
0.594965
0.596555
0.59771
0.598459
0.598808
0.598746
0.598238
0.597262
0.595895
0.594449
0.593561
0.593833
0.595014
0.564772
0.570078
0.576971
0.582038
0.586318
0.589761
0.59256
0.594788
0.59652
0.597802
0.598665
0.599125
0.599174
0.598785
0.59793
0.596661
0.595254
0.594337
0.594588
0.595896
0.559749
0.566882
0.573454
0.578974
0.58367
0.587611
0.590893
0.593584
0.595746
0.597429
0.598679
0.599545
0.600085
0.600377
0.600513
0.600588
0.600661
0.600704
0.600483
0.599786
0.562757
0.569258
0.575332
0.580645
0.585241
0.589174
0.592498
0.595264
0.597515
0.59929
0.600621
0.601542
0.60209
0.602314
0.60228
0.602087
0.601872
0.601731
0.601527
0.600937
0.565317
0.571533
0.577286
0.582412
0.586926
0.590853
0.594225
0.597072
0.599423
0.601301
0.602729
0.603726
0.604315
0.604527
0.604414
0.604061
0.603602
0.603173
0.602768
0.602176
0.567379
0.573345
0.578906
0.583935
0.58844
0.592425
0.595899
0.598877
0.601373
0.603397
0.604963
0.60608
0.606765
0.607047
0.606977
0.606644
0.606176
0.605693
0.605165
0.604406
0.569516
0.575299
0.580714
0.585668
0.590177
0.594225
0.597806
0.600919
0.603565
0.605742
0.607451
0.608693
0.609477
0.609826
0.609792
0.609469
0.608994
0.608491
0.607915
0.607058
0.571761
0.577413
0.582717
0.587617
0.59214
0.596257
0.599948
0.603201
0.606003
0.608341
0.610201
0.611574
0.612458
0.612867
0.612853
0.61251
0.611988
0.611425
0.610788
0.609865
0.574041
0.579599
0.584828
0.589705
0.594262
0.598463
0.602279
0.605687
0.608662
0.611178
0.613207
0.614725
0.615717
0.616188
0.616183
0.615804
0.615211
0.614565
0.613848
0.612852
0.576321
0.581812
0.587
0.591885
0.5965
0.600807
0.60477
0.608357
0.61153
0.61425
0.616472
0.618157
0.61927
0.619806
0.619802
0.619367
0.618685
0.617943
0.617139
0.616059
0.578567
0.584016
0.589197
0.59412
0.598821
0.60326
0.607396
0.61119
0.614593
0.617551
0.620002
0.621884
0.623141
0.623749
0.623736
0.623222
0.622422
0.621569
0.620672
0.619499
0.580721
0.586173
0.591378
0.596371
0.601186
0.605784
0.610125
0.614161
0.617835
0.621076
0.623803
0.625926
0.627361
0.628053
0.62802
0.627395
0.626443
0.625458
0.624467
0.623196
0.582817
0.588262
0.593512
0.598598
0.603553
0.608341
0.612921
0.617241
0.621236
0.624818
0.627884
0.630309
0.63197
0.632772
0.632708
0.631929
0.630775
0.629642
0.628572
0.627208
0.584777
0.590242
0.595559
0.600763
0.605883
0.61089
0.615745
0.620396
0.62477
0.628765
0.632251
0.635064
0.637025
0.637979
0.637876
0.636884
0.63546
0.634172
0.633086
0.631665
0.586577
0.592084
0.597486
0.602825
0.608132
0.613385
0.618552
0.623583
0.628402
0.632898
0.63691
0.640228
0.6426
0.643781
0.643643
0.64236
0.640576
0.639166
0.638235
0.636863
0.588216
0.593764
0.59926
0.604747
0.610256
0.615778
0.621289
0.626749
0.632086
0.63718
0.641851
0.645836
0.64879
0.650334
0.650205
0.648551
0.646298
0.644893
0.644556
0.643498
0.589666
0.595256
0.600849
0.606488
0.612209
0.618014
0.623895
0.629827
0.63575
0.641553
0.647043
0.651909
0.655703
0.657863
0.657892
0.655842
0.653052
0.652015
0.653319
0.653244
0.590901
0.596532
0.60222
0.608009
0.613939
0.62003
0.626292
0.632724
0.639292
0.645909
0.652396
0.658421
0.663439
0.666668
0.667269
0.665048
0.661892
0.662183
0.667498
0.670179
0.591906
0.597574
0.603348
0.609275
0.615402
0.621764
0.628396
0.635328
0.642567
0.650076
0.65773
0.66523
0.671995
0.677062
0.679202
0.677826
0.675376
0.679259
0.693604
0.704392
0.59267
0.598368
0.604215
0.610259
0.616554
0.623152
0.630114
0.637504
0.645384
0.653795
0.662711
0.671955
0.681049
0.68905
0.694545
0.696555
0.697878
0.709768
0.743562
0.779305
0.593178
0.5989
0.604801
0.610931
0.61735
0.624125
0.631339
0.639092
0.647503
0.6567
0.6668
0.677833
0.689615
0.701594
0.712686
0.721794
0.731971
0.760388
0.837006
0.943834
0.593428
0.599166
0.605095
0.611271
0.617756
0.624627
0.631979
0.639937
0.648659
0.658343
0.669228
0.681556
0.695523
0.711224
0.728409
0.747019
0.773794
0.838494
0.997305
1.26343
0.553314
0.558802
0.561213
0.563829
0.566407
0.568974
0.571454
0.573842
0.576136
0.578156
0.580231
0.582091
0.583743
0.585249
0.586557
0.587654
0.588532
0.589206
0.589657
0.589882
0.550447
0.557029
0.55948
0.562403
0.565127
0.567784
0.57031
0.572714
0.574991
0.577045
0.579071
0.580901
0.582498
0.583966
0.585233
0.586288
0.587128
0.587771
0.588197
0.5884
0.548878
0.556003
0.558375
0.561457
0.564191
0.566837
0.569331
0.571696
0.573922
0.575959
0.577922
0.579695
0.581261
0.582679
0.583901
0.584919
0.585729
0.586345
0.586751
0.586934
0.547603
0.554973
0.557284
0.560486
0.563217
0.565851
0.568315
0.570645
0.572829
0.574836
0.576745
0.57847
0.58
0.581374
0.582556
0.583542
0.584327
0.58492
0.58531
0.585475
0.546355
0.553783
0.55608
0.559397
0.56214
0.564777
0.567227
0.569532
0.571685
0.573667
0.575532
0.577218
0.578714
0.580051
0.581199
0.582157
0.58292
0.583494
0.583871
0.584022
0.545177
0.552522
0.554835
0.558244
0.561
0.563647
0.566086
0.568373
0.5705
0.572461
0.574288
0.575941
0.577407
0.578711
0.579831
0.580765
0.58151
0.582069
0.582435
0.582575
0.544063
0.551229
0.553582
0.557051
0.559817
0.562472
0.564903
0.567175
0.56928
0.571219
0.573015
0.574638
0.576079
0.577355
0.578451
0.579365
0.580095
0.580642
0.581001
0.581133
0.542979
0.549905
0.552317
0.555819
0.558591
0.561252
0.563678
0.565937
0.568024
0.569945
0.571714
0.573312
0.574731
0.575984
0.577059
0.577958
0.578676
0.579214
0.579568
0.579695
0.541901
0.548549
0.551036
0.554547
0.557323
0.55999
0.562412
0.56466
0.566733
0.568638
0.570385
0.571962
0.573362
0.574597
0.575656
0.576543
0.577253
0.577785
0.578136
0.57826
0.540818
0.547168
0.549738
0.553238
0.556018
0.558686
0.561105
0.563346
0.565407
0.567299
0.569028
0.570588
0.571974
0.573194
0.574242
0.57512
0.575824
0.576353
0.576704
0.576826
0.539718
0.545763
0.548422
0.551897
0.554677
0.557345
0.559761
0.561997
0.564049
0.56593
0.567645
0.569192
0.570567
0.571776
0.572816
0.573688
0.57439
0.574918
0.57527
0.575395
0.538593
0.544337
0.547082
0.550523
0.553303
0.555968
0.558381
0.560612
0.562658
0.564531
0.566237
0.567774
0.56914
0.570342
0.571377
0.572247
0.57295
0.573479
0.573834
0.573963
0.537438
0.542893
0.545718
0.549118
0.551896
0.554556
0.556966
0.559194
0.561236
0.563103
0.564802
0.566333
0.567695
0.568893
0.569927
0.570797
0.571503
0.572036
0.572396
0.57253
0.536247
0.541432
0.544326
0.547683
0.550458
0.55311
0.555518
0.557744
0.559783
0.561648
0.563343
0.564871
0.566231
0.567429
0.568464
0.569338
0.570049
0.570588
0.570954
0.571096
0.535014
0.539955
0.542904
0.546218
0.548989
0.551632
0.554038
0.556262
0.5583
0.560164
0.561859
0.563387
0.564749
0.565949
0.566989
0.567868
0.568587
0.569133
0.569507
0.569659
0.533735
0.538462
0.541451
0.544723
0.547488
0.550122
0.552525
0.554749
0.556788
0.558654
0.560351
0.561882
0.563248
0.564454
0.565501
0.566388
0.567117
0.567673
0.568056
0.568219
0.532403
0.536955
0.539965
0.543199
0.545955
0.54858
0.550981
0.553205
0.555247
0.557118
0.558819
0.560355
0.561729
0.562942
0.563999
0.564896
0.565638
0.566205
0.566599
0.566774
0.531011
0.535433
0.538444
0.541645
0.544391
0.547007
0.549406
0.551632
0.553679
0.555555
0.557263
0.558808
0.560192
0.561415
0.562485
0.563393
0.56415
0.564729
0.565135
0.565324
0.529552
0.533895
0.536888
0.540061
0.542795
0.545403
0.547801
0.550029
0.552082
0.553966
0.555684
0.557239
0.558635
0.559871
0.560956
0.561879
0.562652
0.563245
0.563664
0.563868
0.528016
0.53234
0.535293
0.538447
0.541167
0.543768
0.546165
0.548397
0.550457
0.552351
0.554081
0.555649
0.55706
0.558311
0.559413
0.560354
0.561143
0.561754
0.562184
0.562403
0.430042
0.440374
0.446065
0.45163
0.456457
0.460653
0.464319
0.467514
0.470293
0.472697
0.474761
0.476517
0.477992
0.479211
0.480199
0.48097
0.481542
0.48202
0.482268
0.480385
0.426998
0.437813
0.44365
0.449313
0.454184
0.458388
0.462036
0.465196
0.467924
0.470264
0.472251
0.473914
0.475276
0.476355
0.477162
0.477694
0.477952
0.477944
0.477263
0.47482
0.424063
0.435344
0.441311
0.447059
0.451963
0.456164
0.459787
0.462904
0.465575
0.467845
0.469749
0.471314
0.47256
0.473502
0.474144
0.474481
0.474517
0.474248
0.473298
0.471115
0.421266
0.432984
0.439065
0.444886
0.449811
0.454002
0.457592
0.460661
0.463271
0.465466
0.467284
0.468748
0.46988
0.470691
0.471186
0.471363
0.471232
0.470793
0.469748
0.467844
0.41864
0.430762
0.43694
0.442816
0.447751
0.451923
0.455475
0.458491
0.461034
0.463153
0.464882
0.466247
0.467266
0.467954
0.468318
0.468361
0.468102
0.467547
0.466471
0.464786
0.416223
0.428706
0.43496
0.440874
0.445807
0.44995
0.453458
0.456416
0.458891
0.460931
0.462571
0.463837
0.464749
0.465322
0.465568
0.465496
0.465131
0.464489
0.463397
0.46186
0.414049
0.426846
0.433152
0.439085
0.444003
0.448109
0.451566
0.454463
0.456867
0.458827
0.460378
0.461547
0.462355
0.46282
0.462956
0.46278
0.46232
0.461598
0.460483
0.459028
0.412157
0.425209
0.431544
0.437475
0.442363
0.446423
0.449824
0.452657
0.454988
0.456868
0.458331
0.459405
0.460112
0.460472
0.460504
0.460229
0.459676
0.458869
0.457715
0.456287
0.410582
0.423827
0.430161
0.436069
0.440913
0.444919
0.448258
0.451023
0.453282
0.455081
0.456457
0.457437
0.458045
0.458304
0.458233
0.457858
0.45721
0.456312
0.455099
0.453654
0.409362
0.422727
0.429032
0.434893
0.439679
0.443621
0.446894
0.449589
0.451773
0.453492
0.454782
0.45567
0.45618
0.456337
0.456165
0.455689
0.45494
0.453942
0.452653
0.451157
0.408531
0.421938
0.428183
0.433974
0.438687
0.442556
0.445758
0.448381
0.450489
0.452128
0.453332
0.454128
0.454541
0.454597
0.454322
0.453741
0.452886
0.451781
0.450401
0.448828
0.408122
0.421487
0.427641
0.433337
0.437961
0.44175
0.444875
0.447424
0.449456
0.451015
0.452132
0.452837
0.453153
0.453108
0.452727
0.452039
0.451074
0.449854
0.448372
0.446702
0.408167
0.421401
0.42743
0.433006
0.437527
0.441226
0.44427
0.446742
0.448697
0.450175
0.451207
0.451819
0.452038
0.451891
0.451404
0.450606
0.449527
0.448188
0.446595
0.444814
0.408694
0.421702
0.427574
0.433006
0.437408
0.441009
0.443967
0.446359
0.448236
0.449632
0.450578
0.451098
0.451219
0.450969
0.450374
0.449465
0.448269
0.446809
0.4451
0.443199
0.409725
0.422412
0.428094
0.433357
0.437626
0.44112
0.443988
0.446298
0.448094
0.449408
0.450266
0.450694
0.450716
0.450362
0.449659
0.448637
0.447325
0.445743
0.443914
0.441889
0.411277
0.423548
0.429008
0.434079
0.438201
0.44158
0.444353
0.446577
0.44829
0.44952
0.45029
0.450624
0.450547
0.450088
0.449278
0.448144
0.446715
0.445013
0.443063
0.440911
0.41336
0.425126
0.430332
0.435189
0.439151
0.442407
0.445079
0.447214
0.448842
0.449986
0.450666
0.450905
0.450728
0.450166
0.449247
0.448003
0.446459
0.444639
0.442569
0.440292
0.415995
0.427169
0.432091
0.43671
0.440496
0.443619
0.446184
0.448225
0.449764
0.450819
0.451407
0.45155
0.451273
0.450607
0.449583
0.448229
0.446574
0.444639
0.442453
0.440053
0.419182
0.429703
0.434308
0.438664
0.442257
0.445236
0.447684
0.449625
0.45107
0.452032
0.452525
0.45257
0.452193
0.451425
0.450295
0.448835
0.447072
0.445027
0.442729
0.440212
0.422721
0.432605
0.436898
0.440991
0.444393
0.447228
0.449561
0.451401
0.452752
0.45362
0.454018
0.453967
0.453491
0.452622
0.451391
0.449829
0.447962
0.445813
0.443408
0.440782
0.426128
0.43553
0.439608
0.443505
0.446764
0.449492
0.451738
0.453497
0.454769
0.455555
0.455867
0.455725
0.455157
0.454194
0.452867
0.451209
0.449246
0.447001
0.444497
0.44177
0.430582
0.439282
0.443036
0.446653
0.44971
0.452284
0.454404
0.456055
0.457224
0.45791
0.458123
0.457883
0.457218
0.456159
0.454738
0.452987
0.450933
0.448597
0.446003
0.443185
0.435749
0.4436
0.446976
0.450279
0.453106
0.455507
0.457486
0.459014
0.46007
0.46065
0.46076
0.46042
0.459658
0.458506
0.456995
0.455156
0.453017
0.450599
0.447924
0.445025
0.441449
0.448364
0.451345
0.454318
0.456907
0.459125
0.460955
0.462354
0.463292
0.463761
0.463766
0.463326
0.46247
0.461227
0.45963
0.45771
0.455493
0.453002
0.450256
0.447292
0.447659
0.45357
0.456141
0.458771
0.461108
0.463135
0.464806
0.466067
0.46688
0.467233
0.467131
0.466592
0.465642
0.464312
0.462635
0.460639
0.458353
0.455796
0.452993
0.449976
0.454361
0.459211
0.461356
0.463626
0.465701
0.467524
0.469026
0.470139
0.470821
0.471054
0.470842
0.470202
0.469161
0.467747
0.465994
0.463929
0.46158
0.458968
0.45612
0.453065
0.461522
0.465264
0.466968
0.468866
0.470666
0.472273
0.473596
0.474553
0.475095
0.475204
0.474879
0.474139
0.473008
0.471514
0.469689
0.467562
0.465158
0.462499
0.459619
0.456543
0.469104
0.471701
0.472953
0.474466
0.475979
0.47736
0.478493
0.479285
0.479682
0.479661
0.479222
0.478381
0.477161
0.475591
0.473699
0.471516
0.469065
0.46637
0.46347
0.460389
0.477066
0.478489
0.479281
0.480398
0.481613
0.482757
0.48369
0.48431
0.484555
0.484401
0.483846
0.482904
0.481596
0.479951
0.477998
0.475766
0.473277
0.470553
0.467649
0.464582
0.485361
0.485593
0.485917
0.48663
0.487537
0.488435
0.489159
0.489598
0.489686
0.489395
0.488721
0.487677
0.486284
0.484568
0.482558
0.480284
0.477764
0.475023
0.472129
0.469095
0.493943
0.492972
0.492826
0.493127
0.493718
0.49436
0.494867
0.495118
0.495044
0.494612
0.493818
0.492672
0.491194
0.48941
0.487349
0.485038
0.482497
0.479747
0.476877
0.473899
0.502757
0.500584
0.499966
0.499851
0.500119
0.500496
0.500779
0.500836
0.500594
0.500019
0.499102
0.497853
0.496292
0.494444
0.492336
0.489996
0.487439
0.48469
0.48186
0.478961
0.51175
0.508384
0.507295
0.506761
0.5067
0.506806
0.506857
0.506716
0.506302
0.50558
0.504539
0.503188
0.501545
0.499635
0.497485
0.495119
0.492553
0.489812
0.487037
0.484243
0.520866
0.516324
0.514768
0.513815
0.513421
0.513251
0.513066
0.51272
0.512132
0.51126
0.510093
0.50864
0.506917
0.504947
0.502757
0.50037
0.497799
0.495072
0.492363
0.489703
0.530047
0.524354
0.522339
0.520968
0.520239
0.51979
0.519364
0.518811
0.518045
0.517022
0.51573
0.514175
0.512373
0.510345
0.508115
0.505707
0.503132
0.500419
0.497784
0.495291
0.539232
0.532424
0.52996
0.528176
0.527113
0.526381
0.525712
0.524951
0.524005
0.522831
0.521414
0.519758
0.517878
0.515791
0.513521
0.51109
0.508506
0.505799
0.503235
0.500939
0.548365
0.540484
0.537584
0.535394
0.533998
0.532984
0.532072
0.5311
0.529976
0.528652
0.527111
0.525356
0.523399
0.521254
0.51894
0.516479
0.513877
0.511158
0.508636
0.506532
0.557389
0.548484
0.545162
0.542577
0.540852
0.539558
0.538403
0.537223
0.535922
0.53445
0.532789
0.530939
0.528908
0.526704
0.524342
0.521842
0.519205
0.516437
0.513856
0.511879
0.566246
0.556376
0.552648
0.549679
0.547631
0.546061
0.544667
0.543282
0.541808
0.540193
0.538418
0.536479
0.534378
0.532119
0.529708
0.527157
0.524458
0.521542
0.518614
0.516544
0.574851
0.564091
0.559986
0.556651
0.554294
0.552455
0.550827
0.549242
0.5476
0.54585
0.543968
0.541949
0.53979
0.53749
0.535043
0.532452
0.52969
0.526525
0.522827
0.520096
0.583123
0.571566
0.567125
0.563452
0.560801
0.558704
0.556852
0.555073
0.553271
0.551391
0.549412
0.547324
0.545125
0.542808
0.540369
0.537816
0.535134
0.531969
0.527861
0.525992
0.591291
0.578909
0.574108
0.570088
0.567139
0.564784
0.562708
0.560742
0.558786
0.556787
0.55472
0.552577
0.550354
0.548048
0.545659
0.543211
0.54072
0.537921
0.534572
0.533649
0.599138
0.585976
0.580832
0.576483
0.573249
0.570647
0.568359
0.566214
0.564114
0.562004
0.55986
0.557672
0.555436
0.553153
0.550825
0.548481
0.546144
0.543607
0.540729
0.540046
0.60656
0.592699
0.587246
0.582592
0.579093
0.57626
0.573772
0.571461
0.569226
0.567015
0.564802
0.562577
0.560335
0.558078
0.55581
0.553557
0.551341
0.54898
0.546355
0.54569
0.613514
0.599046
0.593317
0.588387
0.584643
0.581595
0.578922
0.576456
0.574098
0.571795
0.569521
0.567264
0.565021
0.562791
0.560578
0.558406
0.556294
0.554073
0.551626
0.550939
0.619967
0.604987
0.599015
0.593837
0.589872
0.586627
0.583784
0.581176
0.578707
0.576321
0.573993
0.57171
0.569468
0.567265
0.565104
0.563005
0.560981
0.558878
0.556578
0.555862
0.625888
0.610493
0.604313
0.598919
0.594756
0.591334
0.588337
0.585602
0.583033
0.580575
0.5782
0.575896
0.573658
0.571482
0.56937
0.567336
0.565392
0.563393
0.561226
0.560485
0.631251
0.61554
0.609189
0.603611
0.599275
0.595697
0.592565
0.589719
0.587062
0.584542
0.582129
0.579809
0.577577
0.575429
0.573362
0.57139
0.569519
0.567617
0.565576
0.564816
0.636038
0.62011
0.613625
0.607896
0.603414
0.599703
0.596454
0.593512
0.590782
0.58821
0.585767
0.583438
0.581217
0.579097
0.577075
0.575161
0.573359
0.57155
0.569629
0.568855
0.64024
0.624189
0.617608
0.611762
0.607162
0.60334
0.599995
0.596973
0.594183
0.591571
0.589108
0.586777
0.584569
0.58248
0.580503
0.578646
0.576911
0.57519
0.573386
0.572601
0.643849
0.627771
0.62113
0.615201
0.610511
0.606602
0.60318
0.600097
0.597262
0.594622
0.592147
0.589821
0.587633
0.585576
0.583646
0.581845
0.580174
0.578538
0.576848
0.576055
0.646868
0.630852
0.624187
0.61821
0.613457
0.609485
0.606008
0.602881
0.600016
0.59736
0.594884
0.59257
0.590407
0.588387
0.586504
0.584759
0.583152
0.581598
0.580016
0.579218
0.649301
0.633433
0.62678
0.620788
0.616001
0.61199
0.608478
0.605325
0.602446
0.599787
0.59732
0.595026
0.592894
0.590914
0.589081
0.587393
0.585847
0.584373
0.582896
0.582095
0.65116
0.635522
0.628914
0.622939
0.618145
0.614119
0.610593
0.607433
0.604554
0.601906
0.599459
0.597193
0.595098
0.593163
0.591381
0.58975
0.588267
0.58687
0.585493
0.584693
0.652461
0.637128
0.630598
0.624671
0.619897
0.615879
0.61236
0.60921
0.606347
0.603722
0.601305
0.599077
0.597025
0.595139
0.593412
0.59184
0.590418
0.589096
0.587815
0.58702
0.653225
0.638265
0.631844
0.625994
0.621266
0.617279
0.613786
0.610664
0.607833
0.605244
0.602868
0.600685
0.598683
0.596851
0.595182
0.59367
0.59231
0.59106
0.589872
0.589086
0.653476
0.638953
0.632668
0.626923
0.622265
0.61833
0.614883
0.611806
0.609021
0.606481
0.604157
0.602028
0.600083
0.59831
0.596701
0.595251
0.593953
0.592775
0.591675
0.590902
0.653242
0.63921
0.633086
0.627472
0.622907
0.619046
0.615664
0.612647
0.609923
0.607444
0.605181
0.603116
0.601233
0.599524
0.59798
0.596594
0.59536
0.594251
0.593236
0.592482
0.652553
0.639055
0.633116
0.627656
0.623207
0.619439
0.61614
0.613201
0.61055
0.608144
0.605954
0.603959
0.602147
0.600507
0.599031
0.597711
0.596541
0.595501
0.594568
0.593837
0.651471
0.638527
0.63279
0.627503
0.623187
0.619531
0.61633
0.613483
0.610919
0.608597
0.606487
0.604571
0.602836
0.60127
0.599866
0.598615
0.59751
0.596538
0.595683
0.594982
0.650115
0.637708
0.632172
0.627065
0.622892
0.619358
0.616268
0.613522
0.611056
0.608825
0.606804
0.604973
0.60332
0.601832
0.600502
0.599322
0.598283
0.597378
0.596599
0.595932
0.648353
0.636521
0.631207
0.626301
0.622291
0.618897
0.615934
0.613306
0.610948
0.608822
0.606899
0.605162
0.603596
0.602193
0.600942
0.599837
0.598867
0.59803
0.597324
0.596697
0.64625
0.635018
0.629943
0.625254
0.621422
0.618183
0.61536
0.612861
0.610624
0.608611
0.606794
0.605158
0.603687
0.602373
0.601205
0.600176
0.599278
0.598509
0.597874
0.597294
0.643863
0.633245
0.628418
0.623957
0.620315
0.617242
0.61457
0.612211
0.610104
0.608212
0.606509
0.604979
0.603608
0.602386
0.601305
0.600356
0.599531
0.598831
0.598265
0.597737
0.641224
0.631227
0.626655
0.622432
0.61899
0.616093
0.613583
0.611372
0.609403
0.60764
0.606057
0.604639
0.603373
0.602248
0.601256
0.600389
0.599639
0.599008
0.59851
0.598038
0.638362
0.628989
0.624677
0.620701
0.617467
0.614756
0.612415
0.610361
0.608539
0.606911
0.605455
0.604154
0.602996
0.601971
0.601071
0.600289
0.599616
0.599054
0.598621
0.598211
0.635306
0.626555
0.622509
0.618785
0.615768
0.61325
0.611086
0.609196
0.607526
0.60604
0.604716
0.603537
0.602491
0.601569
0.600764
0.600068
0.599474
0.598982
0.598612
0.598267
0.632085
0.62395
0.620172
0.616705
0.61391
0.611592
0.609612
0.607892
0.606381
0.605042
0.603854
0.602801
0.601871
0.601056
0.600348
0.59974
0.599225
0.598804
0.598494
0.598217
0.628726
0.621199
0.617688
0.614482
0.611913
0.609799
0.608008
0.606465
0.605117
0.60393
0.602883
0.60196
0.601149
0.600442
0.599832
0.599314
0.59888
0.59853
0.598279
0.598073
0.625257
0.618323
0.61508
0.612134
0.609795
0.607889
0.606292
0.604928
0.603748
0.602718
0.601815
0.601025
0.600335
0.599739
0.59923
0.598802
0.59845
0.598171
0.597976
0.597842
0.621702
0.615346
0.612366
0.609681
0.607572
0.605877
0.604476
0.603296
0.602287
0.601417
0.600662
0.600007
0.599441
0.598958
0.598551
0.598215
0.597946
0.597738
0.597596
0.597534
0.618084
0.612288
0.609568
0.60714
0.605261
0.603778
0.602575
0.601581
0.600747
0.600038
0.599433
0.598916
0.598477
0.598108
0.597804
0.597561
0.597375
0.597239
0.597148
0.597157
0.614427
0.609168
0.606702
0.604528
0.602877
0.601606
0.600602
0.599796
0.599137
0.598593
0.59814
0.597763
0.597452
0.597199
0.597
0.59685
0.596748
0.596683
0.596639
0.596717
0.610749
0.606007
0.603787
0.601861
0.600435
0.599374
0.598569
0.597951
0.59747
0.597092
0.596793
0.596557
0.596375
0.59624
0.596146
0.59609
0.596073
0.596079
0.596078
0.59622
0.607071
0.60282
0.600839
0.599154
0.597949
0.597096
0.596489
0.596059
0.595756
0.595543
0.595399
0.595306
0.595255
0.595239
0.595251
0.595291
0.595358
0.595434
0.595474
0.595672
0.603409
0.599623
0.597872
0.596421
0.595432
0.594783
0.594372
0.594129
0.594002
0.593957
0.593967
0.594018
0.594099
0.594203
0.594323
0.594459
0.594612
0.594759
0.594835
0.595078
0.599777
0.59643
0.5949
0.593674
0.592895
0.592447
0.592228
0.59217
0.592219
0.592339
0.592505
0.592701
0.592914
0.593139
0.593369
0.593603
0.593845
0.594066
0.594174
0.594444
0.596187
0.593252
0.591933
0.590925
0.59035
0.590096
0.590067
0.59019
0.590414
0.590699
0.591019
0.591358
0.591705
0.592053
0.592395
0.59273
0.593064
0.593364
0.593504
0.593776
0.592651
0.5901
0.588982
0.588183
0.587804
0.587741
0.587896
0.588198
0.588593
0.58904
0.589514
0.589996
0.590477
0.590948
0.591405
0.591845
0.592274
0.592653
0.592823
0.593055
0.589197
0.586995
0.586063
0.585461
0.58527
0.585389
0.585723
0.5862
0.586762
0.587369
0.587994
0.588618
0.589231
0.589827
0.590403
0.590958
0.591491
0.591983
0.592308
0.592535
0.585855
0.58396
0.583192
0.58277
0.582754
0.583046
0.583552
0.584197
0.584923
0.585687
0.58646
0.587225
0.587969
0.588689
0.589388
0.590069
0.590739
0.591493
0.5926
0.59349
0.582439
0.580889
0.580306
0.580075
0.580239
0.580706
0.581383
0.582195
0.583082
0.583999
0.584918
0.585818
0.586688
0.587523
0.588328
0.589102
0.589842
0.59063
0.591733
0.592406
0.579062
0.577856
0.577456
0.57741
0.577749
0.578385
0.579228
0.580201
0.581244
0.58231
0.583369
0.5844
0.585389
0.586332
0.58723
0.588081
0.588871
0.589668
0.590692
0.591215
0.575767
0.574888
0.57466
0.574788
0.575293
0.576091
0.577092
0.57822
0.579413
0.580623
0.581818
0.582975
0.584079
0.585125
0.586112
0.587036
0.587883
0.588714
0.589724
0.590201
0.572561
0.571987
0.571919
0.572213
0.572875
0.573826
0.574978
0.576255
0.577593
0.578942
0.580268
0.581546
0.582762
0.583908
0.584982
0.585978
0.586885
0.587762
0.588785
0.589259
0.569445
0.569155
0.569238
0.569688
0.570498
0.571594
0.572891
0.57431
0.575786
0.577269
0.578721
0.580118
0.581442
0.582686
0.583846
0.584916
0.585886
0.586813
0.587862
0.588357
0.566421
0.566394
0.566618
0.567215
0.568166
0.5694
0.570833
0.572387
0.573996
0.575607
0.577182
0.578693
0.580123
0.581463
0.582709
0.583855
0.584891
0.585873
0.586957
0.58749
0.563493
0.563708
0.564063
0.564797
0.56588
0.567244
0.568807
0.57049
0.572226
0.57396
0.575653
0.577275
0.578809
0.580243
0.581575
0.582797
0.583902
0.584945
0.586069
0.58665
0.560661
0.561096
0.561575
0.562437
0.563643
0.565129
0.566815
0.56862
0.570477
0.572329
0.574135
0.575865
0.5775
0.579028
0.580445
0.581745
0.582921
0.584026
0.585194
0.585831
0.557924
0.558562
0.559154
0.560136
0.561458
0.563058
0.564859
0.56678
0.568751
0.570716
0.572631
0.574466
0.576199
0.577819
0.57932
0.580699
0.581947
0.583116
0.584331
0.585031
0.555281
0.556105
0.556803
0.557895
0.559324
0.561032
0.562941
0.564971
0.56705
0.569123
0.571142
0.573077
0.574906
0.576616
0.578202
0.579658
0.580979
0.582214
0.583476
0.584244
0.552731
0.553725
0.55452
0.555715
0.557244
0.559051
0.561061
0.563193
0.565375
0.567549
0.569669
0.571701
0.573623
0.575421
0.577089
0.578623
0.580017
0.581317
0.582627
0.583469
0.550271
0.551421
0.552307
0.553596
0.555217
0.557116
0.55922
0.561448
0.563727
0.565997
0.568213
0.570338
0.572349
0.574233
0.575982
0.577592
0.579058
0.580423
0.581782
0.582704
0.5479
0.549194
0.550162
0.551538
0.553243
0.555228
0.557419
0.559735
0.562105
0.564467
0.566773
0.568987
0.571085
0.573051
0.574879
0.576565
0.578103
0.579531
0.580937
0.581951
0.545616
0.547041
0.548086
0.549541
0.551323
0.553386
0.555657
0.558056
0.560511
0.562958
0.565349
0.567648
0.569829
0.571875
0.57378
0.575539
0.577148
0.578639
0.580091
0.581198
0.543418
0.544964
0.546077
0.547604
0.549456
0.55159
0.553935
0.55641
0.558943
0.56147
0.563942
0.566321
0.568581
0.570705
0.572684
0.574514
0.576192
0.577746
0.579241
0.580406
0.541308
0.54296
0.544135
0.545726
0.547641
0.54984
0.552252
0.554797
0.557402
0.560004
0.562551
0.565006
0.567341
0.569538
0.571589
0.573488
0.575234
0.576851
0.578389
0.579633
0.539277
0.54102
0.542252
0.543901
0.545874
0.548132
0.550605
0.553214
0.555886
0.558557
0.561175
0.563701
0.566107
0.568375
0.570494
0.57246
0.574272
0.575949
0.57753
0.57886
0.537324
0.539133
0.540419
0.542121
0.544148
0.54646
0.54899
0.551659
0.554393
0.557129
0.559813
0.562406
0.564879
0.567213
0.569397
0.571428
0.573304
0.575039
0.576661
0.578077
0.535565
0.537372
0.538685
0.540423
0.542489
0.544844
0.547421
0.55014
0.552928
0.555721
0.558465
0.561119
0.563654
0.566051
0.568298
0.57039
0.572328
0.574119
0.575779
0.577282
0.534277
0.535947
0.537212
0.538928
0.540989
0.543351
0.545945
0.548691
0.551514
0.554348
0.557139
0.559844
0.562433
0.564886
0.56719
0.56934
0.571337
0.573183
0.574881
0.576472
0.532732
0.534355
0.535628
0.537361
0.539444
0.541833
0.544458
0.54724
0.550104
0.552982
0.555819
0.558575
0.561216
0.563722
0.56608
0.568286
0.57034
0.572237
0.57397
0.575646
0.531131
0.532752
0.534048
0.535807
0.537918
0.540336
0.542993
0.545809
0.54871
0.551628
0.554509
0.55731
0.559998
0.562554
0.564963
0.567221
0.569328
0.571275
0.57304
0.5748
0.52957
0.531203
0.53252
0.534301
0.536435
0.538877
0.54156
0.544404
0.547336
0.550288
0.553207
0.556048
0.558779
0.56138
0.563835
0.566141
0.5683
0.570294
0.572088
0.57393
0.52805
0.529701
0.531036
0.532837
0.53499
0.537452
0.540155
0.543023
0.54598
0.548961
0.551911
0.554787
0.557557
0.560197
0.562696
0.565047
0.567253
0.569292
0.571113
0.573034
0.526562
0.528234
0.529589
0.531407
0.533577
0.536056
0.538776
0.541662
0.54464
0.547645
0.550622
0.553527
0.55633
0.559006
0.561543
0.563935
0.566186
0.568266
0.570111
0.572107
0.525106
0.526801
0.528174
0.53001
0.532196
0.534688
0.537422
0.540321
0.543315
0.546338
0.549336
0.552267
0.555097
0.557805
0.560375
0.562804
0.565095
0.567214
0.56908
0.571146
0.52368
0.525401
0.526792
0.528645
0.530843
0.533346
0.53609
0.538999
0.542004
0.545041
0.548055
0.551005
0.553858
0.556591
0.559191
0.561651
0.563979
0.566134
0.568016
0.570148
0.522283
0.52403
0.52544
0.527308
0.529518
0.532029
0.534779
0.537695
0.540707
0.543752
0.546777
0.549741
0.552611
0.555365
0.557988
0.560476
0.562836
0.565021
0.566916
0.569106
0.520913
0.522688
0.524116
0.525999
0.528219
0.530736
0.533489
0.536407
0.539422
0.54247
0.545502
0.548475
0.551357
0.554126
0.556767
0.559276
0.561663
0.563875
0.565777
0.568018
0.519568
0.521372
0.522818
0.524716
0.526944
0.529465
0.532219
0.535136
0.538148
0.541197
0.544229
0.547205
0.550094
0.552872
0.555526
0.558051
0.560459
0.562692
0.564595
0.566877
0.518246
0.520081
0.521545
0.523457
0.525693
0.528216
0.530968
0.53388
0.536887
0.53993
0.542959
0.545934
0.548823
0.551605
0.554265
0.5568
0.559222
0.56147
0.563367
0.56568
0.516946
0.518812
0.520296
0.522221
0.524464
0.526987
0.529734
0.532639
0.535637
0.538671
0.541692
0.544661
0.547546
0.550326
0.552985
0.555523
0.557953
0.560208
0.562091
0.56442
0.515665
0.517564
0.519067
0.521007
0.523256
0.525778
0.528518
0.531413
0.534399
0.53742
0.540429
0.543386
0.546262
0.549035
0.551688
0.554222
0.556651
0.558905
0.560764
0.563094
0.514402
0.516336
0.517859
0.519813
0.522067
0.524587
0.52732
0.530202
0.533172
0.536178
0.539171
0.542113
0.544975
0.547735
0.550377
0.5529
0.55532
0.557563
0.559387
0.561697
0.513155
0.515125
0.516669
0.518638
0.520898
0.523415
0.526138
0.529005
0.531958
0.534945
0.537918
0.540842
0.543686
0.546429
0.549055
0.55156
0.553964
0.556187
0.557962
0.560224
0.511923
0.51393
0.515497
0.517481
0.519747
0.522261
0.524973
0.527824
0.530757
0.533722
0.536673
0.539575
0.542399
0.545122
0.547727
0.550211
0.552592
0.554788
0.556498
0.558679
0.510702
0.512749
0.514339
0.51634
0.518613
0.521124
0.523825
0.526658
0.52957
0.532511
0.535438
0.538316
0.541116
0.543817
0.546401
0.548862
0.551216
0.553378
0.555004
0.557049
0.509492
0.511579
0.513195
0.515215
0.517496
0.520005
0.522694
0.525509
0.528398
0.531313
0.534213
0.537065
0.539841
0.542521
0.545084
0.547522
0.549845
0.551954
0.553437
0.555191
0.508307
0.510429
0.512069
0.514109
0.516397
0.518903
0.52158
0.524376
0.52724
0.530128
0.533
0.535825
0.538577
0.541236
0.543787
0.546218
0.548526
0.550611
0.552061
0.55343
0.507164
0.509313
0.510969
0.513022
0.515316
0.517817
0.52048
0.523255
0.526093
0.528952
0.531794
0.53459
0.537318
0.539963
0.542515
0.544975
0.54735
0.549722
0.552336
0.554787
0.505914
0.508135
0.509832
0.511917
0.514228
0.516733
0.519388
0.522146
0.52496
0.527789
0.5306
0.533365
0.536064
0.538683
0.541221
0.543674
0.546038
0.548404
0.551094
0.5534
0.504639
0.506951
0.508696
0.510818
0.513151
0.515663
0.518312
0.521053
0.523842
0.526642
0.529418
0.532147
0.53481
0.537396
0.5399
0.542318
0.544636
0.546925
0.549455
0.551512
0.503371
0.505778
0.507572
0.509733
0.512089
0.514608
0.517253
0.519977
0.522741
0.525508
0.528248
0.530938
0.533561
0.536106
0.538568
0.540941
0.543212
0.54544
0.547846
0.54973
0.502108
0.504613
0.506457
0.508659
0.511039
0.513569
0.516209
0.518918
0.521656
0.52439
0.527093
0.529741
0.53232
0.53482
0.537236
0.539561
0.541781
0.543954
0.546259
0.548024
0.500849
0.503451
0.505348
0.507593
0.510001
0.512542
0.51518
0.517874
0.520588
0.523289
0.525952
0.528558
0.531091
0.533544
0.535911
0.538186
0.540356
0.542474
0.544691
0.546378
0.499594
0.502293
0.504244
0.506535
0.508973
0.511528
0.514166
0.516847
0.519536
0.522205
0.524828
0.52739
0.529877
0.532282
0.534599
0.536823
0.538944
0.54101
0.54315
0.544783
0.498341
0.501137
0.503144
0.505482
0.507954
0.510526
0.513165
0.515835
0.518501
0.521137
0.523722
0.52624
0.52868
0.531036
0.533303
0.535477
0.53755
0.539566
0.541635
0.543231
0.49709
0.49998
0.502045
0.504434
0.506941
0.509532
0.512176
0.514836
0.517481
0.520087
0.522634
0.525108
0.527502
0.529808
0.532025
0.534149
0.536174
0.538141
0.540144
0.54171
0.495836
0.498821
0.500945
0.503387
0.505932
0.508546
0.511196
0.513849
0.516475
0.519052
0.521562
0.523995
0.526341
0.528599
0.530765
0.532839
0.534816
0.536735
0.538673
0.540214
0.494576
0.497656
0.499841
0.502339
0.504925
0.507563
0.510224
0.512872
0.515482
0.518031
0.520507
0.522898
0.525199
0.527407
0.529523
0.531546
0.533475
0.535344
0.537219
0.538736
0.493307
0.496482
0.498731
0.501287
0.503915
0.506582
0.509255
0.511902
0.514498
0.517023
0.519465
0.521817
0.524073
0.526233
0.528298
0.53027
0.532149
0.533967
0.535779
0.537273
0.492024
0.495295
0.497609
0.500226
0.502901
0.505598
0.508288
0.510936
0.513521
0.516024
0.518436
0.52075
0.522962
0.525074
0.527089
0.529008
0.530837
0.532602
0.534351
0.53582
0.490723
0.494092
0.496473
0.499152
0.501877
0.504608
0.507316
0.50997
0.512547
0.515032
0.517416
0.519694
0.521864
0.523929
0.525892
0.52776
0.529536
0.531247
0.532932
0.534375
0.489398
0.492866
0.495318
0.498062
0.500838
0.503607
0.506338
0.509001
0.511574
0.514044
0.516402
0.518646
0.520776
0.522794
0.524707
0.526522
0.528245
0.529901
0.531521
0.532935
0.488045
0.491615
0.494138
0.496951
0.499782
0.502591
0.505348
0.508024
0.510597
0.513055
0.515391
0.517604
0.519694
0.521666
0.52353
0.525292
0.526962
0.528561
0.530116
0.531496
0.486659
0.490332
0.49293
0.495813
0.498702
0.501556
0.504343
0.507035
0.509612
0.512062
0.514379
0.516562
0.518615
0.520544
0.522358
0.524067
0.525683
0.527225
0.528715
0.530055
0.48523
0.489007
0.491682
0.494638
0.49759
0.500493
0.503316
0.506029
0.508614
0.511059
0.51336
0.515517
0.517534
0.519421
0.521187
0.522845
0.524407
0.52589
0.527314
0.52861
0.483754
0.487631
0.490387
0.493421
0.49644
0.499396
0.502258
0.504997
0.507594
0.510038
0.512326
0.51446
0.516445
0.518292
0.520012
0.52162
0.523127
0.524551
0.52591
0.527156
0.482279
0.486232
0.489061
0.492173
0.495257
0.498269
0.501172
0.503939
0.50655
0.508995
0.511273
0.513386
0.515342
0.517151
0.518828
0.520386
0.521839
0.523204
0.524499
0.525688
)
;

boundaryField
{
    inlet
    {
        type            zeroGradient;
    }
    outlet
    {
        type            fixedValue;
        value           uniform 0;
    }
    cylinder
    {
        type            zeroGradient;
    }
    top
    {
        type            symmetryPlane;
    }
    bottom
    {
        type            symmetryPlane;
    }
    defaultFaces
    {
        type            empty;
    }
}


// ************************************************************************* //
