/*--------------------------------*- C++ -*----------------------------------*\
  =========                 |
  \\      /  F ield         | OpenFOAM: The Open Source CFD Toolbox
   \\    /   O peration     | Website:  https://openfoam.org
    \\  /    A nd           | Version:  7
     \\/     M anipulation  |
\*---------------------------------------------------------------------------*/
FoamFile
{
    version     2.0;
    format      ascii;
    class       volVectorField;
    location    "49.4";
    object      U;
}
// * * * * * * * * * * * * * * * * * * * * * * * * * * * * * * * * * * * * * //

dimensions      [0 1 -1 0 0 0 0];

internalField   nonuniform List<vector> 
2000
(
(-0.00155788 -0.00242091 -9.50095e-22)
(-0.00401267 -0.00138519 0)
(-0.00538815 0.00296327 0)
(-0.00466737 0.00983304 -4.70587e-21)
(-0.00199938 0.0190366 1.49265e-21)
(0.00242492 0.0305783 4.20336e-23)
(0.00837771 0.0444579 -2.57605e-21)
(0.0155714 0.0605772 0)
(0.0235771 0.0786913 0)
(0.0318638 0.0983597 0)
(-0.00157626 -0.00123196 0)
(-0.00407533 -0.000370879 -3.64727e-21)
(-0.00557792 0.00299144 3.36355e-21)
(-0.00521818 0.00848503 6.27669e-21)
(-0.00317977 0.0160629 0)
(0.000355164 0.0258065 5.61216e-21)
(0.00521452 0.0378015 -5.21879e-21)
(0.0112031 0.0520759 0)
(0.0179905 0.068565 9.56265e-21)
(0.0250486 0.0871003 -1.84452e-20)
(-0.00165576 -8.18519e-05 0)
(-0.00383508 0.000555849 2.92477e-20)
(-0.00487563 0.00300303 0)
(-0.0042685 0.00724862 2.55268e-20)
(-0.00228211 0.0133455 0)
(0.000868554 0.0214027 -2.26007e-20)
(0.0050319 0.0315421 0)
(0.0100823 0.043879 2.03332e-20)
(0.015806 0.0585202 -1.90428e-20)
(0.0216569 0.0756023 -1.86479e-20)
(-0.00173995 0.000909854 -7.68885e-21)
(-0.00315906 0.00124291 -1.45744e-20)
(-0.0030896 0.0029029 -6.79394e-21)
(-0.0015687 0.006123 -1.26145e-20)
(0.00101252 0.011014 -1.19263e-20)
(0.00437211 0.0176644 1.1157e-20)
(0.00834539 0.0261757 1.06404e-20)
(0.0128451 0.0366919 -9.55215e-23)
(0.0177853 0.0494521 1.92028e-20)
(0.022616 0.0648802 1.86413e-20)
(-0.0017426 0.0016258 -7.64747e-21)
(-0.00188772 0.00154845 -1.47602e-20)
(-3.24282e-05 0.00259665 -2.76343e-20)
(0.00308326 0.00508642 1.27418e-20)
(0.00692494 0.00914995 0)
(0.0111236 0.0148168 0)
(0.0154777 0.0221172 -2.17459e-20)
(0.0199073 0.0311558 -2.05754e-20)
(0.0244524 0.0422348 1.94325e-20)
(0.0286327 0.0559895 5.63345e-20)
(-0.00154694 0.00196295 7.65364e-21)
(0.000152831 0.00137165 7.48586e-21)
(0.00445964 0.00200644 -4.10099e-20)
(0.00980859 0.00410082 6.44472e-20)
(0.0155221 0.00777138 -1.19963e-20)
(0.0211406 0.0129616 0)
(0.0264204 0.0195972 0)
(0.0312692 0.0276856 1.0251e-19)
(0.035835 0.0375054 -9.70745e-20)
(0.0398419 0.0497883 1.86113e-20)
(-0.00101819 0.00187328 6.00076e-20)
(0.00315106 0.000652084 0)
(0.0105055 0.00108737 5.48244e-20)
(0.0186222 0.00313061 -5.14593e-20)
(0.0266783 0.0068391 0)
(0.0341411 0.012057 2.29756e-20)
(0.0407404 0.0185972 -6.42648e-20)
(0.0463747 0.0263374 -8.18268e-20)
(0.051268 0.0354512 3.83893e-20)
(0.0555073 0.0466535 3.72741e-20)
(-3.04392e-05 0.0013534 -1.19366e-19)
(0.00727429 -0.000605902 -1.4672e-20)
(0.0181718 -0.000141221 -2.71855e-20)
(0.0294151 0.00216754 -6.38571e-20)
(0.0400617 0.0062811 -2.42801e-20)
(0.0495388 0.0119393 -2.26374e-20)
(0.0575826 0.0188554 4.33445e-22)
(0.0641067 0.0267836 0)
(0.0693828 0.0357407 0)
(0.0739806 0.0463343 -1.48892e-22)
(0.00154738 0.000436209 5.93593e-20)
(0.0126482 -0.0023003 -5.76722e-20)
(0.0274364 -0.0015862 4.07829e-20)
(0.0419368 0.00124576 8.95057e-20)
(0.05514 0.00601621 -2.37469e-20)
(0.0664931 0.0123594 2.30814e-20)
(0.0757904 0.0199206 2.14736e-20)
(0.0829929 0.028387 0)
(0.0883761 0.0376487 0)
(0.0929925 0.04816 -6.7743e-22)
(0.00382529 -0.000790197 -7.28753e-21)
(0.0193367 -0.00425412 7.21925e-20)
(0.0381636 -0.00308737 -1.33813e-20)
(0.0557787 0.000438823 0)
(0.0711946 0.00596001 0)
(0.0839794 0.0130058 4.46296e-20)
(0.0940863 0.0211926 0)
(0.101615 0.030234 -3.87965e-20)
(0.106819 0.0400556 -6.25873e-23)
(0.110755 0.0511151 3.45697e-20)
(0.0521317 0.144597 7.38369e-22)
(0.0781324 0.22629 -7.47438e-22)
(0.0830028 0.291387 -8.5524e-22)
(0.0779485 0.349571 -9.39458e-22)
(0.0659486 0.410094 -1.07223e-21)
(0.0564924 0.478537 -1.85322e-23)
(0.039602 0.55841 5.57101e-22)
(0.033456 0.652468 1.84814e-21)
(0.00846183 0.772163 0)
(0.0105186 0.909122 -1.313e-21)
(0.0423664 0.132767 2.7417e-21)
(0.0712955 0.218486 -3.23418e-21)
(0.0795045 0.289489 5.79532e-21)
(0.0758501 0.350639 9.41101e-22)
(0.0644107 0.412328 1.9799e-21)
(0.0551945 0.481212 3.23144e-21)
(0.0386846 0.561417 -1.16461e-21)
(0.03259 0.655798 -1.23378e-21)
(0.00839562 0.775419 2.44474e-21)
(0.0100626 0.911426 1.30987e-21)
(0.0348482 0.119982 0)
(0.0647459 0.208104 -3.08103e-21)
(0.0763837 0.285694 -1.68475e-21)
(0.0742074 0.350418 0)
(0.0632788 0.413557 -6.01898e-21)
(0.0542433 0.483016 1.93152e-21)
(0.0380019 0.563647 2.07871e-21)
(0.0318866 0.658514 6.86602e-21)
(0.00840417 0.778411 -2.43684e-21)
(0.00965657 0.91367 4.84798e-21)
(0.0308178 0.107154 0)
(0.0586846 0.195304 3.10718e-21)
(0.0736125 0.279871 0)
(0.0729786 0.348797 7.30912e-21)
(0.0625376 0.413687 -7.3467e-21)
(0.0536347 0.483795 -4.15005e-21)
(0.0375739 0.564799 -1.6678e-22)
(0.0313886 0.660109 -6.72172e-21)
(0.00851082 0.780412 -1.11571e-21)
(0.00927838 0.915375 -5.98382e-21)
(0.0315841 0.0953066 4.81364e-22)
(0.0535526 0.180612 -8.75445e-21)
(0.0711714 0.271913 3.31829e-22)
(0.0721086 0.345712 -6.70012e-21)
(0.0621549 0.412865 0)
(0.0533143 0.483896 -4.0149e-21)
(0.0373188 0.565477 -1.84869e-22)
(0.0310078 0.661499 8.61844e-21)
(0.00865389 0.782476 1.11404e-21)
(0.00894398 0.917225 -1.118e-21)
(0.038028 0.085428 -2.357e-20)
(0.0501054 0.164985 1.51635e-20)
(0.0690826 0.2618 6.58473e-21)
(0.0715659 0.340955 -6.58133e-21)
(0.062122 0.410705 -3.52677e-21)
(0.0533294 0.482693 0)
(0.0373371 0.564717 -7.95199e-21)
(0.0308464 0.66128 3.94716e-21)
(0.00889602 0.783037 4.18317e-21)
(0.00861961 0.918302 4.24551e-21)
(0.0500679 0.078236 -2.85742e-21)
(0.0493618 0.149668 0)
(0.0674336 0.249655 0)
(0.0712952 0.334794 0)
(0.0623773 0.408009 -3.63955e-21)
(0.0535348 0.481485 7.15519e-21)
(0.0374205 0.56435 7.79838e-21)
(0.0307064 0.661838 -1.18629e-20)
(0.00911805 0.78453 2.04249e-21)
(0.00834846 0.919941 -6.22752e-21)
(0.0664212 0.0738567 1.7612e-20)
(0.0523029 0.135937 1.26229e-20)
(0.0665005 0.235758 -1.25101e-20)
(0.0713281 0.326252 1.33688e-20)
(0.0629537 0.4029 -1.65911e-20)
(0.0541664 0.477809 0)
(0.0378998 0.561229 -3.615e-21)
(0.0308669 0.659394 1.35675e-22)
(0.00947812 0.783397 -3.79191e-21)
(0.00806004 0.920349 -3.85562e-21)
(0.0847421 0.0714256 -1.48467e-20)
(0.0593788 0.124085 0)
(0.066498 0.221406 -1.4337e-20)
(0.0716054 0.318133 2.57488e-20)
(0.0636696 0.399518 -9.58629e-21)
(0.0546786 0.476615 -1.69305e-21)
(0.0381599 0.561115 3.60741e-21)
(0.0308561 0.660259 3.03397e-23)
(0.00971688 0.785076 5.53394e-21)
(0.00784968 0.922063 5.63683e-21)
(0.101787 0.0699227 -1.22577e-20)
(0.0703479 0.112765 1.20029e-20)
(0.0684583 0.20229 1.56739e-21)
(0.0722431 0.302161 0)
(0.064893 0.388359 0)
(0.0561676 0.468208 1.62675e-21)
(0.039269 0.553845 6.61196e-21)
(0.0314059 0.654305 -6.41983e-21)
(0.0102165 0.781544 -1.6447e-21)
(0.00757364 0.921681 1.59467e-21)
(0.122116 0.080129 0)
(0.0920075 0.115499 0)
(0.0776617 0.192683 0)
(0.0761635 0.297358 0)
(0.0666349 0.391391 0)
(0.0563379 0.475382 0)
(0.0393672 0.562215 0)
(0.0311827 0.663093 0)
(0.0105903 0.789042 0)
(0.00724677 0.926967 0)
(0.12861 0.102472 0)
(0.10878 0.145683 0)
(0.0888881 0.209588 0)
(0.0815585 0.305737 0)
(0.0705593 0.4015 0)
(0.0578109 0.48674 0)
(0.0391508 0.573061 0)
(0.0292956 0.674647 0)
(0.0099081 0.800724 0)
(0.00647528 0.934776 0)
(0.123299 0.110488 0)
(0.11219 0.164151 0)
(0.0937577 0.227623 0)
(0.0825612 0.319605 0)
(0.070619 0.416798 0)
(0.0580118 0.504068 0)
(0.0404219 0.590156 0)
(0.0302313 0.689292 0)
(0.0111026 0.812456 0)
(0.00642596 0.942847 0)
(0.110418 0.11387 0)
(0.105387 0.175276 0)
(0.0922401 0.241876 0)
(0.0814814 0.332482 0)
(0.0690446 0.430021 0)
(0.0551072 0.517271 0)
(0.0370629 0.602869 0)
(0.0269625 0.702861 0)
(0.00992343 0.825594 0)
(0.00568176 0.951477 0)
(0.0932265 0.115007 0)
(0.0914206 0.18202 0)
(0.0826253 0.252752 0)
(0.0742224 0.344356 0)
(0.0644687 0.444496 0)
(0.0536043 0.534451 0)
(0.0376346 0.619126 0)
(0.0272021 0.715666 0)
(0.0102974 0.835808 0)
(0.00545931 0.958782 0)
(0.0732096 0.114623 0)
(0.0740158 0.185139 0)
(0.0701035 0.260589 0)
(0.0644716 0.353654 0)
(0.0553299 0.453975 0)
(0.0446356 0.544486 0)
(0.0307658 0.63058 0)
(0.0227117 0.729003 0)
(0.00867938 0.848485 0)
(0.00467568 0.96709 0)
(0.0525071 0.112728 0)
(0.0536076 0.184059 0)
(0.052986 0.262594 0)
(0.0525902 0.359177 0)
(0.0492886 0.464185 0)
(0.042573 0.557958 0)
(0.0299065 0.64278 0)
(0.021434 0.738007 0)
(0.00805149 0.855846 0)
(0.00427509 0.972396 0)
(0.0337132 0.111345 0)
(0.0350131 0.184681 0)
(0.0351395 0.265119 0)
(0.0352388 0.361069 0)
(0.0336377 0.465476 0)
(0.0303054 0.56188 0)
(0.0223839 0.651138 0)
(0.017071 0.749455 0)
(0.00634355 0.866869 0)
(0.00346835 0.979427 0)
(0.0163003 0.106569 0)
(0.0179199 0.178825 0)
(0.0217581 0.261117 0)
(0.0267662 0.361575 0)
(0.0297225 0.471469 0)
(0.0284431 0.569977 0)
(0.0207836 0.65749 0)
(0.015482 0.753668 0)
(0.00557648 0.870484 0)
(0.00314634 0.981985 0)
(0.000413152 0.109219 0)
(-0.00263884 0.17956 0)
(-0.00165471 0.255711 0)
(0.00419774 0.350551 0)
(0.0122143 0.46079 0)
(0.0176715 0.567374 0)
(0.0153343 0.663123 0)
(0.0122651 0.763332 0)
(0.00434512 0.879903 0)
(0.0024996 0.987661 0)
(0.140446 0.0622028 9.12888e-21)
(0.139282 0.0702703 -9.00389e-21)
(0.129681 0.0713991 6.64391e-22)
(0.113989 0.0708222 0)
(0.0945423 0.0692364 0)
(0.0725492 0.0677943 -1.00084e-23)
(0.0505604 0.0658728 5.57246e-22)
(0.0309741 0.0643557 -5.48579e-22)
(0.014331 0.06102 -1.03678e-22)
(0.000982162 0.062935 1.01977e-22)
(0.142638 0.0541642 -1.25008e-20)
(0.136419 0.0573099 0)
(0.125274 0.0553889 3.32962e-21)
(0.109327 0.0529891 -5.9875e-21)
(0.0904171 0.0500563 2.31945e-21)
(0.0692966 0.0479152 9.83724e-24)
(0.0483315 0.0457578 -2.35374e-22)
(0.0295467 0.0441516 -5.96871e-22)
(0.0137647 0.0412954 -7.64247e-23)
(0.00121735 0.0426181 -2.08135e-23)
(0.142969 0.0451357 1.38075e-20)
(0.13412 0.0442054 -5.6198e-21)
(0.122238 0.0397722 5.56503e-21)
(0.105968 0.0356246 -1.85488e-21)
(0.0872501 0.0311711 1.56001e-21)
(0.0666403 0.0280431 0)
(0.0464172 0.0253163 2.35912e-22)
(0.0283204 0.0234611 1.1289e-23)
(0.0133191 0.0209463 2.69548e-22)
(0.00146251 0.0216174 1.20593e-22)
(0.141792 0.0343489 -2.05548e-21)
(0.130924 0.0298554 0)
(0.118731 0.0233215 0)
(0.102462 0.0177424 0)
(0.0841959 0.0119667 4.17173e-22)
(0.0642353 0.00796553 -1.83926e-22)
(0.0447482 0.00462813 3.85721e-23)
(0.0272812 0.00246395 3.19742e-22)
(0.0129314 0.000119384 9.16931e-23)
(0.001696 0.000107214 1.96857e-23)
(0.139276 0.0220649 -1.71829e-21)
(0.127057 0.0145492 -5.2444e-21)
(0.11486 0.00615665 -1.58773e-21)
(0.098749 -0.000624994 1.58645e-21)
(0.0810604 -0.00756706 -2.31136e-22)
(0.0618471 -0.0122931 0)
(0.0431249 -0.0162053 2.21972e-22)
(0.0263248 -0.0186986 -5.39613e-22)
(0.0125517 -0.0210305 2.56333e-22)
(0.00180996 -0.0216873 -1.12252e-22)
(0.135667 0.00861581 -1.43185e-20)
(0.122682 -0.0013469 2.60857e-21)
(0.110723 -0.011447 8.27827e-22)
(0.0949257 -0.0192417 1.53202e-21)
(0.0778862 -0.0272401 0)
(0.059464 -0.032569 0)
(0.0415135 -0.0370282 0)
(0.0253959 -0.0398681 -2.41923e-22)
(0.0121282 -0.0423164 0)
(0.00190487 -0.0435056 0)
(0.131135 -0.00567264 0)
(0.117888 -0.0174819 3.62447e-21)
(0.106361 -0.0291971 -2.29554e-21)
(0.0909973 -0.0378247 -7.98453e-22)
(0.0746814 -0.0467998 8.02517e-22)
(0.0570771 -0.0526551 -9.07233e-23)
(0.0399088 -0.0576502 4.569e-23)
(0.0244532 -0.0608496 7.67296e-22)
(0.0116336 -0.063495 -7.1617e-23)
(0.00190618 -0.0650673 5.1227e-23)
(0.125827 -0.0204938 0)
(0.112726 -0.0335312 -1.32907e-21)
(0.1018 -0.0468046 -4.73095e-22)
(0.0869619 -0.0560949 0)
(0.0714512 -0.0659885 -1.50597e-25)
(0.0546758 -0.0723222 -1.55026e-22)
(0.038272 -0.0778501 -2.38648e-22)
(0.0234545 -0.0814165 -1.31354e-22)
(0.0110541 -0.0842872 8.50858e-23)
(0.00182637 -0.0860704 -8.89129e-23)
(0.119814 -0.0355598 1.88388e-21)
(0.107263 -0.0492099 1.13079e-21)
(0.0970527 -0.0640073 -4.28389e-22)
(0.0828301 -0.0737992 1.51681e-22)
(0.0681714 -0.0845555 1.37561e-22)
(0.0522373 -0.0913413 3.39664e-23)
(0.0365719 -0.0973915 2.08635e-23)
(0.022376 -0.10132 3.87203e-23)
(0.0103923 -0.104392 -8.53639e-23)
(0.00168478 -0.106216 -1.66692e-23)
(0.113202 -0.0505781 -3.77313e-22)
(0.101556 -0.0643008 3.80839e-22)
(0.0921358 -0.0805685 -2.40051e-22)
(0.0786144 -0.0907249 -1.51445e-22)
(0.064828 -0.102275 5.21325e-23)
(0.0497472 -0.109501 -7.01787e-23)
(0.0347942 -0.116038 -3.34333e-23)
(0.0212154 -0.120307 -2.60821e-23)
(0.00966535 -0.12351 0)
(0.00150382 -0.125233 1.67001e-23)
(0.106268 -0.0652986 3.85007e-22)
(0.0957202 -0.078648 -3.88295e-22)
(0.0871351 -0.0962999 -2.57281e-22)
(0.0743848 -0.106713 -1.70776e-22)
(0.0614429 -0.118954 -6.303e-23)
(0.0472176 -0.126618 2.39606e-23)
(0.0329451 -0.133571 7.68654e-24)
(0.0199886 -0.13814 -2.8858e-23)
(0.00889991 -0.14138 0)
(0.00130486 -0.142902 1.0616e-23)
(0.0993137 -0.0795585 0)
(0.0899431 -0.092154 -1.22237e-21)
(0.0821756 -0.11105 2.02839e-21)
(0.0702412 -0.121654 1.71021e-22)
(0.0580639 -0.134437 2.2215e-22)
(0.0446814 -0.142548 1.43266e-22)
(0.0310503 -0.149806 6.00594e-26)
(0.0187249 -0.154629 2.10191e-23)
(0.00812615 -0.157802 -3.45008e-23)
(0.00110396 -0.159079 -1.05883e-23)
(0.0925183 -0.0932553 0)
(0.0843411 -0.104789 -1.47714e-21)
(0.0773221 -0.124703 -5.40431e-22)
(0.0662427 -0.135495 0)
(0.054731 -0.148611 -5.72831e-22)
(0.0421721 -0.157195 2.49134e-22)
(0.0291475 -0.164614 7.98403e-23)
(0.0174595 -0.169652 3.52895e-25)
(0.00737362 -0.172661 3.43882e-23)
(0.000913193 -0.173696 -1.86935e-23)
(0.085981 -0.106319 0)
(0.0789742 -0.116604 1.4893e-21)
(0.0725986 -0.137187 0)
(0.0624159 -0.148248 1.33727e-21)
(0.0514767 -0.161426 -1.34426e-21)
(0.0397189 -0.170525 -1.97498e-22)
(0.0272786 -0.177942 1.09178e-22)
(0.0162264 -0.183167 -2.37023e-23)
(0.0066673 -0.185932 -2.73075e-25)
(0.000740801 -0.186768 2.38771e-23)
(0.0797828 -0.118701 1.60024e-20)
(0.0739065 -0.127734 -5.99816e-21)
(0.0680395 -0.148477 -7.14757e-22)
(0.0587872 -0.159984 -2.11304e-21)
(0.0483425 -0.172898 0)
(0.0373506 -0.182567 -2.46532e-22)
(0.0254849 -0.189811 1.45385e-22)
(0.0150533 -0.195213 1.3004e-22)
(0.00602512 -0.197675 -8.13491e-25)
(0.000589628 -0.198377 8.1169e-25)
(0.0739782 -0.130343 1.63283e-21)
(0.0692173 -0.138386 9.19951e-21)
(0.0637096 -0.158596 2.25067e-21)
(0.0553911 -0.170816 -2.24942e-21)
(0.045383 -0.18311 -6.68509e-22)
(0.0350971 -0.193402 0)
(0.0238038 -0.200317 -3.66972e-22)
(0.0139605 -0.205896 1.91186e-22)
(0.00545842 -0.208018 5.13678e-23)
(0.000458482 -0.208661 1.19057e-23)
(0.0686645 -0.141141 -2.27806e-21)
(0.0650544 -0.148822 0)
(0.0597394 -0.167615 0)
(0.0522874 -0.180876 0)
(0.0426726 -0.192199 -4.71635e-22)
(0.0329939 -0.203153 1.1391e-21)
(0.0222684 -0.209609 4.06117e-22)
(0.0129621 -0.215372 -4.15362e-22)
(0.0049732 -0.217138 1.50001e-23)
(0.000344048 -0.217798 -2.66209e-23)
(0.0638469 -0.150917 -5.44738e-21)
(0.0614478 -0.159305 6.71155e-21)
(0.0561676 -0.175653 -6.64878e-21)
(0.0494528 -0.190288 3.7179e-21)
(0.0402334 -0.200347 -4.47789e-21)
(0.0310442 -0.211964 0)
(0.0208898 -0.217869 -3.10976e-22)
(0.0120609 -0.223822 -3.38267e-23)
(0.00456869 -0.225235 -7.6731e-23)
(0.000240678 -0.225986 -2.821e-23)
(0.0586111 -0.1593 -2.49447e-21)
(0.0575839 -0.170043 0)
(0.052499 -0.182897 -6.34452e-21)
(0.0464778 -0.199178 9.4917e-21)
(0.037837 -0.207776 -3.17799e-21)
(0.0291087 -0.220007 -2.87484e-22)
(0.0196015 -0.225301 3.10269e-22)
(0.0112257 -0.231438 3.08316e-23)
(0.00422777 -0.232517 1.79879e-22)
(0.000141845 -0.233432 5.70074e-23)
(0.0533157 -0.165488 -1.01508e-20)
(0.0534223 -0.1812 9.89731e-21)
(0.048982 -0.189702 8.50672e-22)
(0.0434465 -0.207729 0)
(0.0355175 -0.214789 0)
(0.0272049 -0.227514 2.9685e-22)
(0.0183853 -0.232147 6.06493e-22)
(0.0104417 -0.238423 -5.947e-22)
(0.00392773 -0.239185 -3.72713e-23)
(6.56855e-05 -0.240339 3.63945e-23)
(0.0579888 -0.173134 0)
(0.0543705 -0.207423 0)
(0.0493115 -0.205379 0)
(0.0421406 -0.227439 0)
(0.0338595 -0.231191 0)
(0.024932 -0.244866 0)
(0.0165806 -0.247842 0)
(0.00905164 -0.254249 0)
(0.00342201 -0.25415 0)
(6.97486e-05 -0.255877 0)
(0.04248 -0.218602 0)
(0.03626 -0.250237 0)
(0.0340403 -0.243889 0)
(0.0278992 -0.26345 0)
(0.0231195 -0.263181 0)
(0.0167472 -0.275121 0)
(0.0114719 -0.275131 0)
(0.00625698 -0.280693 0)
(0.00257274 -0.279074 0)
(0.000143068 -0.281137 0)
(0.0385621 -0.26286 0)
(0.031047 -0.293204 0)
(0.0280186 -0.283159 0)
(0.0217285 -0.301887 0)
(0.0177625 -0.2981 0)
(0.0123824 -0.309337 0)
(0.0086132 -0.306801 0)
(0.00464961 -0.312145 0)
(0.00210859 -0.309182 0)
(0.000137641 -0.311717 0)
(0.0329698 -0.312483 0)
(0.0253274 -0.342206 0)
(0.0226841 -0.328801 0)
(0.0168354 -0.347368 0)
(0.0138977 -0.340425 0)
(0.00938443 -0.351717 0)
(0.00681325 -0.346949 0)
(0.0036727 -0.352619 0)
(0.00188716 -0.348342 0)
(0.000122511 -0.351575 0)
(0.0282057 -0.371154 0)
(0.0211414 -0.40046 0)
(0.0185163 -0.384835 0)
(0.0133105 -0.40362 0)
(0.0110914 -0.394349 0)
(0.00729437 -0.406184 0)
(0.00555417 -0.399646 0)
(0.00293637 -0.406028 0)
(0.00168513 -0.400593 0)
(7.26054e-05 -0.404777 0)
(0.0239625 -0.441325 0)
(0.0174815 -0.4687 0)
(0.0150802 -0.453381 0)
(0.0105106 -0.471677 0)
(0.00885004 -0.461766 0)
(0.00559062 -0.473799 0)
(0.00439197 -0.466482 0)
(0.00211109 -0.473458 0)
(0.00129874 -0.467447 0)
(-6.0519e-05 -0.472512 0)
(0.0189174 -0.519037 0)
(0.0137798 -0.541643 0)
(0.0117132 -0.530172 0)
(0.00802652 -0.545969 0)
(0.00665665 -0.537808 0)
(0.0039486 -0.548549 0)
(0.00300606 -0.542031 0)
(0.00108378 -0.548604 0)
(0.000651536 -0.543104 0)
(-0.000230329 -0.548318 0)
(0.0145226 -0.591846 0)
(0.0103392 -0.60807 0)
(0.00851672 -0.602291 0)
(0.00550996 -0.613456 0)
(0.00444945 -0.608761 0)
(0.00227354 -0.616411 0)
(0.00157671 -0.612061 0)
(6.84423e-05 -0.61676 0)
(2.34343e-05 -0.612836 0)
(-0.000338402 -0.616842 0)
(0.00873725 -0.645659 0)
(0.00591428 -0.654342 0)
(0.00490024 -0.654477 0)
(0.00306499 -0.660847 0)
(0.00247264 -0.66003 0)
(0.0010522 -0.663931 0)
(0.000610546 -0.662103 0)
(-0.000354788 -0.664199 0)
(-0.000225102 -0.662187 0)
(-0.000283229 -0.66414 0)
(0.0023025 -0.672006 0)
(0.00154311 -0.678885 0)
(0.00140633 -0.681588 0)
(0.00096635 -0.685474 0)
(0.00078695 -0.686178 0)
(0.000334503 -0.688142 0)
(0.000150279 -0.687501 0)
(-0.000160924 -0.68827 0)
(-0.000114421 -0.687268 0)
(-9.66262e-05 -0.688082 0)
(0.0521497 -0.186188 1.22347e-20)
(0.0418206 -0.232254 -1.20071e-20)
(0.0397769 -0.277865 1.51812e-21)
(0.0345165 -0.329129 0)
(0.0304172 -0.38831 0)
(0.0261452 -0.456931 1.63274e-21)
(0.02127 -0.53035 -6.86433e-21)
(0.0160753 -0.59627 6.7978e-21)
(0.0100389 -0.645516 1.80961e-21)
(0.00323832 -0.668418 -1.78371e-21)
(0.0505303 -0.192757 -1.45935e-20)
(0.0421159 -0.237969 0)
(0.0404249 -0.283227 1.00436e-20)
(0.0352929 -0.334517 -2.28913e-20)
(0.031437 -0.393541 1.44546e-20)
(0.0271361 -0.461435 -1.48108e-21)
(0.0223022 -0.533211 3.22623e-21)
(0.0167906 -0.597412 6.7021e-21)
(0.0106185 -0.644493 1.8354e-21)
(0.00362617 -0.66718 1.81259e-21)
(0.0494899 -0.199694 1.71782e-20)
(0.0430511 -0.244546 -1.13991e-20)
(0.0414589 -0.289003 1.1291e-20)
(0.0364268 -0.339707 -1.19565e-20)
(0.0327275 -0.398189 8.88441e-21)
(0.028329 -0.465087 0)
(0.0233782 -0.535139 -3.23424e-21)
(0.0175692 -0.597849 1.53194e-22)
(0.0111208 -0.642891 -3.47038e-21)
(0.00384588 -0.665753 -3.55522e-21)
(0.0490343 -0.205516 -2.77766e-21)
(0.0444388 -0.250479 0)
(0.0428583 -0.294444 0)
(0.0379423 -0.34464 0)
(0.0343121 -0.402611 9.63019e-21)
(0.029755 -0.468504 -6.41525e-21)
(0.0245727 -0.536892 -1.80015e-23)
(0.0184399 -0.597917 -3.732e-21)
(0.0115999 -0.641266 -1.89976e-21)
(0.00396438 -0.663776 -2.01397e-21)
(0.0493016 -0.210566 -2.85753e-23)
(0.0462099 -0.255325 -8.38056e-21)
(0.044558 -0.298916 -5.99675e-21)
(0.0397773 -0.348822 5.99305e-21)
(0.0361446 -0.406443 -3.1721e-21)
(0.0313914 -0.471477 0)
(0.0259311 -0.538394 -3.55631e-21)
(0.0194334 -0.597706 7.63662e-21)
(0.0121418 -0.639633 -3.89583e-21)
(0.00408228 -0.661377 3.96007e-21)
(0.0503687 -0.215114 -2.26714e-20)
(0.0484077 -0.259264 2.66114e-21)
(0.0465746 -0.302335 -2.48655e-22)
(0.0419029 -0.351998 6.14877e-21)
(0.038192 -0.409345 0)
(0.0332124 -0.473653 0)
(0.0274568 -0.539322 0)
(0.0205618 -0.597112 4.08002e-21)
(0.0127936 -0.637833 0)
(0.0042534 -0.65875 0)
(0.0522385 -0.219018 0)
(0.0510678 -0.262371 8.94757e-21)
(0.0489646 -0.304788 -6.01029e-21)
(0.044337 -0.354156 -6.68051e-21)
(0.040463 -0.411216 6.71533e-21)
(0.0352192 -0.474867 3.80443e-21)
(0.0291441 -0.53948 -3.79856e-21)
(0.0218225 -0.596016 -1.45664e-20)
(0.0135581 -0.635742 1.03901e-21)
(0.00448468 -0.655986 -3.4827e-21)
(0.054901 -0.222045 0)
(0.0541937 -0.264544 -2.94384e-21)
(0.051768 -0.30627 -1.6e-21)
(0.047105 -0.355323 0)
(0.0429863 -0.412069 1.87051e-21)
(0.0374347 -0.475114 -5.68158e-21)
(0.0310009 -0.538829 6.13832e-21)
(0.0232166 -0.594361 2.15316e-21)
(0.0144246 -0.633306 -2.33788e-21)
(0.00476643 -0.65308 4.62627e-21)
(0.0583564 -0.224031 2.8556e-21)
(0.057781 -0.265675 3.13091e-21)
(0.0550027 -0.306705 -7.3972e-22)
(0.0502192 -0.355476 8.80959e-22)
(0.0457873 -0.411916 1.82375e-21)
(0.0398842 -0.474436 2.97597e-21)
(0.0330419 -0.537415 -1.09331e-21)
(0.0247474 -0.592168 -1.16423e-21)
(0.0153805 -0.630531 2.3456e-21)
(0.00508746 -0.649999 1.26175e-21)
(0.0626072 -0.224863 -7.55619e-22)
(0.0618314 -0.265716 7.61688e-22)
(0.0586793 -0.306019 -8.21637e-22)
(0.0536818 -0.35458 -8.79874e-22)
(0.0488814 -0.410735 9.97127e-22)
(0.042585 -0.472845 -2.02459e-21)
(0.0352868 -0.535257 1.66766e-21)
(0.0264303 -0.589445 5.86534e-22)
(0.0164311 -0.627419 0)
(0.00544848 -0.646712 -1.26454e-21)
(0.0676512 -0.224439 7.74346e-22)
(0.0663474 -0.264681 -7.80919e-22)
(0.062808 -0.304173 -8.77218e-22)
(0.0574921 -0.352619 -9.43978e-22)
(0.0522814 -0.408506 -1.0363e-21)
(0.0455467 -0.470361 -5.56486e-23)
(0.0377435 -0.532397 5.88058e-22)
(0.0282664 -0.58624 1.86743e-21)
(0.0175715 -0.624001 0)
(0.00584547 -0.643215 -1.37108e-21)
(0.0734791 -0.222718 0)
(0.0713237 -0.262606 -3.42406e-21)
(0.0673993 -0.30117 6.14742e-21)
(0.061648 -0.349609 9.45629e-22)
(0.0559953 -0.405226 2.12004e-21)
(0.0487764 -0.466958 3.39057e-21)
(0.0404329 -0.528789 -1.18533e-21)
(0.0302803 -0.582507 -1.26333e-21)
(0.0188246 -0.620242 2.76114e-21)
(0.00629005 -0.639489 1.36786e-21)
(0.0800771 -0.21977 0)
(0.0767513 -0.259515 -3.44614e-21)
(0.0724557 -0.297096 -1.82419e-21)
(0.0661467 -0.34557 0)
(0.0600391 -0.400938 -6.60404e-21)
(0.0522771 -0.462688 2.22095e-21)
(0.043344 -0.524522 2.53763e-21)
(0.0324504 -0.578334 8.06387e-21)
(0.0201658 -0.616191 -2.75219e-21)
(0.00676663 -0.635545 5.89811e-21)
(0.087429 -0.215731 0)
(0.0826192 -0.255398 3.47571e-21)
(0.0779764 -0.292043 0)
(0.0709928 -0.340539 8.6096e-21)
(0.0644104 -0.39569 -8.65374e-21)
(0.056063 -0.457467 -5.01817e-21)
(0.0465127 -0.51946 -7.40123e-23)
(0.0348288 -0.573573 -8.27186e-21)
(0.0216472 -0.611745 -1.37956e-21)
(0.0073021 -0.631308 -7.33624e-21)
(0.0955162 -0.210785 2.689e-20)
(0.0889187 -0.25026 -1.01861e-20)
(0.0839219 -0.286256 6.37862e-22)
(0.0761899 -0.33451 -8.29955e-21)
(0.069138 -0.389541 0)
(0.0601319 -0.451439 -5.21428e-21)
(0.0498862 -0.51384 -3.4392e-22)
(0.0373479 -0.568444 1.12254e-20)
(0.0232054 -0.607047 1.51804e-21)
(0.00785942 -0.626884 -1.5237e-21)
(0.104303 -0.205131 -1.42761e-21)
(0.0956341 -0.244049 1.83606e-20)
(0.0903114 -0.279601 8.61036e-21)
(0.0817966 -0.327312 -8.60457e-21)
(0.0742128 -0.382332 -4.91857e-21)
(0.0645373 -0.444373 0)
(0.0535656 -0.507272 -1.14798e-20)
(0.0401367 -0.562587 5.75546e-21)
(0.0249506 -0.601878 6.06829e-21)
(0.00849486 -0.622133 6.45734e-21)
(0.113728 -0.199094 -3.68508e-21)
(0.10281 -0.236758 0)
(0.097075 -0.272248 0)
(0.0877509 -0.319556 0)
(0.0795521 -0.374701 -5.50867e-21)
(0.0691546 -0.437098 1.04097e-20)
(0.0573667 -0.500655 1.16731e-20)
(0.0429711 -0.556721 -1.82219e-20)
(0.0266917 -0.596639 3.22427e-21)
(0.00910147 -0.61728 -9.59025e-21)
(0.12369 -0.192486 -6.44308e-21)
(0.110539 -0.228187 1.72009e-20)
(0.104163 -0.263893 -1.70369e-20)
(0.0941396 -0.310586 2.01246e-20)
(0.0853307 -0.365555 -2.52162e-20)
(0.0742608 -0.428128 0)
(0.0616741 -0.492421 -6.08554e-21)
(0.046275 -0.549638 -2.25022e-22)
(0.0287726 -0.590668 -6.67707e-21)
(0.00986104 -0.611913 -6.78125e-21)
(0.133767 -0.186325 -3.92939e-21)
(0.118558 -0.220107 0)
(0.111241 -0.256393 -2.17494e-20)
(0.100563 -0.302764 4.00443e-20)
(0.0910573 -0.35792 -1.52993e-20)
(0.0792189 -0.420906 -2.92847e-21)
(0.0657268 -0.485819 6.07259e-21)
(0.0492772 -0.543643 -2.65927e-22)
(0.0305989 -0.585143 9.76993e-21)
(0.0104502 -0.606693 1.0035e-20)
(0.144506 -0.177329 -1.70473e-20)
(0.128249 -0.20838 1.66668e-20)
(0.119558 -0.244845 2.34649e-21)
(0.108257 -0.290404 0)
(0.0980247 -0.345328 0)
(0.0854774 -0.408727 2.83749e-21)
(0.0710764 -0.475032 1.25883e-20)
(0.0534399 -0.534854 -1.22836e-20)
(0.0332591 -0.578133 -3.30699e-21)
(0.0114456 -0.600471 3.24944e-21)
(0.155632 -0.17897 0)
(0.148774 -0.204036 0)
(0.135565 -0.242096 0)
(0.122687 -0.286651 0)
(0.110878 -0.340529 0)
(0.0964836 -0.402065 0)
(0.0799644 -0.466073 0)
(0.0599441 -0.523595 0)
(0.0371342 -0.565433 0)
(0.0123619 -0.587569 0)
(0.178556 -0.161883 0)
(0.184267 -0.191543 0)
(0.163242 -0.233132 0)
(0.15081 -0.276772 0)
(0.136218 -0.329929 0)
(0.118665 -0.388999 0)
(0.0983801 -0.449137 0)
(0.0738797 -0.502031 0)
(0.0460993 -0.539422 0)
(0.0162333 -0.557805 0)
(0.210924 -0.144616 0)
(0.221953 -0.175063 0)
(0.192935 -0.216194 0)
(0.182886 -0.258033 0)
(0.163903 -0.310052 0)
(0.142668 -0.365704 0)
(0.117711 -0.42187 0)
(0.0879071 -0.471337 0)
(0.054246 -0.507227 0)
(0.017732 -0.526832 0)
(0.252341 -0.132599 0)
(0.264967 -0.161639 0)
(0.22943 -0.201602 0)
(0.222754 -0.242235 0)
(0.197269 -0.29276 0)
(0.172418 -0.343684 0)
(0.141796 -0.395039 0)
(0.105768 -0.438914 0)
(0.0657223 -0.46926 0)
(0.0233561 -0.483242 0)
(0.302116 -0.117228 0)
(0.313055 -0.143981 0)
(0.272547 -0.181202 0)
(0.267097 -0.218696 0)
(0.231698 -0.264266 0)
(0.202912 -0.308314 0)
(0.16447 -0.354402 0)
(0.121513 -0.393622 0)
(0.0740823 -0.422877 0)
(0.0232554 -0.440532 0)
(0.362927 -0.107716 0)
(0.369861 -0.131674 0)
(0.325858 -0.165919 0)
(0.318152 -0.198729 0)
(0.271995 -0.238647 0)
(0.240894 -0.276635 0)
(0.193139 -0.31761 0)
(0.142766 -0.349774 0)
(0.0879579 -0.372424 0)
(0.0325401 -0.380496 0)
(0.428363 -0.087157 0)
(0.426872 -0.106464 0)
(0.380108 -0.135093 0)
(0.365434 -0.16082 0)
(0.309281 -0.193652 0)
(0.274694 -0.224106 0)
(0.212391 -0.256993 0)
(0.155025 -0.282532 0)
(0.0910226 -0.30695 0)
(0.0244691 -0.327475 0)
(0.500099 -0.0743931 0)
(0.488447 -0.0888154 0)
(0.442807 -0.11196 0)
(0.417981 -0.131031 0)
(0.357979 -0.157619 0)
(0.316271 -0.180304 0)
(0.242606 -0.206524 0)
(0.181524 -0.228353 0)
(0.109598 -0.250006 0)
(0.0486723 -0.250004 0)
(0.552669 -0.0399033 0)
(0.532161 -0.0471922 0)
(0.479763 -0.0612227 0)
(0.443678 -0.0709355 0)
(0.375447 -0.0869338 0)
(0.321674 -0.0978581 0)
(0.234749 -0.113521 0)
(0.164319 -0.125946 0)
(0.0752053 -0.149314 0)
(-0.0141031 -0.196048 0)
(0.751323 -0.0199969 0)
(0.725897 -0.0237076 0)
(0.680463 -0.0293575 0)
(0.639205 -0.0343981 0)
(0.577191 -0.0419521 0)
(0.517365 -0.0490082 0)
(0.433894 -0.0600491 0)
(0.348735 -0.0739179 0)
(0.234791 -0.102231 0)
(0.161678 -0.157688 0)
(0.185313 -0.157306 1.82128e-20)
(0.211643 -0.13808 -1.79345e-20)
(0.244986 -0.121982 2.67894e-21)
(0.285597 -0.111048 0)
(0.334494 -0.0976989 0)
(0.392534 -0.0894204 3.60063e-21)
(0.455728 -0.0716647 -1.65216e-20)
(0.523029 -0.0616817 1.63587e-20)
(0.579465 -0.0319881 4.58221e-21)
(0.772261 -0.0170089 -4.60771e-21)
(0.193867 -0.148168 -1.84558e-20)
(0.219468 -0.128238 0)
(0.252709 -0.112971 1.8422e-20)
(0.293385 -0.102537 -4.36123e-20)
(0.342415 -0.0899819 2.87006e-20)
(0.400264 -0.082194 -3.30366e-21)
(0.463307 -0.0654944 7.09455e-21)
(0.529923 -0.056602 1.55288e-20)
(0.588758 -0.0288224 4.24555e-21)
(0.779923 -0.0157422 4.13755e-21)
(0.201339 -0.137797 2.15391e-20)
(0.225653 -0.117939 -1.85067e-20)
(0.258125 -0.10383 1.83321e-20)
(0.298495 -0.0939961 -2.28524e-20)
(0.347474 -0.0823219 1.6703e-20)
(0.405308 -0.0751335 0)
(0.468407 -0.0595839 -7.11197e-21)
(0.534973 -0.0518985 -7.12825e-23)
(0.596412 -0.0259933 -8.04241e-21)
(0.786605 -0.0145498 -8.30326e-21)
(0.209224 -0.126676 -3.64266e-21)
(0.233013 -0.107367 0)
(0.264723 -0.094528 0)
(0.304625 -0.0853653 0)
(0.353351 -0.0746641 1.83418e-20)
(0.41094 -0.0681918 -1.24001e-20)
(0.473914 -0.0538896 -3.36393e-22)
(0.540252 -0.0474817 -7.91868e-21)
(0.603699 -0.0234515 -4.05243e-21)
(0.792953 -0.0134462 -4.10785e-21)
(0.216579 -0.11514 2.22798e-21)
(0.240267 -0.0967398 -1.13083e-20)
(0.271292 -0.0851756 -9.98766e-21)
(0.311011 -0.0767397 9.98163e-21)
(0.359604 -0.0670602 -5.85969e-21)
(0.417016 -0.0613842 0)
(0.479856 -0.0483715 -7.04316e-21)
(0.545869 -0.043242 1.53663e-20)
(0.610866 -0.0210932 -7.74212e-21)
(0.799061 -0.012413 8.23937e-21)
(0.223096 -0.10326 -2.80081e-20)
(0.246579 -0.0860968 2.36773e-21)
(0.27683 -0.0758216 -1.08078e-21)
(0.316519 -0.0682212 9.85808e-21)
(0.365113 -0.0595901 0)
(0.422542 -0.0547704 0)
(0.485379 -0.0430447 0)
(0.551211 -0.0391502 7.45561e-21)
(0.617622 -0.0188646 0)
(0.804769 -0.0114325 0)
(0.228781 -0.0910494 0)
(0.251808 -0.0754045 1.26406e-20)
(0.281314 -0.0664455 -8.6486e-21)
(0.3209 -0.0598101 -1.08404e-20)
(0.36946 -0.0522686 1.08969e-20)
(0.42699 -0.0483679 6.57254e-21)
(0.489943 -0.0379224 -6.31489e-21)
(0.555791 -0.0352203 -2.5853e-20)
(0.623631 -0.0167564 1.83778e-21)
(0.809896 -0.0105013 -6.03565e-21)
(0.233554 -0.0785268 0)
(0.255964 -0.0646428 -4.00351e-21)
(0.284847 -0.0570357 -2.26909e-21)
(0.324239 -0.0514579 0)
(0.372687 -0.045053 3.11888e-21)
(0.43035 -0.0421489 -9.12402e-21)
(0.493373 -0.0329816 1.03847e-20)
(0.559494 -0.031445 3.85912e-21)
(0.628714 -0.014767 -3.85572e-21)
(0.814362 -0.00961726 8.07377e-21)
(0.237271 -0.065706 3.05032e-21)
(0.259021 -0.0537985 4.22082e-21)
(0.287383 -0.0475879 -8.67622e-22)
(0.326538 -0.0431351 1.26992e-21)
(0.374891 -0.0379122 2.82935e-21)
(0.432682 -0.0360461 4.68556e-21)
(0.495745 -0.0281932 -1.69414e-21)
(0.562362 -0.0278144 -1.83002e-21)
(0.632822 -0.0128734 3.86845e-21)
(0.818158 -0.0087891 1.98861e-21)
(0.239772 -0.0525832 -9.01944e-22)
(0.26092 -0.0428547 9.13212e-22)
(0.288833 -0.0380908 -1.12566e-21)
(0.32773 -0.0348262 -1.26833e-21)
(0.376051 -0.0308178 1.47496e-21)
(0.433965 -0.0300186 -3.04591e-21)
(0.497196 -0.0235183 2.57067e-21)
(0.564344 -0.0242873 9.48428e-22)
(0.636044 -0.0110548 0)
(0.821326 -0.0080146 -1.99293e-21)
(0.240969 -0.0391327 9.00405e-22)
(0.26165 -0.0317935 -9.11774e-22)
(0.289162 -0.0285278 -1.12463e-21)
(0.327788 -0.0265127 -1.26724e-21)
(0.376121 -0.0237441 -1.4736e-21)
(0.434192 -0.0240438 -6.66582e-23)
(0.497752 -0.018919 8.15578e-22)
(0.565463 -0.020835 2.70159e-21)
(0.63847 -0.00929906 0)
(0.823868 -0.00728951 -1.975e-21)
(0.240885 -0.0253356 0)
(0.261292 -0.0205951 -4.21105e-21)
(0.288403 -0.018876 7.62912e-21)
(0.326729 -0.0181679 1.26943e-21)
(0.375076 -0.0166622 2.82285e-21)
(0.433336 -0.0180953 4.66639e-21)
(0.497336 -0.0143559 -1.68867e-21)
(0.565677 -0.0174275 -1.81852e-21)
(0.640034 -0.00757883 3.81915e-21)
(0.82578 -0.00658651 1.97036e-21)
(0.239564 -0.0112089 0)
(0.259931 -0.00923049 -3.96823e-21)
(0.286616 -0.00910055 -2.2665e-21)
(0.324605 -0.00975672 0)
(0.372945 -0.00953655 -8.75586e-21)
(0.431428 -0.0121404 2.8549e-21)
(0.495982 -0.00980109 3.28181e-21)
(0.56507 -0.0140539 1.08004e-20)
(0.640816 -0.00588762 -3.80678e-21)
(0.827099 -0.00591117 7.85639e-21)
(0.236988 0.00320941 0)
(0.257556 0.0023301 4.0023e-21)
(0.283809 0.000831627 0)
(0.32143 -0.0012435 1.08136e-20)
(0.369712 -0.0023259 -1.08689e-20)
(0.42841 -0.0061355 -6.50714e-21)
(0.493573 -0.00520666 -2.2975e-22)
(0.563494 -0.0106683 -1.08434e-20)
(0.640639 -0.00418627 -1.80358e-21)
(0.827815 -0.00522886 -9.73337e-21)
(0.233167 0.0178682 2.69855e-20)
(0.25416 0.0141115 -1.03452e-20)
(0.280036 0.01094 1.12499e-21)
(0.317276 0.00739934 -9.8343e-21)
(0.365471 0.0049987 0)
(0.424444 -6.00878e-05 -6.55226e-21)
(0.49034 -0.00056912 -4.72985e-22)
(0.56122 -0.00728615 1.43276e-20)
(0.639801 -0.00249423 1.92526e-21)
(0.827989 -0.00457413 -1.92395e-21)
(0.228121 0.0326827 -2.84279e-21)
(0.249672 0.0261372 1.9267e-20)
(0.27527 0.0212434 9.95625e-21)
(0.312082 0.0162106 -9.9491e-21)
(0.360082 0.0124871 -5.82817e-21)
(0.419264 0.00615212 0)
(0.485871 0.00420209 -1.39751e-20)
(0.557801 -0.00381333 6.96985e-21)
(0.63784 -0.000741277 7.45819e-21)
(0.82758 -0.00388249 7.80767e-21)
(0.222129 0.0475335 -3.50626e-21)
(0.244329 0.0383954 0)
(0.269827 0.0317074 0)
(0.306214 0.0251715 0)
(0.354044 0.0201088 -6.47492e-21)
(0.413567 0.0124467 1.22825e-20)
(0.481028 0.00901035 1.4019e-20)
(0.554103 -0.000363087 -2.18095e-20)
(0.635602 0.000996151 3.85499e-21)
(0.826688 -0.00323866 -1.15368e-20)
(0.214876 0.0622342 -5.5025e-21)
(0.237548 0.0509822 1.83508e-20)
(0.263147 0.0424412 -1.81741e-20)
(0.298986 0.0344248 2.28948e-20)
(0.346392 0.0280389 -2.86775e-20)
(0.406022 0.019048 0)
(0.474227 0.0141299 -7.01251e-21)
(0.548669 0.00332013 -9.1652e-23)
(0.631738 0.00287604 -7.67984e-21)
(0.825213 -0.00250725 -7.78836e-21)
(0.208479 0.0763273 -3.67685e-21)
(0.23147 0.0633952 0)
(0.257338 0.0529497 -2.3638e-20)
(0.292737 0.043534 4.42091e-20)
(0.33993 0.035839 -1.69895e-20)
(0.3999 0.0254993 -3.307e-21)
(0.468842 0.0190631 6.99754e-21)
(0.544292 0.00681614 -2.04636e-22)
(0.628642 0.00468726 1.12105e-20)
(0.823322 -0.0018764 1.14775e-20)
(0.196715 0.091101 -1.62908e-20)
(0.220335 0.0779133 1.59715e-20)
(0.247005 0.0650875 2.49052e-21)
(0.281902 0.05396 0)
(0.328497 0.0447863 0)
(0.388632 0.032956 3.21303e-21)
(0.458668 0.0248983 1.41404e-20)
(0.536228 0.010942 -1.37656e-20)
(0.622417 0.00680677 -3.66697e-21)
(0.820842 -0.00105938 3.51624e-21)
(0.203169 0.115334 0)
(0.220437 0.10887 0)
(0.246714 0.0900748 0)
(0.280345 0.0758251 0)
(0.325334 0.0632968 0)
(0.383876 0.0483366 0)
(0.45197 0.0366074 0)
(0.528271 0.0192927 0)
(0.615383 0.0114887 0)
(0.813854 0.000391377 0)
(0.181747 0.150254 0)
(0.202341 0.156082 0)
(0.233684 0.128507 0)
(0.26829 0.113024 0)
(0.314287 0.0953509 0)
(0.37248 0.0753313 0)
(0.440101 0.0573002 0)
(0.517301 0.0340181 0)
(0.61086 0.0196411 0)
(0.812303 0.00333622 0)
(0.159613 0.194235 0)
(0.179997 0.204393 0)
(0.210955 0.167189 0)
(0.244271 0.152925 0)
(0.290396 0.129752 0)
(0.346469 0.105133 0)
(0.411503 0.080592 0)
(0.486943 0.0505366 0)
(0.5829 0.0284134 0)
(0.787396 0.00550916 0)
(0.142758 0.244679 0)
(0.15912 0.255055 0)
(0.189651 0.209362 0)
(0.223218 0.199215 0)
(0.269821 0.16845 0)
(0.32321 0.139216 0)
(0.387115 0.107037 0)
(0.463479 0.0692084 0)
(0.566939 0.0383313 0)
(0.778017 0.00891833 0)
(0.12072 0.303504 0)
(0.133642 0.311426 0)
(0.164298 0.261606 0)
(0.194105 0.254663 0)
(0.235383 0.21259 0)
(0.281946 0.179931 0)
(0.340996 0.138984 0)
(0.413512 0.0924104 0)
(0.517814 0.0507634 0)
(0.734825 0.0116086 0)
(0.104348 0.372137 0)
(0.115712 0.377078 0)
(0.144968 0.324584 0)
(0.168544 0.316816 0)
(0.20722 0.262609 0)
(0.249443 0.230215 0)
(0.306114 0.17807 0)
(0.376986 0.122403 0)
(0.487967 0.0678038 0)
(0.714555 0.0173348 0)
(0.0755264 0.454548 0)
(0.084612 0.453642 0)
(0.107401 0.401286 0)
(0.124559 0.389079 0)
(0.157309 0.327749 0)
(0.189081 0.296672 0)
(0.235982 0.229357 0)
(0.297874 0.166665 0)
(0.405941 0.0963933 0)
(0.637733 0.0245863 0)
(0.0637012 0.549456 0)
(0.0698709 0.542922 0)
(0.0879066 0.491237 0)
(0.10055 0.472788 0)
(0.126941 0.409233 0)
(0.15045 0.375552 0)
(0.193586 0.295673 0)
(0.251181 0.234974 0)
(0.361068 0.146569 0)
(0.590995 0.0430267 0)
(0.0184665 0.681668 0)
(0.0195479 0.669938 0)
(0.0275008 0.624328 0)
(0.0321415 0.602065 0)
(0.0451065 0.545244 0)
(0.0570191 0.509027 0)
(0.0849545 0.432759 0)
(0.12433 0.37288 0)
(0.212965 0.254257 0)
(0.422895 0.077103 0)
(0.0192321 0.858545 0)
(0.023228 0.842377 0)
(0.02857 0.813542 0)
(0.0353392 0.790493 0)
(0.0449168 0.750468 0)
(0.0576874 0.713043 0)
(0.0779418 0.649934 0)
(0.108789 0.576287 0)
(0.167577 0.427394 0)
(0.303531 0.151217 0)
(0.174408 0.146829 1.59247e-20)
(0.160534 0.190332 -1.57473e-20)
(0.141125 0.23459 2.39138e-21)
(0.125606 0.283846 0)
(0.105774 0.340877 0)
(0.0908398 0.40626 3.20133e-21)
(0.0653487 0.486791 -1.44274e-20)
(0.0550144 0.578751 1.4334e-20)
(0.0158542 0.706354 3.89385e-21)
(0.0179987 0.873614 -3.91394e-21)
(0.162772 0.155517 -1.57661e-20)
(0.151806 0.201108 0)
(0.133939 0.244717 1.63955e-20)
(0.119097 0.294177 -3.88171e-20)
(0.100021 0.351384 2.54868e-20)
(0.0856746 0.416627 -2.93114e-21)
(0.0613865 0.497062 6.07544e-21)
(0.0515784 0.588654 1.31332e-20)
(0.0148521 0.715214 3.406e-21)
(0.0174845 0.877359 3.37256e-21)
(0.15045 0.161826 1.83388e-20)
(0.142739 0.209153 -1.61648e-20)
(0.126827 0.252333 1.60105e-20)
(0.112888 0.30167 -2.00756e-20)
(0.0946068 0.35909 1.46529e-20)
(0.0808831 0.424708 0)
(0.0577241 0.505178 -6.09039e-21)
(0.048459 0.597001 -1.56236e-22)
(0.0137276 0.722841 -6.68222e-21)
(0.016733 0.879593 -6.83024e-21)
(0.1378 0.167203 -3.08807e-21)
(0.133615 0.217289 0)
(0.119848 0.260995 0)
(0.106922 0.310015 0)
(0.0895088 0.367432 1.57408e-20)
(0.0764405 0.433232 -1.06521e-20)
(0.0543598 0.513529 -3.02745e-22)
(0.0456366 0.60552 -6.52072e-21)
(0.0125348 0.73046 -3.29942e-21)
(0.0157954 0.882761 -3.31584e-21)
(0.125105 0.170784 1.77433e-21)
(0.124747 0.224437 -9.5598e-21)
(0.113185 0.269497 -8.55789e-21)
(0.101286 0.318742 8.55236e-21)
(0.0847717 0.376106 -5.01827e-21)
(0.0723546 0.442118 0)
(0.0512879 0.5222 -5.83551e-21)
(0.0430827 0.614254 1.24775e-20)
(0.0114157 0.738216 -6.22459e-21)
(0.0148061 0.887059 6.69392e-21)
(0.112426 0.172224 -2.37141e-20)
(0.116215 0.229838 1.95026e-21)
(0.10699 0.276704 -9.23982e-22)
(0.0960958 0.326782 8.30543e-21)
(0.0804596 0.384156 0)
(0.0686979 0.450503 0)
(0.0485381 0.530465 0)
(0.0408122 0.622654 5.85883e-21)
(0.0104838 0.745714 0)
(0.0138709 0.891753 0)
(0.0998028 0.171439 0)
(0.108005 0.233359 1.04679e-20)
(0.101284 0.282484 -7.17437e-21)
(0.0914156 0.333634 -8.89954e-21)
(0.0765958 0.391277 8.94579e-21)
(0.0654762 0.458023 5.22814e-21)
(0.0461298 0.53787 -4.9981e-21)
(0.0388371 0.630311 -2.00682e-20)
(0.00977135 0.752577 1.42501e-21)
(0.0130297 0.896203 -4.52493e-21)
(0.0873103 0.168305 0)
(0.100107 0.234924 -3.30272e-21)
(0.0960413 0.286926 -1.83394e-21)
(0.087265 0.339289 0)
(0.0732174 0.397433 2.47783e-21)
(0.0626606 0.46461 -7.17082e-21)
(0.044049 0.544229 8.01428e-21)
(0.0371576 0.637083 2.97543e-21)
(0.00925855 0.7586 -2.80552e-21)
(0.0122822 0.900078 6.07862e-21)
(0.0750571 0.162731 2.6872e-21)
(0.092514 0.234381 3.40115e-21)
(0.091251 0.289981 -7.07919e-22)
(0.0836414 0.343839 9.92286e-22)
(0.0703296 0.402623 2.23082e-21)
(0.0602219 0.47024 3.59827e-21)
(0.042271 0.549746 -1.24662e-21)
(0.0357312 0.64307 -1.3259e-21)
(0.00888578 0.763802 2.8148e-21)
(0.0116137 0.903458 1.41156e-21)
(0.0632213 0.154747 -7.42434e-22)
(0.0852004 0.23155 7.5153e-22)
(0.0869095 0.291511 -8.92689e-22)
(0.0805392 0.347281 -9.91055e-22)
(0.0679151 0.406844 1.10603e-21)
(0.0581666 0.474873 -2.28991e-21)
(0.040796 0.554465 1.87679e-21)
(0.0345103 0.648161 6.92162e-22)
(0.00862909 0.768201 0)
(0.0110281 0.906393 -1.41465e-21)
(0.00687767 -0.00219357 0)
(0.0273132 -0.00622945 0)
(0.0500818 -0.00443911 -5.34658e-20)
(0.0703703 -0.000161664 0)
(0.0873461 0.00601801 2.34695e-20)
(0.100836 0.013528 -2.17486e-20)
(0.111096 0.0219763 0)
(0.118587 0.0311645 0)
(0.124064 0.0412579 -3.4623e-20)
(0.129257 0.0529239 6.46929e-20)
(0.0107221 -0.00360384 0)
(0.0364265 -0.00794763 -4.22426e-20)
(0.0627651 -0.00542363 -1.28066e-20)
(0.0849988 -0.000477141 -4.9486e-20)
(0.102628 0.006083 -2.27841e-20)
(0.115881 0.0136037 -6.37789e-20)
(0.125396 0.0216794 0)
(0.131958 0.0300839 0)
(0.136548 0.0388279 0)
(0.140966 0.0485045 -1.49061e-21)
(0.0152939 -0.00482846 0)
(0.0463693 -0.00913121 -1.39305e-20)
(0.075635 -0.0058636 2.6755e-20)
(0.0988714 -0.000482175 3.72438e-20)
(0.116132 0.00603264 6.35989e-22)
(0.128194 0.0130176 8.01024e-22)
(0.136127 0.0201153 3.80902e-20)
(0.141008 0.0271446 -3.48103e-20)
(0.143921 0.0341738 6.37019e-20)
(0.14636 0.0419657 -5.93551e-20)
(0.0204575 -0.00568548 -7.0265e-21)
(0.0567175 -0.00955916 4.21343e-20)
(0.0880426 -0.00566599 6.5798e-20)
(0.111242 -0.000225435 -7.2981e-20)
(0.127168 0.00572444 4.54109e-20)
(0.137271 0.0116191 4.18851e-20)
(0.143085 0.0172344 -1.91048e-20)
(0.145951 0.0225181 6.86451e-20)
(0.147026 0.0276919 -1.96482e-21)
(0.147504 0.0334776 -2.92158e-20)
(0.0260016 -0.00602024 -7.19581e-21)
(0.066956 -0.00909581 6.83614e-21)
(0.0993367 -0.00483637 0)
(0.121507 0.000179302 6.06919e-20)
(0.135335 0.0050169 -1.11514e-20)
(0.143024 0.00932708 -1.08483e-22)
(0.146549 0.0130845 -1.86521e-20)
(0.147453 0.0164005 -4.94627e-20)
(0.146912 0.0196314 4.8962e-23)
(0.145884 0.023332 4.06713e-20)
(0.0316489 -0.00572457 0)
(0.0765288 -0.00771074 -4.22783e-20)
(0.108942 -0.00347367 1.30148e-20)
(0.129264 0.000580565 -3.61394e-20)
(0.140532 0.00380037 1.10888e-20)
(0.145686 0.0061458 3.77344e-22)
(0.147059 0.00781806 3.35405e-22)
(0.146295 0.00907909 3.26616e-20)
(0.144512 0.0103528 -4.40777e-20)
(0.142469 0.0119982 4.02062e-20)
(0.0370763 -0.00475334 3.57482e-21)
(0.0848981 -0.00548275 2.81629e-20)
(0.116418 -0.00174827 0)
(0.134338 0.000819876 3.61263e-20)
(0.142896 0.00201284 -3.31086e-20)
(0.145674 0.00215084 -9.81856e-21)
(0.145227 0.00164731 2.72001e-20)
(0.143188 0.000867589 0)
(0.140542 0.000228784 0)
(0.137875 -8.28996e-05 0)
(0.0419404 -0.00313378 -3.6992e-21)
(0.0915961 -0.00258804 -1.089e-20)
(0.121489 0.000126616 1.33386e-20)
(0.136742 0.000752813 1.8228e-20)
(0.142714 -0.000364546 1.64678e-20)
(0.14346 -0.00254445 9.9936e-21)
(0.141611 -0.00520841 0)
(0.138684 -0.00794952 1.57731e-20)
(0.135489 -0.0104161 -7.54629e-21)
(0.132457 -0.0125561 0)
(0.0459075 -0.000967788 0)
(0.0962651 0.000720212 2.17433e-20)
(0.124043 0.00191945 -1.33365e-20)
(0.136637 0.000256378 -1.22056e-20)
(0.140341 -0.00332403 1.13627e-22)
(0.139494 -0.00782214 -4.90882e-21)
(0.136662 -0.0125587 4.52323e-21)
(0.133184 -0.0171425 0)
(0.129678 -0.0213189 -7.22687e-21)
(0.126437 -0.0251584 -6.42384e-21)
(0.0487162 0.00157212 4.81864e-22)
(0.0986978 0.00413608 -8.26646e-21)
(0.124119 0.00339814 -8.45397e-22)
(0.134274 -0.000772458 2.57528e-23)
(0.136146 -0.0068485 -4.17316e-21)
(0.134164 -0.013581 0)
(0.13073 -0.0202575 -4.52242e-21)
(0.12697 -0.026545 0)
(0.123328 -0.0322976 0)
(0.119983 -0.037682 0)
(0.0502794 0.00426939 -9.98565e-22)
(0.0988709 0.00734301 0)
(0.121885 0.00435166 0)
(0.129959 -0.00241623 -4.86839e-21)
(0.130479 -0.0109205 1.3729e-21)
(0.127795 -0.019743 -8.93964e-23)
(0.124082 -0.0281973 -2.35209e-21)
(0.120254 -0.0360366 0)
(0.116609 -0.0432169 0)
(0.113233 -0.0499617 0)
(0.0505207 0.00691303 0)
(0.0968611 0.0100755 -3.91216e-21)
(0.117576 0.00460676 3.60801e-21)
(0.123998 -0.00474822 6.44105e-21)
(0.123635 -0.0155408 0)
(0.120634 -0.0262704 5.15706e-21)
(0.116914 -0.0363225 -4.79595e-21)
(0.113192 -0.0455512 0)
(0.109655 -0.053995 7.33928e-21)
(0.106325 -0.0619162 -7.12444e-21)
(0.0493222 0.00925715 0)
(0.0927451 0.0120397 3.2962e-20)
(0.111434 0.00398581 0)
(0.116689 -0.0078403 2.71022e-20)
(0.115898 -0.0207149 0)
(0.112913 -0.0331357 -2.1743e-20)
(0.109404 -0.0445934 0)
(0.105933 -0.055044 1.68067e-20)
(0.1026 -0.0645875 -1.5741e-20)
(0.09939 -0.0735154 -1.44346e-20)
(0.0467317 0.0110511 -8.91907e-21)
(0.0867518 0.0129622 -1.61661e-20)
(0.103773 0.00233356 -7.67533e-21)
(0.108344 -0.0117556 -1.35767e-20)
(0.107524 -0.026454 -1.24964e-20)
(0.104828 -0.0403268 1.09566e-20)
(0.101704 -0.0529889 1.00321e-20)
(0.0985966 -0.0644912 5.88237e-22)
(0.0955519 -0.0749731 1.61186e-20)
(0.0925319 -0.0847454 1.44626e-20)
(0.0428945 0.0120693 -9.38213e-21)
(0.0791912 0.0126166 -1.71612e-20)
(0.0949349 -0.000472901 -3.14741e-20)
(0.0992699 -0.0165452 1.42827e-20)
(0.0987595 -0.032771 0)
(0.0965651 -0.0478385 0)
(0.0939527 -0.0614955 -1.97149e-20)
(0.0912958 -0.0738769 -1.76215e-20)
(0.0886083 -0.0851398 1.6363e-20)
(0.0858386 -0.095599 -1.41289e-20)
(0.0380198 0.012125 9.56463e-21)
(0.0704236 0.0108292 8.57306e-21)
(0.085279 -0.00452371 -4.97464e-20)
(0.0897723 -0.0222469 7.25968e-20)
(0.0898451 -0.0396772 -1.31201e-20)
(0.0883069 -0.0556679 0)
(0.0862885 -0.0701004 0)
(0.0841356 -0.0831828 9.16432e-20)
(0.0818512 -0.0950702 -8.26667e-20)
(0.079377 -0.10606 -4.53592e-20)
(0.0323667 0.0110818 8.15769e-20)
(0.0608422 0.00748541 0)
(0.0751706 -0.00987439 6.52746e-20)
(0.0801549 -0.028885 -5.83998e-20)
(0.0810253 -0.0471831 0)
(0.0802498 -0.0638161 2.30545e-20)
(0.0788644 -0.0787919 -6.3871e-20)
(0.0772259 -0.0923841 -7.42663e-20)
(0.0753561 -0.104732 3.46352e-20)
(0.0732111 -0.116089 3.149e-20)
(0.0262276 0.00886186 -1.65178e-19)
(0.0508562 0.0025332 -1.85211e-20)
(0.0649714 -0.0165438 -3.43081e-20)
(0.0707169 -0.0364698 -7.5913e-20)
(0.0725542 -0.0553021 -2.63218e-20)
(0.0726191 -0.0722971 -2.38352e-20)
(0.0718747 -0.087574 -7.55774e-22)
(0.0707167 -0.101468 0)
(0.0692301 -0.114103 0)
(0.0674319 -0.125644 6.51406e-20)
(0.0199096 0.00544935 8.36026e-20)
(0.0408711 -0.0040142 -7.68592e-20)
(0.0550266 -0.0245125 5.1135e-20)
(0.0617429 -0.0449981 1.06169e-19)
(0.0646916 -0.0640574 -2.77211e-20)
(0.0656866 -0.0811579 2.31852e-20)
(0.0656197 -0.0964997 2.10011e-20)
(0.0649278 -0.110474 0)
(0.0637808 -0.123208 0)
(0.0622055 -0.134716 -3.31089e-20)
(0.0137168 0.00089132 -1.07219e-20)
(0.0312718 -0.0120773 9.59457e-20)
(0.0456487 -0.0337183 -1.75914e-20)
(0.0534802 -0.0544503 0)
(0.0576677 -0.073493 0)
(0.0597383 -0.0905279 4.89184e-20)
(0.0605352 -0.10579 0)
(0.0605459 -0.119683 -3.91015e-20)
(0.059954 -0.132303 1.16376e-21)
(0.058457 -0.143283 3.46769e-20)
(0.00793091 -0.00470841 0)
(0.0224025 -0.0215144 0)
(0.0370989 -0.0440507 -6.97971e-20)
(0.0461022 -0.0647705 0)
(0.051591 -0.0836487 2.72999e-20)
(0.0548557 -0.100652 -2.53009e-20)
(0.0567391 -0.116136 0)
(0.0578204 -0.130678 0)
(0.0583241 -0.144719 -3.63778e-20)
(0.0576093 -0.158076 7.11826e-20)
(0.00281039 -0.0111886 0)
(0.0145717 -0.0321171 -5.84118e-20)
(0.0295961 -0.0553297 -1.7606e-20)
(0.0397128 -0.0757954 -6.23126e-20)
(0.0464161 -0.0943279 -2.83402e-20)
(0.0507521 -0.111183 -7.56646e-20)
(0.0535086 -0.126755 0)
(0.0552426 -0.141534 0)
(0.0561221 -0.155777 0)
(0.0555107 -0.168877 1.38328e-22)
(-0.00141456 -0.0183179 0)
(0.00805452 -0.0435939 -1.83835e-20)
(0.0233334 -0.0672999 3.52513e-20)
(0.0344113 -0.0872751 4.65171e-20)
(0.0421488 -0.105215 5.44267e-23)
(0.0473503 -0.121636 -1.17104e-22)
(0.0507346 -0.136896 4.5665e-20)
(0.0528361 -0.151299 -4.16329e-20)
(0.0538615 -0.164921 7.57549e-20)
(0.0534311 -0.177212 -7.30315e-20)
(-0.00456798 -0.025824 -1.0572e-20)
(0.00306485 -0.0556119 5.80183e-20)
(0.0184707 -0.0796767 8.6679e-20)
(0.0303032 -0.0989461 -9.21e-20)
(0.0388645 -0.116026 5.64819e-20)
(0.0447402 -0.131689 5.0938e-20)
(0.0485958 -0.146246 -2.25148e-20)
(0.0509767 -0.159863 8.30406e-20)
(0.0521812 -0.172546 -2.44615e-22)
(0.0520493 -0.183942 -3.72548e-20)
(-0.00653693 -0.03341 -1.01094e-20)
(-0.000246118 -0.0678097 9.60702e-21)
(0.0151353 -0.0921606 0)
(0.0274912 -0.110558 7.66983e-20)
(0.0366618 -0.126545 -1.39912e-20)
(0.0430449 -0.141179 -1.69912e-22)
(0.047265 -0.154762 -2.31514e-20)
(0.0498928 -0.167397 -6.28344e-20)
(0.0513153 -0.179105 5.12395e-22)
(0.0515159 -0.189721 5.6146e-20)
(-0.00727616 -0.0407734 0)
(-0.00179479 -0.0798149 -5.4216e-20)
(0.0134149 -0.10445 1.67612e-20)
(0.02606 -0.121881 -4.48588e-20)
(0.0356314 -0.136609 1.38215e-20)
(0.0423712 -0.150023 2.31247e-22)
(0.0468667 -0.162475 1.83936e-22)
(0.049706 -0.174057 4.20993e-20)
(0.0513387 -0.184838 -5.86689e-20)
(0.0518448 -0.194801 5.70173e-20)
(-0.00680835 -0.0476229 4.84133e-21)
(-0.00156849 -0.0912606 3.60407e-20)
(0.0133513 -0.116251 0)
(0.0260658 -0.132702 4.46262e-20)
(0.0358411 -0.14608 -4.04786e-20)
(0.0427984 -0.158163 -1.23598e-20)
(0.0474847 -0.169404 3.44008e-20)
(0.0504892 -0.17992 0)
(0.0522931 -0.189821 0)
(0.0530475 -0.19919 0)
(-0.00521996 -0.0536918 -4.57656e-21)
(0.000374465 -0.1018 -1.24555e-20)
(0.0149367 -0.127281 1.55443e-20)
(0.0275301 -0.142821 2.15635e-20)
(0.0373299 -0.154836 2.01806e-20)
(0.0443746 -0.165542 1.22454e-20)
(0.0491683 -0.175541 0)
(0.0522842 -0.184996 2.12342e-20)
(0.054209 -0.194044 -9.91453e-21)
(0.055146 -0.202822 0)
(-0.00265427 -0.0587455 0)
(0.00390674 -0.111115 2.48638e-20)
(0.0181124 -0.137276 -1.55403e-20)
(0.030437 -0.152049 -1.43264e-20)
(0.0401049 -0.162758 -6.52621e-23)
(0.0471176 -0.172097 -6.15846e-21)
(0.0519372 -0.180856 5.66904e-21)
(0.0551082 -0.189262 0)
(0.0571039 -0.197464 -9.97101e-21)
(0.0581612 -0.205622 -9.80683e-21)
(0.00069534 -0.0626221 5.25655e-22)
(0.00883243 -0.118941 -9.05426e-21)
(0.0227673 -0.145995 -9.4204e-22)
(0.0347322 -0.160208 -1.9793e-23)
(0.0441428 -0.169729 -4.89562e-21)
(0.0510178 -0.177754 0)
(0.0557869 -0.185299 -5.6671e-21)
(0.0589592 -0.192667 0)
(0.0609818 -0.200019 0)
(0.0621069 -0.207509 0)
(0.0046119 -0.0653711 -9.98022e-22)
(0.0149093 -0.125174 0)
(0.0287475 -0.153289 0)
(0.0403294 -0.167168 -4.92974e-21)
(0.0493956 -0.175659 1.6221e-21)
(0.0560452 -0.182456 4.88771e-23)
(0.0606947 -0.188827 -2.79243e-21)
(0.0638196 -0.19517 0)
(0.0658362 -0.201654 0)
(0.066993 -0.208413 0)
(0.00890952 -0.0669791 0)
(0.021913 -0.129671 -3.66102e-21)
(0.0358694 -0.15898 3.37644e-21)
(0.0470987 -0.172776 6.62339e-21)
(0.0557749 -0.180435 0)
(0.0621374 -0.186123 5.95735e-21)
(0.0666142 -0.191381 -5.54002e-21)
(0.0696558 -0.196716 0)
(0.0716528 -0.202315 1.0323e-20)
(0.0728327 -0.208278 -9.98304e-21)
(0.0133877 -0.0673586 0)
(0.0295833 -0.132302 2.68383e-20)
(0.0439265 -0.162924 0)
(0.0548935 -0.176903 2.50427e-20)
(0.063178 -0.183956 0)
(0.0692179 -0.188685 -2.31653e-20)
(0.0734841 -0.19291 0)
(0.0764168 -0.19727 2.16834e-20)
(0.0783966 -0.201976 -2.03079e-20)
(0.0796199 -0.207092 -2.05036e-20)
(0.0178406 -0.0665396 -6.81246e-21)
(0.0376267 -0.133017 -1.36442e-20)
(0.0526754 -0.165023 -6.19759e-21)
(0.0635339 -0.179442 -1.24137e-20)
(0.0714744 -0.186136 -1.16647e-20)
(0.0771868 -0.190078 1.14372e-20)
(0.0812214 -0.193372 1.09047e-20)
(0.0840278 -0.196808 -3.22298e-22)
(0.0860019 -0.200632 2.03863e-20)
(0.0873153 -0.204871 2.04786e-20)
(0.0220819 -0.0646197 -6.3696e-21)
(0.0457445 -0.131838 -1.28883e-20)
(0.0618543 -0.165236 -2.48131e-20)
(0.0728174 -0.180314 1.16434e-20)
(0.0805098 -0.1869 0)
(0.0859232 -0.190247 0)
(0.0897235 -0.192735 -2.25434e-20)
(0.0923908 -0.195317 -2.1867e-20)
(0.0943677 -0.198293 2.08777e-20)
(0.0958402 -0.201662 -2.14981e-20)
(0.0259538 -0.0617363 6.16553e-21)
(0.0536536 -0.128871 6.52193e-21)
(0.0711808 -0.163552 -3.38007e-20)
(0.0825252 -0.179468 5.81798e-20)
(0.0901108 -0.186188 -1.1138e-20)
(0.0952863 -0.189143 0)
(0.0988688 -0.190965 0)
(0.101384 -0.192784 1.08212e-19)
(0.103345 -0.194973 -1.04556e-19)
(0.105056 -0.19752 -6.45474e-20)
(0.0293252 -0.058051 4.49683e-20)
(0.0611027 -0.124259 0)
(0.0803785 -0.160001 4.64529e-20)
(0.0924071 -0.176884 -4.61226e-20)
(0.100083 -0.18396 0)
(0.105119 -0.186726 2.29064e-20)
(0.108523 -0.188032 -6.49874e-20)
(0.110879 -0.189196 -8.68472e-20)
(0.112749 -0.190697 4.11179e-20)
(0.114747 -0.192534 4.19551e-20)
(0.0321 -0.0537325 -8.80794e-20)
(0.0678568 -0.11817 -1.151e-20)
(0.0891864 -0.154688 -2.14067e-20)
(0.102214 -0.172583 -5.45136e-20)
(0.110216 -0.180197 -2.29761e-20)
(0.115249 -0.182963 -2.25556e-20)
(0.118531 -0.183898 2.33378e-22)
(0.120726 -0.184517 0)
(0.122367 -0.185474 0)
(0.124476 -0.186568 8.57811e-20)
(0.0342185 -0.0489545 4.31119e-20)
(0.0737168 -0.110818 -4.21818e-20)
(0.0973527 -0.147753 3.23243e-20)
(0.1117 -0.166627 7.68711e-20)
(0.120299 -0.174909 -2.09078e-20)
(0.125507 -0.17784 2.30193e-20)
(0.128761 -0.178541 2.24925e-20)
(0.130824 -0.178718 0)
(0.13227 -0.17916 0)
(0.134279 -0.179614 -4.23595e-20)
(0.0356581 -0.0438913 -5.1106e-21)
(0.078529 -0.102445 5.30396e-20)
(0.104647 -0.139375 -1.00074e-20)
(0.120623 -0.159118 0)
(0.13011 -0.16814 0)
(0.135704 -0.171365 4.33733e-20)
(0.139036 -0.171924 0)
(0.140923 -0.171621 -4.40587e-20)
(0.141771 -0.171302 -2.20401e-21)
(0.142742 -0.170995 4.17623e-20)
(0.0364315 -0.0387047 0)
(0.0821904 -0.0933009 0)
(0.110871 -0.129762 -4.04286e-20)
(0.128749 -0.150189 0)
(0.139437 -0.159964 2.20445e-20)
(0.145704 -0.163568 -2.04299e-20)
(0.149435 -0.164016 0)
(0.151779 -0.163057 0)
(0.153459 -0.161705 -4.39512e-20)
(0.156267 -0.160954 8.56524e-20)
(0.0365402 -0.03351 0)
(0.0846133 -0.0836109 -2.9191e-20)
(0.115847 -0.119129 -8.87775e-21)
(0.135855 -0.140009 -4.04725e-20)
(0.148051 -0.150518 -1.95228e-20)
(0.155297 -0.154626 -6.20021e-20)
(0.159712 -0.155218 0)
(0.162804 -0.154128 0)
(0.165643 -0.152782 0)
(0.169621 -0.152688 6.36556e-22)
(0.0359915 -0.028419 0)
(0.0857445 -0.0736305 -9.82468e-21)
(0.119427 -0.107738 2.03623e-20)
(0.141728 -0.128789 3.09286e-20)
(0.1557 -0.139965 6.14489e-22)
(0.164192 -0.144675 5.57782e-22)
(0.16949 -0.145638 4.16865e-20)
(0.173347 -0.144749 -4.18311e-20)
(0.177048 -0.143594 8.51108e-20)
(0.181702 -0.143464 -8.52205e-20)
(0.0348429 -0.0235544 -4.76327e-21)
(0.0855893 -0.063617 2.90296e-20)
(0.121517 -0.0958593 4.85485e-20)
(0.146187 -0.116752 -6.01416e-20)
(0.162147 -0.128455 3.87363e-20)
(0.172114 -0.133778 3.95156e-20)
(0.178454 -0.135204 -2.18053e-20)
(0.183064 -0.134606 8.48436e-20)
(0.187332 -0.133587 2.17659e-21)
(0.192253 -0.133193 -4.11313e-20)
(0.0331722 -0.0190203 -4.93075e-21)
(0.0841998 -0.0538098 4.68448e-21)
(0.122072 -0.0837647 0)
(0.149098 -0.10413 4.96134e-20)
(0.167197 -0.116147 -9.48643e-21)
(0.178837 -0.122015 9.97468e-22)
(0.186375 -0.123916 -1.96319e-20)
(0.191791 -0.123638 -6.30273e-20)
(0.196531 -0.122744 -1.55609e-21)
(0.201537 -0.122123 6.37905e-20)
(0.0310636 -0.0148951 0)
(0.0816652 -0.0444204 -2.96027e-20)
(0.1211 -0.071717 9.29218e-21)
(0.150374 -0.0911668 -2.94761e-20)
(0.170696 -0.10323 9.38616e-21)
(0.184175 -0.109507 -7.34279e-22)
(0.193071 -0.111846 -7.06247e-22)
(0.19939 -0.111889 4.15163e-20)
(0.204624 -0.111121 -6.17787e-20)
(0.209694 -0.110328 6.19782e-20)
(0.0286047 -0.0112344 2.40505e-21)
(0.0781054 -0.0356299 1.95248e-20)
(0.118654 -0.0599647 0)
(0.14998 -0.0781124 2.93893e-20)
(0.172537 -0.0899087 -2.87029e-20)
(0.187978 -0.0964038 -1.02976e-20)
(0.198378 -0.09909 2.96677e-20)
(0.205714 -0.099425 0)
(0.211511 -0.0987712 0)
(0.216699 -0.0978558 0)
(0.0258832 -0.00807326 -2.51426e-21)
(0.0736642 -0.0275864 -7.54524e-21)
(0.114837 -0.0487349 9.67082e-21)
(0.147934 -0.065213 1.45947e-20)
(0.172653 -0.0764027 1.47668e-20)
(0.190125 -0.0828738 9.71985e-21)
(0.202154 -0.0857663 0)
(0.210624 -0.0863239 2.05987e-20)
(0.217076 -0.0857609 -9.35609e-21)
(0.222464 -0.0847675 0)
(0.0229811 -0.00542844 0)
(0.0684982 -0.0204039 1.49631e-20)
(0.109781 -0.0382286 -9.66874e-21)
(0.144299 -0.0527058 -9.58562e-21)
(0.171027 -0.062937 -2.16558e-22)
(0.190533 -0.0691021 -5.07986e-21)
(0.204281 -0.0720124 4.85801e-21)
(0.214001 -0.0726856 0)
(0.221211 -0.0721687 -9.93533e-21)
(0.226888 -0.0711212 -1.03542e-20)
(0.019989 -0.00330158 3.14691e-22)
(0.0627853 -0.0141651 -5.6773e-21)
(0.103659 -0.0286199 -6.63765e-22)
(0.139182 -0.0408176 -8.28102e-23)
(0.167683 -0.0497425 -3.63609e-21)
(0.189156 -0.0552903 0)
(0.204668 -0.0579868 -4.85658e-21)
(0.215734 -0.0586272 0)
(0.223807 -0.0580785 0)
(0.229859 -0.0569638 0)
(0.0170564 -0.00167674 -6.43394e-22)
(0.0567887 -0.00891574 0)
(0.096756 -0.0200523 0)
(0.132825 -0.0297636 -3.59058e-21)
(0.162777 -0.0370603 1.32511e-21)
(0.18606 -0.0416648 1.8335e-22)
(0.20331 -0.0438778 -2.30533e-21)
(0.215777 -0.0442923 0)
(0.224796 -0.0435885 0)
(0.231299 -0.0423366 0)
(0.0142451 -0.000510475 0)
(0.0506577 -0.00463055 -2.6692e-21)
(0.0892537 -0.0125773 2.46134e-21)
(0.125384 -0.0196733 4.83754e-21)
(0.156407 -0.0250694 0)
(0.181271 -0.0284189 4.92839e-21)
(0.200177 -0.029865 -4.58311e-21)
(0.214067 -0.0298314 0)
(0.224105 -0.0288135 9.93986e-21)
(0.231139 -0.0273035 -9.49173e-21)
(0.0115591 0.000238714 0)
(0.0445027 -0.0012773 2.15831e-20)
(0.0813331 -0.0062311 0)
(0.117056 -0.0106609 1.96717e-20)
(0.148734 -0.0139418 0)
(0.174893 -0.015751 -1.89197e-20)
(0.19531 -0.0161447 0)
(0.210598 -0.0154209 1.96623e-20)
(0.221701 -0.0139049 -1.84154e-20)
(0.229335 -0.0119816 -1.93931e-20)
(0.00903568 0.00061264 -5.61623e-21)
(0.0384552 0.00119122 -1.07265e-20)
(0.0731947 -0.00102099 -5.09078e-21)
(0.108067 -0.00280922 -9.53795e-21)
(0.139963 -0.00382708 -9.36033e-21)
(0.167075 -0.00385158 9.13863e-21)
(0.188795 -0.00291993 9.0953e-21)
(0.205401 -0.00125528 -7.27846e-22)
(0.217577 0.000962921 1.82794e-20)
(0.225849 0.00348487 1.93902e-20)
(0.00671519 0.000657486 -5.63377e-21)
(0.0326407 0.00284273 -1.12389e-20)
(0.0650354 0.00308209 -2.14532e-20)
(0.0986519 0.00384069 9.82854e-21)
(0.130322 0.00516068 0)
(0.158003 0.00711003 0)
(0.180759 0.00960988 -1.93981e-20)
(0.198545 0.0124602 -1.93632e-20)
(0.21176 0.0155962 1.8711e-20)
(0.22067 0.0189299 -2.07041e-20)
(0.0046278 0.000421947 5.86066e-21)
(0.0271639 0.00376137 5.87555e-21)
(0.0570324 0.00613935 -3.24151e-20)
(0.0890384 0.00928959 5.10312e-20)
(0.120052 0.012948 -9.52616e-21)
(0.147893 0.0169939 0)
(0.171368 0.0212581 0)
(0.190141 0.0255134 9.43569e-20)
(0.204314 0.0297756 -9.33199e-20)
(0.213826 0.0341452 -5.96867e-20)
(0.00279399 -4.3621e-05 4.77273e-20)
(0.0221073 0.0040443 0)
(0.0493372 0.00823969 4.30201e-20)
(0.0794367 0.0135775 -4.07203e-20)
(0.109393 0.019504 0)
(0.136978 0.0256966 1.95231e-20)
(0.160818 0.0318611 -5.54764e-20)
(0.180336 0.037696 -7.54504e-20)
(0.195347 0.0432609 3.58571e-20)
(0.205412 0.0488817 3.78575e-20)
(0.00122633 -0.000687433 -9.65377e-20)
(0.0175314 0.00379884 -1.18648e-20)
(0.0420719 0.00949486 -2.24053e-20)
(0.0700309 0.0167798 -5.20904e-20)
(0.0985711 0.02484 -2.01628e-20)
(0.125495 0.0331561 -1.95517e-20)
(0.149322 0.0412878 -5.19284e-24)
(0.169292 0.048811 0)
(0.184967 0.0557699 0)
(0.195477 0.0627618 7.61362e-20)
(-6.98926e-05 -0.00145654 4.88115e-20)
(0.0134746 0.00313937 -4.84473e-20)
(0.0353273 0.0100337 3.31779e-20)
(0.0609729 0.0190009 7.35773e-20)
(0.0877908 0.0290072 -1.96973e-20)
(0.113674 0.0393558 1.93979e-20)
(0.137099 0.0494597 1.90897e-20)
(0.157188 0.0587319 0)
(0.173315 0.0670913 0)
(0.184271 0.0754652 -3.71805e-20)
(-0.00109625 -0.00229715 -6.30577e-21)
(0.00995418 0.00218402 6.07524e-20)
(0.0291615 0.00999547 -1.13392e-20)
(0.0523786 0.0203656 0)
(0.0772268 0.0320884 0)
(0.101729 0.044319 3.8463e-20)
(0.124354 0.0563324 0)
(0.144097 0.0673297 -3.78246e-20)
(0.160103 0.076751 -1.99631e-21)
(0.170827 0.0855515 3.5781e-20)
(-0.00186166 -0.00315577 0)
(0.00696434 0.00104959 0)
(0.0235967 0.00951983 -4.67547e-20)
(0.0443207 0.0210048 0)
(0.0670158 0.0341843 2.06768e-20)
(0.08986 0.0481232 -1.91613e-20)
(0.111323 0.0620488 0)
(0.130225 0.0752163 0)
(0.145768 0.0869364 -3.76256e-20)
(0.15752 0.0983068 7.29675e-20)
(-0.00238099 -0.00397872 0)
(0.00447924 -0.000153613 -3.84088e-20)
(0.0186244 0.00873845 -1.25024e-20)
(0.036838 0.0210424 -4.42801e-20)
(0.0572738 0.0353825 -2.06474e-20)
(0.0783042 0.0507884 -5.87447e-20)
(0.0984948 0.0664728 0)
(0.116688 0.081771 0)
(0.132342 0.0960494 0)
(0.14546 0.109701 5.34748e-22)
(-0.00267543 -0.00470847 0)
(0.00245748 -0.00131759 -1.38298e-20)
(0.0142156 0.00777461 2.3207e-20)
(0.0299397 0.0205918 3.31906e-20)
(0.0480667 0.0357546 -5.31431e-22)
(0.0671866 0.0523004 -3.85837e-22)
(0.0860109 0.0694394 3.80314e-20)
(0.103459 0.0865184 -3.67923e-20)
(0.119036 0.102929 7.30448e-20)
(0.132558 0.118585 -7.25164e-20)
(-0.00277344 -0.00528808 -6.84739e-21)
(0.000844651 -0.00234095 3.88771e-20)
(0.0103227 0.00674224 6.04589e-20)
(0.023605 0.0197599 -6.84065e-20)
(0.0394078 0.0353769 4.17573e-20)
(0.0565393 0.0526771 3.93398e-20)
(0.0738648 0.0708894 -1.9203e-20)
(0.0903844 0.0893405 7.44023e-20)
(0.105575 0.107384 1.51309e-21)
(0.119018 0.124649 -3.52188e-20)
(-0.00271135 -0.00566495 -6.99894e-21)
(-0.000423889 -0.00313681 6.64987e-21)
(0.00688924 0.00573876 0)
(0.0178021 0.0186433 5.71836e-20)
(0.0312971 0.0343322 -1.06751e-20)
(0.0463914 0.0519718 9.95895e-23)
(0.0621035 0.070841 -1.90226e-20)
(0.0775227 0.090261 -5.62315e-20)
(0.0920937 0.109535 -6.67568e-22)
(0.105235 0.128078 5.44084e-20)
(-0.00253258 -0.00579457 0)
(-0.00141743 -0.00363869 -4.08884e-20)
(0.00386162 0.00484083 1.25279e-20)
(0.0125079 0.0173256 -3.52304e-20)
(0.0237485 0.0327032 1.08319e-20)
(0.0367957 0.050256 -3.3274e-22)
(0.0508185 0.0693435 -3.09505e-22)
(0.0650017 0.0893131 3.74722e-20)
(0.0787633 0.109444 -5.4395e-20)
(0.0914317 0.128991 5.35607e-20)
(-0.00228621 -0.00564602 3.6152e-21)
(-0.00220222 -0.00380476 2.73021e-20)
(0.00120235 0.00410216 0)
(0.00772483 0.0158764 3.54022e-20)
(0.0168077 0.030573 -3.32549e-20)
(0.0278399 0.0476151 -1.04748e-20)
(0.0401355 0.0664708 2.92892e-20)
(0.0529789 0.0865476 0)
(0.0657743 0.107141 0)
(0.0778284 0.127414 0)
(-0.00202301 -0.00520747 -3.67044e-21)
(-0.00283292 -0.00362294 -1.05467e-20)
(-0.00109922 0.00355192 1.30143e-20)
(0.00349492 0.0143541 1.81329e-20)
(0.0105694 0.0280295 1.66834e-20)
(0.0196665 0.0441575 1.06086e-20)
(0.0302371 0.062336 0)
(0.04167 0.0820653 1.92007e-20)
(0.0533756 0.1027 -8.84013e-21)
(0.0646882 0.123387 0)
(-0.00179072 -0.00449152 0)
(-0.00334503 -0.00311602 2.11312e-20)
(-0.00301748 0.00319344 -1.30117e-20)
(-8.88756e-05 0.0128077 -1.2094e-20)
(0.00519185 0.0251724 2.70252e-24)
(0.0124915 0.0400263 -5.30048e-21)
(0.021387 0.0571081 5.08457e-21)
(0.0313755 0.0760392 0)
(0.0418967 0.0962736 -9.14133e-21)
(0.0523377 0.11702 -9.1215e-21)
(-0.0016283 -0.00353821 4.70492e-22)
(-0.00374699 -0.00234059 -7.99267e-21)
(-0.00448439 0.00300809 -8.38965e-22)
(-0.00287726 0.0112828 -1.67396e-23)
(0.000903768 0.0221223 -4.29381e-21)
(0.00661624 0.0354123 0)
(0.0139463 0.0510311 -5.08319e-21)
(0.0225011 0.0687387 0)
(0.0317746 0.0881253 0)
(0.0412048 0.108539 0)
)
;

boundaryField
{
    inlet
    {
        type            uniformFixedValue;
        uniformValue    constant (1 0 0);
        value           uniform (1 0 0);
    }
    outlet
    {
        type            pressureInletOutletVelocity;
        value           nonuniform List<vector> 
40
(
(0.000413152 0.109219 0)
(-0.00263884 0.17956 0)
(-0.00165471 0.255711 0)
(0.00419774 0.350551 0)
(0.0122143 0.46079 0)
(0.0176715 0.567374 0)
(0.0153343 0.663123 0)
(0.0122651 0.763332 0)
(0.00434512 0.879903 0)
(0.0024996 0.987661 0)
(0.000982162 0.062935 1.01977e-22)
(0.00121735 0.0426181 -2.08135e-23)
(0.00146251 0.0216174 1.20593e-22)
(0.001696 0.000107214 1.96857e-23)
(0 -0.0216873 0)
(0 -0.0435056 0)
(0 -0.0650673 0)
(0 -0.0860704 0)
(0 -0.106216 0)
(0 -0.125233 0)
(0 -0.142902 0)
(0 -0.159079 0)
(0 -0.173696 0)
(0 -0.186768 0)
(0 -0.198377 0)
(0 -0.208661 0)
(0 -0.217798 0)
(0 -0.225986 0)
(0 -0.233432 0)
(0 -0.240339 0)
(0 -0.255877 0)
(0 -0.281137 0)
(0 -0.311717 0)
(0 -0.351575 0)
(0 -0.404777 0)
(0 -0.472512 0)
(0 -0.548318 0)
(0 -0.616842 0)
(0 -0.66414 0)
(0 -0.688082 0)
)
;
    }
    cylinder
    {
        type            fixedValue;
        value           uniform (0 0 0);
    }
    top
    {
        type            symmetryPlane;
    }
    bottom
    {
        type            symmetryPlane;
    }
    defaultFaces
    {
        type            empty;
    }
}


// ************************************************************************* //
