/*--------------------------------*- C++ -*----------------------------------*\
  =========                 |
  \\      /  F ield         | OpenFOAM: The Open Source CFD Toolbox
   \\    /   O peration     | Website:  https://openfoam.org
    \\  /    A nd           | Version:  7
     \\/     M anipulation  |
\*---------------------------------------------------------------------------*/
FoamFile
{
    version     2.0;
    format      ascii;
    class       volVectorField;
    location    "54.3";
    object      U;
}
// * * * * * * * * * * * * * * * * * * * * * * * * * * * * * * * * * * * * * //

dimensions      [0 1 -1 0 0 0 0];

internalField   nonuniform List<vector> 
2000
(
(-0.000755108 -0.00760222 -7.62404e-22)
(-0.00208215 -0.012218 0)
(-0.00274445 -0.0108921 0)
(-0.00189227 -0.00529028 -3.77191e-21)
(0.000465333 0.00380133 1.17839e-21)
(0.00422782 0.0159711 2.15796e-23)
(0.00921574 0.0309045 -2.03251e-21)
(0.0151626 0.0482309 0)
(0.0216527 0.0674417 0)
(0.0282605 0.0878318 0)
(-0.00041211 -0.00676629 0)
(-0.00162007 -0.0114942 -2.93753e-21)
(-0.00257083 -0.0109423 2.70901e-21)
(-0.00232064 -0.00648552 5.0241e-21)
(-0.000827489 0.00120535 0)
(0.00187193 0.01181 4.44739e-21)
(0.00568058 0.0251248 -4.13568e-21)
(0.0104232 0.0409208 0)
(0.015751 0.0588562 7.47987e-21)
(0.0212336 0.078429 -1.44301e-20)
(-0.00013245 -0.00583266 0)
(-0.000983157 -0.0106253 2.3747e-20)
(-0.00181689 -0.0107837 0)
(-0.00175492 -0.00740694 2.06166e-20)
(-0.000746411 -0.00107816 0)
(0.00120351 0.00793706 -1.81114e-20)
(0.00405771 0.0195139 0)
(0.00772474 0.0335533 1.60601e-20)
(0.0119431 0.0498998 -1.50409e-20)
(0.0162486 0.0683069 -1.47323e-20)
(0.000111833 -0.00489097 -6.26732e-21)
(-8.1775e-05 -0.00972123 -1.18022e-20)
(-0.000328635 -0.0104714 -5.52356e-21)
(2.56896e-05 -0.00801808 -1.01791e-20)
(0.00100422 -0.0028889 -9.64086e-21)
(0.00260277 0.00466113 8.92938e-21)
(0.0048174 0.0145401 8.53788e-21)
(0.0076243 0.0267426 3.26423e-23)
(0.0108686 0.0412964 1.52906e-20)
(0.0140324 0.0582389 1.47331e-20)
(0.000374805 -0.00404078 -6.2818e-21)
(0.00120035 -0.00890096 -1.20626e-20)
(0.00205318 -0.0100734 -2.25923e-20)
(0.00322192 -0.00830357 1.03886e-20)
(0.00467645 -0.00409525 0)
(0.00638984 0.00226656 0)
(0.00836634 0.0106701 -1.75397e-20)
(0.0106263 0.0211471 -1.65623e-20)
(0.0131377 0.0338752 1.57029e-20)
(0.0153469 0.0491619 4.53344e-20)
(0.000734662 -0.00337576 6.31191e-21)
(0.00299666 -0.00827513 6.12843e-21)
(0.00547349 -0.00966242 -3.38609e-20)
(0.00798032 -0.00827839 5.29242e-20)
(0.0104237 -0.00462677 -9.82039e-21)
(0.0127429 0.000948442 0)
(0.0149344 0.008269 0)
(0.0170388 0.0173381 8.35684e-20)
(0.019154 0.0284198 -7.88283e-20)
(0.0207664 0.0420269 1.50663e-20)
(0.00129012 -0.00297259 5.00894e-20)
(0.00544455 -0.00792546 0)
(0.010043 -0.00930496 4.51267e-20)
(0.0143619 -0.00798734 -4.2293e-20)
(0.0182522 -0.00449436 0)
(0.0216229 0.000756895 1.89332e-20)
(0.0244617 0.00749528 -5.31564e-20)
(0.0268147 0.0156365 -6.72579e-20)
(0.0289008 0.0254465 3.16526e-20)
(0.0303749 0.0375466 3.05772e-20)
(0.00214978 -0.00286991 -9.99586e-20)
(0.00867448 -0.00789356 -1.21934e-20)
(0.0158187 -0.00904679 -2.27004e-20)
(0.0223201 -0.00749309 -5.31438e-20)
(0.0279915 -0.0037905 -2.01789e-20)
(0.032731 0.00157353 -1.90221e-20)
(0.0365299 0.0082364 -4.04568e-23)
(0.0394392 0.0159945 0)
(0.0417792 0.0250294 0)
(0.0435288 0.0359629 1.48908e-22)
(0.00341509 -0.00306517 4.98701e-20)
(0.0127874 -0.00816768 -4.83951e-20)
(0.0227903 -0.0088944 3.39281e-20)
(0.0316885 -0.00685875 7.46644e-20)
(0.0392919 -0.00267033 -1.9862e-20)
(0.0455211 0.00312742 1.90522e-20)
(0.0503942 0.0101116 1.79293e-20)
(0.0539662 0.0179837 0)
(0.0566006 0.0268139 0)
(0.0587361 0.0371125 -2.83061e-22)
(0.00517535 -0.00351666 -6.18293e-21)
(0.0178342 -0.00866991 6.06085e-20)
(0.0308611 -0.00880789 -1.12554e-20)
(0.0421753 -0.00613341 0)
(0.051641 -0.00132572 0)
(0.0592587 0.00503196 3.7663e-20)
(0.0651296 0.0125058 0)
(0.069355 0.0207983 -3.34656e-20)
(0.072231 0.0299695 -3.01035e-22)
(0.0743318 0.0403225 3.01656e-20)
(0.0448514 0.13438 5.75433e-22)
(0.0632001 0.209904 -5.8239e-22)
(0.0658977 0.26853 -6.74548e-22)
(0.0620666 0.323298 -7.47053e-22)
(0.0532052 0.382679 -8.61764e-22)
(0.0466954 0.450759 -1.95637e-23)
(0.0324999 0.529387 4.5141e-22)
(0.0283962 0.62158 1.51433e-21)
(0.00526575 0.741142 0)
(0.00924579 0.879808 -1.08649e-21)
(0.0355895 0.124777 2.14259e-21)
(0.0567061 0.20412 -2.54369e-21)
(0.0617383 0.266972 4.56847e-21)
(0.0590958 0.323757 7.48344e-22)
(0.0509022 0.383994 1.58967e-21)
(0.0448426 0.452565 2.61433e-21)
(0.031228 0.531655 -9.47584e-22)
(0.0273272 0.624342 -1.01253e-21)
(0.00510644 0.743835 2.01532e-21)
(0.00875709 0.881479 1.0839e-21)
(0.027373 0.1138 0)
(0.0504325 0.196106 -2.42554e-21)
(0.0579347 0.263787 -1.33364e-21)
(0.0565128 0.323009 0)
(0.04893 0.384259 -4.85099e-21)
(0.0432771 0.453421 1.55512e-21)
(0.0301583 0.533078 1.693e-21)
(0.0264084 0.626381 5.64432e-21)
(0.0050189 0.746154 -2.0088e-21)
(0.00831801 0.88298 4.02331e-21)
(0.0209419 0.10207 0)
(0.0443921 0.185816 2.44612e-21)
(0.0544674 0.258878 0)
(0.0542933 0.320991 5.8855e-21)
(0.0472766 0.383437 -5.9158e-21)
(0.0419873 0.453245 -3.38495e-21)
(0.0292836 0.533454 -1.41693e-22)
(0.0256476 0.627379 -5.53928e-21)
(0.00500538 0.747606 -9.17602e-22)
(0.00790485 0.884059 -4.9648e-21)
(0.0173772 0.0904095 3.58385e-22)
(0.0387177 0.173414 -7.00124e-21)
(0.0513131 0.252158 3.07819e-22)
(0.0524045 0.317666 -5.39273e-21)
(0.0459239 0.381624 0)
(0.0409449 0.452264 -3.28659e-21)
(0.0285752 0.533203 -1.73441e-22)
(0.0250158 0.627971 7.10806e-21)
(0.00503432 0.748913 9.25877e-22)
(0.00753291 0.885096 -9.29184e-22)
(0.0178703 0.0797454 -1.91147e-20)
(0.0337559 0.159411 1.22298e-20)
(0.0484535 0.24357 5.33581e-21)
(0.0508231 0.312916 -5.33291e-21)
(0.0448662 0.378618 -2.88712e-21)
(0.0401578 0.450084 0)
(0.0280463 0.531652 -6.57311e-21)
(0.0245305 0.627176 3.26649e-21)
(0.00513064 0.748976 3.47586e-21)
(0.00717001 0.885588 3.55387e-21)
(0.0232267 0.0709571 -2.38412e-21)
(0.0301459 0.144711 0)
(0.0458819 0.233114 0)
(0.0495099 0.306895 0)
(0.0440794 0.374939 -3.01192e-21)
(0.0395771 0.447625 5.8899e-21)
(0.0276483 0.530161 6.46069e-21)
(0.0241274 0.626742 -9.87611e-21)
(0.00522539 0.749571 1.70954e-21)
(0.0068547 0.886306 -5.21285e-21)
(0.0333549 0.0645677 1.47974e-20)
(0.0287907 0.130497 1.04024e-20)
(0.0436949 0.220869 -1.03088e-20)
(0.0484687 0.298979 1.1056e-20)
(0.0435593 0.369357 -1.37353e-20)
(0.0392615 0.44309 0)
(0.0274388 0.526332 -3.02059e-21)
(0.0238903 0.623833 9.6613e-23)
(0.00541855 0.748046 -3.1896e-21)
(0.00652723 0.886221 -3.256e-21)
(0.0470154 0.0602209 -1.268e-20)
(0.0306515 0.117344 0)
(0.0419944 0.207658 -1.19523e-20)
(0.0476828 0.291116 2.14705e-20)
(0.0432825 0.364918 -8.01157e-21)
(0.0390615 0.440405 -1.42177e-21)
(0.0272917 0.52478 3.01421e-21)
(0.0236396 0.623377 1.43736e-23)
(0.00551882 0.748599 4.65371e-21)
(0.00626474 0.88684 4.76122e-21)
(0.0617398 0.05793 -1.06166e-20)
(0.0366056 0.10483 1.0377e-20)
(0.0414878 0.190101 1.31612e-21)
(0.0470531 0.276929 0)
(0.0432304 0.354065 0)
(0.0392786 0.431436 1.37334e-21)
(0.0274369 0.517046 5.62147e-21)
(0.0236941 0.617233 -5.45733e-21)
(0.00584574 0.744875 -1.40415e-21)
(0.00595673 0.886139 1.36103e-21)
(0.0843939 0.0694062 0)
(0.0530025 0.103827 0)
(0.0455638 0.178791 0)
(0.0485324 0.271605 0)
(0.0436362 0.354603 0)
(0.0390215 0.434771 0)
(0.0273501 0.520894 0)
(0.0230203 0.62162 0)
(0.00580969 0.748879 0)
(0.00547392 0.888167 0)
(0.0998249 0.0975069 0)
(0.075696 0.134295 0)
(0.0561688 0.190138 0)
(0.0523115 0.275069 0)
(0.0456615 0.360416 0)
(0.0382999 0.442693 0)
(0.0259765 0.530673 0)
(0.0212394 0.633265 0)
(0.00560044 0.760064 0)
(0.00489974 0.895106 0)
(0.102749 0.10812 0)
(0.0891029 0.155824 0)
(0.0679072 0.206751 0)
(0.0573567 0.283706 0)
(0.0494738 0.368937 0)
(0.0416238 0.451685 0)
(0.0284239 0.53857 0)
(0.0218189 0.640423 0)
(0.00627893 0.76646 0)
(0.00466784 0.898174 0)
(0.0980735 0.112098 0)
(0.0925647 0.170224 0)
(0.0758993 0.223222 0)
(0.0621606 0.295782 0)
(0.0507528 0.380026 0)
(0.0408577 0.463475 0)
(0.0279415 0.551041 0)
(0.0212251 0.653252 0)
(0.00671461 0.77851 0)
(0.00442905 0.906089 0)
(0.08913 0.112171 0)
(0.0888457 0.178593 0)
(0.078098 0.236019 0)
(0.0662606 0.306906 0)
(0.0555521 0.390847 0)
(0.0446747 0.474078 0)
(0.0302719 0.559911 0)
(0.0220185 0.660284 0)
(0.00752434 0.783923 0)
(0.00440415 0.908603 0)
(0.0764498 0.109976 0)
(0.079889 0.182583 0)
(0.0746216 0.246731 0)
(0.0643492 0.31916 0)
(0.0530991 0.403011 0)
(0.0427363 0.487547 0)
(0.0295195 0.574411 0)
(0.0213048 0.675076 0)
(0.00772653 0.797514 0)
(0.00416459 0.917943 0)
(0.0616275 0.105171 0)
(0.0678878 0.180563 0)
(0.0689255 0.250533 0)
(0.0648659 0.32747 0)
(0.0559896 0.413423 0)
(0.0450064 0.497598 0)
(0.0310258 0.582509 0)
(0.0218787 0.680955 0)
(0.00823805 0.801808 0)
(0.00414008 0.920148 0)
(0.0462246 0.0990181 0)
(0.0537719 0.176782 0)
(0.0567053 0.251845 0)
(0.0549628 0.333005 0)
(0.0492397 0.422697 0)
(0.041158 0.511029 0)
(0.0293302 0.598459 0)
(0.0208768 0.697604 0)
(0.00831822 0.816886 0)
(0.00392223 0.930843 0)
(0.032196 0.089718 0)
(0.0430196 0.168491 0)
(0.051581 0.249869 0)
(0.0541713 0.337378 0)
(0.0497426 0.429509 0)
(0.0417129 0.517391 0)
(0.0298626 0.603396 0)
(0.0210485 0.700917 0)
(0.00850007 0.819251 0)
(0.00389499 0.932042 0)
(0.0154677 0.0771548 0)
(0.023926 0.153704 0)
(0.0333869 0.237351 0)
(0.040378 0.332336 0)
(0.0413157 0.433868 0)
(0.0372814 0.529804 0)
(0.0281493 0.620188 0)
(0.0202572 0.718975 0)
(0.0086993 0.83547 0)
(0.00371179 0.9436 0)
(0.104625 0.0562129 8.95591e-21)
(0.110851 0.0686319 -8.81132e-21)
(0.108471 0.0709553 7.79995e-22)
(0.100977 0.0699402 0)
(0.0898699 0.0664862 0)
(0.0751098 0.0621418 2.07169e-22)
(0.0583253 0.0564249 -1.59581e-22)
(0.0413134 0.0499052 1.57047e-22)
(0.0262269 0.0419598 -4.32061e-23)
(0.0111646 0.0309694 4.25903e-23)
(0.109928 0.0504279 -1.1549e-20)
(0.110744 0.0569255 0)
(0.10606 0.0557163 4.38085e-21)
(0.0975716 0.0525468 -8.66172e-21)
(0.0861544 0.0475371 4.23194e-21)
(0.0714811 0.0421913 -2.0371e-22)
(0.0550345 0.0359325 1.29899e-22)
(0.0384025 0.0292164 -7.36847e-23)
(0.0235546 0.0217221 -7.53347e-23)
(0.00953784 0.0112962 -4.5881e-23)
(0.112432 0.0433918 1.29613e-20)
(0.109875 0.0449233 -6.24194e-21)
(0.103962 0.0408419 6.18156e-21)
(0.0947659 0.0356789 -3.32813e-21)
(0.0830097 0.0290369 2.61829e-21)
(0.0682761 0.0225316 0)
(0.0520123 0.0155154 -1.30195e-22)
(0.0356828 0.00849723 -4.53319e-24)
(0.0210363 0.00131539 8.33397e-23)
(0.00779833 -0.00838966 9.0169e-23)
(0.113147 0.0342991 -1.98971e-21)
(0.108001 0.0316157 0)
(0.101311 0.0252356 0)
(0.0916521 0.0184357 0)
(0.0797607 0.0103888 1.54485e-21)
(0.0651222 0.00289516 -9.39748e-22)
(0.0491288 -0.00481671 6.73998e-23)
(0.0331452 -0.0120956 9.44213e-23)
(0.0187512 -0.0190864 4.02974e-23)
(0.00648801 -0.0278928 3.56204e-23)
(0.112211 0.023365 -1.13617e-21)
(0.10519 0.0172286 -5.24999e-21)
(0.0980733 0.00894061 -2.11571e-21)
(0.0881284 0.000800421 2.11408e-21)
(0.0762384 -0.00843467 -5.97624e-22)
(0.0618293 -0.0167144 0)
(0.0462085 -0.0249939 -1.08733e-22)
(0.0306712 -0.0324487 -7.53295e-23)
(0.0166813 -0.0392752 4.9013e-23)
(0.00528284 -0.0470794 -7.66471e-23)
(0.109933 0.0109998 -1.39849e-20)
(0.101665 0.00215099 2.32683e-21)
(0.0943893 -0.0077865 6.25532e-22)
(0.0843103 -0.0170191 2.03145e-21)
(0.0725439 -0.0272664 0)
(0.0584434 -0.0361548 0)
(0.0432689 -0.0448731 0)
(0.0282514 -0.0524155 -9.63625e-24)
(0.0147824 -0.059039 0)
(0.00422725 -0.065796 0)
(0.106556 -0.00237878 0)
(0.0975615 -0.0132457 3.97388e-21)
(0.0903581 -0.0246664 -2.56944e-21)
(0.0802532 -0.0347701 -1.38635e-21)
(0.0687224 -0.0458778 1.39343e-21)
(0.0549978 -0.0552281 2.12828e-22)
(0.0403378 -0.0642742 -2.82151e-22)
(0.0259006 -0.0718135 -3.96093e-23)
(0.0130381 -0.0781632 -1.14293e-24)
(0.00334336 -0.0838676 3.12163e-23)
(0.102272 -0.0163984 0)
(0.0930159 -0.0286403 -1.40537e-21)
(0.0860198 -0.0414268 -5.55031e-22)
(0.0759944 -0.052188 0)
(0.0647953 -0.0640313 1.54517e-22)
(0.0515278 -0.0737225 -5.98434e-22)
(0.0374327 -0.0829906 1.62679e-22)
(0.0236337 -0.090438 -3.18047e-23)
(0.0114467 -0.0964309 1.4796e-23)
(0.00261795 -0.101114 -4.42648e-23)
(0.0972121 -0.0307512 1.76621e-21)
(0.0881198 -0.0437484 1.2348e-21)
(0.081401 -0.0578092 -4.15923e-22)
(0.071578 -0.0690394 2.06497e-22)
(0.0607973 -0.0814969 2.78734e-22)
(0.0480577 -0.091423 2.46642e-22)
(0.0345723 -0.100807 -4.0902e-23)
(0.0214675 -0.10808 -1.10827e-23)
(0.0100091 -0.113636 -1.48444e-23)
(0.00203222 -0.117364 -5.36336e-24)
(0.0915143 -0.0451346 -3.7298e-22)
(0.0829214 -0.0583433 3.76511e-22)
(0.0765744 -0.0735903 -2.75719e-22)
(0.0670589 -0.0851165 -2.06177e-22)
(0.0567598 -0.0980625 1.15422e-22)
(0.0446162 -0.108131 -2.01554e-22)
(0.031781 -0.117521 5.52843e-23)
(0.0194216 -0.124546 -3.40487e-24)
(0.00872529 -0.129601 0)
(0.00156682 -0.132472 5.37376e-24)
(0.085423 -0.0592938 3.75802e-22)
(0.0775546 -0.0722575 -3.79085e-22)
(0.0716484 -0.0885857 -2.81594e-22)
(0.0625333 -0.100254 -2.13808e-22)
(0.0527465 -0.113548 -1.20986e-22)
(0.0412541 -0.123682 2.49861e-23)
(0.0290944 -0.132961 3.61923e-23)
(0.0175171 -0.139685 4.06813e-23)
(0.00759332 -0.144199 0)
(0.00120202 -0.146335 1.29186e-25)
(0.0792137 -0.0730573 0)
(0.0722032 -0.0853797 -1.26273e-21)
(0.0667602 -0.102647 2.13009e-21)
(0.0581227 -0.114333 2.14117e-22)
(0.04884 -0.127813 3.18167e-22)
(0.0380326 -0.137956 3.05691e-22)
(0.0265529 -0.147004 -5.3634e-23)
(0.0157728 -0.153402 -2.30354e-23)
(0.00660823 -0.157361 2.12541e-23)
(0.000918892 -0.158899 -1.28859e-25)
(0.0730794 -0.0863128 0)
(0.066995 -0.097661 -1.43805e-21)
(0.061995 -0.115665 -5.77233e-22)
(0.053907 -0.127293 0)
(0.0450976 -0.140765 -8.58925e-22)
(0.0349954 -0.15089 3.35387e-22)
(0.0241877 -0.159593 1.75796e-22)
(0.0141992 -0.165668 2.40674e-22)
(0.00576192 -0.16908 -2.11848e-23)
(0.000700461 -0.170165 1.75486e-23)
(0.0671474 -0.0989842 0)
(0.0620103 -0.109126 1.44992e-21)
(0.0573973 -0.127574 0)
(0.0499282 -0.139139 1.60873e-21)
(0.0415541 -0.152377 -1.61712e-21)
(0.0321656 -0.162488 -3.74906e-22)
(0.0220178 -0.17074 1.04758e-22)
(0.0127975 -0.176525 -2.55375e-22)
(0.00504361 -0.179417 -4.51734e-23)
(0.000531876 -0.180185 -2.88358e-23)
(0.061522 -0.111022 1.44678e-20)
(0.0573265 -0.119877 -5.43802e-21)
(0.0530138 -0.138358 -5.48783e-22)
(0.0462211 -0.149939 -2.2142e-21)
(0.038243 -0.162687 0)
(0.0295576 -0.172817 -4.06972e-22)
(0.0200543 -0.180526 1.5946e-22)
(0.0115613 -0.186073 4.17464e-22)
(0.00444093 -0.188479 1.44981e-23)
(0.00040035 -0.189057 -1.44688e-23)
(0.0562752 -0.122376 1.16527e-21)
(0.0530221 -0.130085 8.45858e-21)
(0.0489045 -0.148044 2.30325e-21)
(0.0428176 -0.159811 -2.30192e-21)
(0.0352008 -0.171793 -7.75006e-22)
(0.0271803 -0.181993 0)
(0.0183025 -0.189083 -6.37865e-22)
(0.0104799 -0.194457 3.39176e-22)
(0.0039413 -0.196417 1.54369e-22)
(0.000295257 -0.196911 3.86855e-23)
(0.0514907 -0.132965 -2.00544e-21)
(0.0492162 -0.139983 0)
(0.0451722 -0.156705 0)
(0.0397628 -0.168901 0)
(0.0324773 -0.179844 -5.87471e-22)
(0.0250457 -0.190167 1.36108e-21)
(0.0167667 -0.196583 6.63967e-22)
(0.00954207 -0.201845 -7.58708e-22)
(0.00353336 -0.2034 4.02149e-23)
(0.000207873 -0.203901 -7.80637e-23)
(0.0471935 -0.142638 -4.63319e-21)
(0.0459547 -0.149826 6.26031e-21)
(0.0418649 -0.164451 -6.20156e-21)
(0.0370443 -0.177356 3.91225e-21)
(0.0300858 -0.187022 -4.73689e-21)
(0.0231417 -0.197503 0)
(0.0154361 -0.203209 -4.2016e-22)
(0.0087311 -0.208416 -2.38031e-23)
(0.00320487 -0.209608 -1.41626e-22)
(0.000129525 -0.210189 -4.93192e-23)
(0.0427372 -0.151079 -2.17304e-21)
(0.042653 -0.159837 0)
(0.0386256 -0.171445 -6.09371e-21)
(0.0343402 -0.185322 9.40167e-21)
(0.0278284 -0.193539 -3.21424e-21)
(0.0213259 -0.204182 -3.29242e-22)
(0.0142257 -0.209159 4.19205e-22)
(0.00799663 -0.214345 4.97682e-23)
(0.00293043 -0.215213 2.98765e-22)
(5.30981e-05 -0.215939 9.77146e-23)
(0.03827 -0.157581 -8.83934e-21)
(0.0391996 -0.170209 8.62574e-21)
(0.0356049 -0.177969 7.92615e-22)
(0.0316812 -0.192979 0)
(0.0257172 -0.199661 0)
(0.0196044 -0.210424 3.39575e-22)
(0.0131214 -0.214648 7.81579e-22)
(0.00732679 -0.219812 -7.6663e-22)
(0.00269491 -0.22038 -5.56333e-23)
(4.32715e-06 -0.221309 5.43537e-23)
(0.0409406 -0.166183 0)
(0.0396499 -0.194482 0)
(0.035551 -0.192676 0)
(0.0304686 -0.21057 0)
(0.024373 -0.213875 0)
(0.0179244 -0.224895 0)
(0.0118958 -0.227296 0)
(0.00646608 -0.232305 0)
(0.0024599 -0.232092 0)
(5.14912e-05 -0.233466 0)
(0.0301208 -0.206133 0)
(0.0249736 -0.233187 0)
(0.0231827 -0.226521 0)
(0.0186927 -0.242589 0)
(0.0154525 -0.241643 0)
(0.0111047 -0.251031 0)
(0.00764921 -0.250582 0)
(0.00416592 -0.254807 0)
(0.00175807 -0.253312 0)
(0.000103923 -0.254936 0)
(0.0278093 -0.246633 0)
(0.0217948 -0.272583 0)
(0.0193487 -0.262074 0)
(0.0146733 -0.277453 0)
(0.0119966 -0.273125 0)
(0.00824655 -0.282022 0)
(0.0058366 -0.279333 0)
(0.00315731 -0.283465 0)
(0.00151656 -0.280852 0)
(0.00011286 -0.28288 0)
(0.0242586 -0.292578 0)
(0.0180665 -0.318252 0)
(0.0158789 -0.304636 0)
(0.0114829 -0.320109 0)
(0.00954451 -0.31296 0)
(0.00633286 -0.322126 0)
(0.00474131 -0.317539 0)
(0.00256083 -0.322107 0)
(0.00142524 -0.318388 0)
(0.0001039 -0.321032 0)
(0.0214586 -0.34761 0)
(0.0156476 -0.373183 0)
(0.0133573 -0.357802 0)
(0.00935743 -0.373737 0)
(0.0078157 -0.364684 0)
(0.00504193 -0.374551 0)
(0.00397455 -0.36852 0)
(0.00209754 -0.373841 0)
(0.00131252 -0.369156 0)
(5.82334e-05 -0.372636 0)
(0.0188721 -0.413358 0)
(0.0134352 -0.437244 0)
(0.0112634 -0.422591 0)
(0.00763051 -0.438202 0)
(0.00639483 -0.428865 0)
(0.00394115 -0.439016 0)
(0.00319247 -0.432448 0)
(0.001505 -0.438335 0)
(0.00101123 -0.43319 0)
(-5.95728e-05 -0.437402 0)
(0.0154769 -0.484927 0)
(0.0108318 -0.504415 0)
(0.00898967 -0.493605 0)
(0.00592908 -0.50699 0)
(0.00489899 -0.499483 0)
(0.00279553 -0.508513 0)
(0.00218301 -0.502776 0)
(0.000722434 -0.508281 0)
(0.000489117 -0.503615 0)
(-0.000202213 -0.5079 0)
(0.0116347 -0.550142 0)
(0.00809436 -0.563925 0)
(0.00654212 -0.558459 0)
(0.00413383 -0.567908 0)
(0.00330159 -0.563537 0)
(0.00161053 -0.56993 0)
(0.0011188 -0.566095 0)
(-3.27075e-05 -0.569996 0)
(-9.61007e-06 -0.566661 0)
(-0.000283014 -0.569916 0)
(0.00705108 -0.597539 0)
(0.00473427 -0.605356 0)
(0.00381858 -0.604829 0)
(0.00233063 -0.610219 0)
(0.00184334 -0.609102 0)
(0.000729846 -0.612399 0)
(0.000411536 -0.610683 0)
(-0.000335158 -0.612459 0)
(-0.00020103 -0.610696 0)
(-0.000237002 -0.612307 0)
(0.00217261 -0.621003 0)
(0.00134231 -0.626617 0)
(0.00117677 -0.628711 0)
(0.000721022 -0.631842 0)
(0.000599922 -0.632284 0)
(0.000214501 -0.633851 0)
(0.000100863 -0.633239 0)
(-0.000156765 -0.633845 0)
(-9.72521e-05 -0.632967 0)
(-8.60279e-05 -0.633618 0)
(0.0374929 -0.178623 1.02362e-20)
(0.0304125 -0.219398 -1.00443e-20)
(0.0295529 -0.261393 1.26479e-21)
(0.0262838 -0.308934 0)
(0.0239269 -0.364341 0)
(0.0211883 -0.428305 1.36998e-21)
(0.017652 -0.495518 -5.76807e-21)
(0.0132569 -0.554804 5.70485e-21)
(0.00830509 -0.597481 1.52715e-21)
(0.00284248 -0.618114 -1.50436e-21)
(0.0366953 -0.184983 -1.21467e-20)
(0.0309887 -0.225119 0)
(0.0304191 -0.266855 8.3835e-21)
(0.0272402 -0.314426 -1.91415e-20)
(0.0250356 -0.369631 1.21074e-20)
(0.0222156 -0.432784 -1.24833e-21)
(0.0186128 -0.498366 2.72133e-21)
(0.0140014 -0.555858 5.66719e-21)
(0.00886783 -0.596802 1.56596e-21)
(0.0031205 -0.617001 1.53202e-21)
(0.0363617 -0.191581 1.42249e-20)
(0.0321142 -0.231487 -9.45596e-21)
(0.0316489 -0.272612 9.36632e-21)
(0.028518 -0.319709 -9.98755e-21)
(0.0263853 -0.374381 7.4135e-21)
(0.023417 -0.436502 0)
(0.0196494 -0.500396 -2.72806e-21)
(0.014788 -0.556265 1.30217e-22)
(0.00937215 -0.595655 -2.94921e-21)
(0.00330278 -0.615666 -3.01106e-21)
(0.0365217 -0.197153 -2.29524e-21)
(0.0336429 -0.237196 0)
(0.0332148 -0.277986 0)
(0.0301294 -0.324691 0)
(0.027994 -0.378862 8.05506e-21)
(0.0248247 -0.43995 -5.37071e-21)
(0.0208149 -0.502208 -2.07457e-23)
(0.0156526 -0.556407 -3.15363e-21)
(0.00986748 -0.594379 -1.60962e-21)
(0.00343156 -0.613914 -1.70834e-21)
(0.0373061 -0.202012 4.98815e-24)
(0.0355302 -0.241923 -6.88704e-21)
(0.0350599 -0.28246 -4.96833e-21)
(0.0320205 -0.328944 4.96527e-21)
(0.0298243 -0.382746 -2.64843e-21)
(0.0264245 -0.44293 0)
(0.0221363 -0.503726 -2.99128e-21)
(0.016631 -0.556321 6.44783e-21)
(0.0104244 -0.59301 -3.29125e-21)
(0.00356957 -0.61185 3.3572e-21)
(0.0387837 -0.206381 -1.85099e-20)
(0.0378189 -0.245839 2.14784e-21)
(0.037201 -0.285985 -2.32345e-22)
(0.0341723 -0.332264 5.08596e-21)
(0.0318532 -0.38575 0)
(0.0281987 -0.44515 0)
(0.0236132 -0.50469 0)
(0.0177353 -0.555879 3.44168e-21)
(0.0110781 -0.591456 0)
(0.00375037 -0.6096 0)
(0.0409616 -0.210124 0)
(0.0405398 -0.248992 7.33344e-21)
(0.0396862 -0.288631 -4.93332e-21)
(0.0366055 -0.334645 -5.54979e-21)
(0.0340927 -0.387798 5.57872e-21)
(0.0301516 -0.446483 3.19255e-21)
(0.0252433 -0.504951 -3.182e-21)
(0.018963 -0.554969 -1.22849e-20)
(0.011829 -0.589635 8.7598e-22)
(0.00397838 -0.607213 -2.94857e-21)
(0.0438389 -0.213037 0)
(0.0436947 -0.251276 -2.40556e-21)
(0.0425478 -0.290371 -1.31461e-21)
(0.0393447 -0.336099 0)
(0.0365696 -0.388904 1.56646e-21)
(0.0323046 -0.446933 -4.74813e-21)
(0.0270354 -0.504483 5.16455e-21)
(0.0203148 -0.553553 1.81921e-21)
(0.0126685 -0.587504 -1.97754e-21)
(0.00424766 -0.604673 3.91629e-21)
(0.0474235 -0.214978 2.29768e-21)
(0.0472804 -0.252586 2.56108e-21)
(0.0458012 -0.291128 -5.97098e-22)
(0.042402 -0.336596 7.28192e-22)
(0.0393064 -0.389072 1.51805e-21)
(0.0346794 -0.446531 2.49127e-21)
(0.0290036 -0.503327 -9.19549e-22)
(0.0217944 -0.551651 -9.82547e-22)
(0.0135895 -0.585065 1.98407e-21)
(0.00455256 -0.601955 1.06821e-21)
(0.0517238 -0.215844 -6.11949e-22)
(0.0512988 -0.252879 6.1713e-22)
(0.0494575 -0.290832 -6.74311e-22)
(0.0457813 -0.336096 -7.27286e-22)
(0.0423167 -0.38828 8.32261e-22)
(0.0372919 -0.445284 -1.69233e-21)
(0.0311641 -0.501496 1.4035e-21)
(0.0234152 -0.549272 4.95758e-22)
(0.0145974 -0.58232 0)
(0.00489414 -0.599037 -1.07058e-21)
(0.0567423 -0.215546 6.26095e-22)
(0.055751 -0.252159 -6.31663e-22)
(0.0535287 -0.289449 -7.18781e-22)
(0.0494849 -0.334583 -7.79849e-22)
(0.0456124 -0.386515 -8.65018e-22)
(0.0401506 -0.443205 -4.94933e-23)
(0.0335242 -0.499022 4.94084e-22)
(0.0251795 -0.54645 1.57609e-21)
(0.015691 -0.579285 0)
(0.005272 -0.595916 -1.1615e-21)
(0.0624757 -0.214053 0)
(0.0606319 -0.250447 -2.79215e-21)
(0.0580265 -0.286989 5.02268e-21)
(0.0535108 -0.332071 7.81203e-22)
(0.0492019 -0.383771 1.76389e-21)
(0.0432653 -0.440272 2.84034e-21)
(0.0361007 -0.495869 -9.97512e-22)
(0.027108 -0.543147 -1.06689e-21)
(0.0168869 -0.57594 2.33782e-21)
(0.0056923 -0.59258 1.15877e-21)
(0.0689164 -0.211426 0)
(0.0659318 -0.247753 -2.79334e-21)
(0.0629552 -0.283509 -1.49385e-21)
(0.0578651 -0.32857 0)
(0.0530974 -0.380095 -5.50866e-21)
(0.046636 -0.436539 1.84869e-21)
(0.0388871 -0.492108 2.13403e-21)
(0.0291845 -0.539433 6.81238e-21)
(0.0181693 -0.572303 -2.33024e-21)
(0.00614799 -0.58903 5.00096e-21)
(0.0760534 -0.207794 0)
(0.0716443 -0.244051 2.81727e-21)
(0.0683085 -0.27915 0)
(0.0625408 -0.324141 7.14105e-21)
(0.0573013 -0.375488 -7.17765e-21)
(0.0502819 -0.431942 -4.21791e-21)
(0.0419107 -0.487637 -7.12683e-23)
(0.0314544 -0.535199 -6.99191e-21)
(0.0195758 -0.568298 -1.16604e-21)
(0.00665041 -0.585216 -6.22018e-21)
(0.0838733 -0.203339 2.14895e-20)
(0.077751 -0.239392 -8.15425e-21)
(0.0740601 -0.273946 5.87467e-22)
(0.067583 -0.318766 -6.8259e-21)
(0.0618278 -0.369985 0)
(0.0541876 -0.426613 -4.38447e-21)
(0.045139 -0.482631 -3.09578e-22)
(0.0338711 -0.530601 9.48746e-21)
(0.0210643 -0.564046 1.28767e-21)
(0.00717687 -0.581205 -1.2925e-21)
(0.0923231 -0.198299 -1.32866e-21)
(0.0842925 -0.233633 1.47954e-20)
(0.0802059 -0.267827 7.08199e-21)
(0.0729862 -0.31241 -7.07721e-21)
(0.0666796 -0.363555 -4.09862e-21)
(0.0583965 -0.420366 0)
(0.0486462 -0.476807 -9.69288e-21)
(0.0365251 -0.525384 4.85929e-21)
(0.0227136 -0.559397 5.14308e-21)
(0.00776735 -0.576896 5.48465e-21)
(0.101352 -0.192709 -2.93758e-21)
(0.0913114 -0.22688 0)
(0.0866566 -0.261135 0)
(0.0787125 -0.30546 0)
(0.0717991 -0.356695 -4.6234e-21)
(0.0628227 -0.413838 8.70718e-21)
(0.0522949 -0.470848 9.85932e-21)
(0.0392498 -0.520082 -1.54266e-20)
(0.0243849 -0.554636 2.73837e-21)
(0.00834763 -0.572458 -8.14555e-21)
(0.110761 -0.186487 -5.0255e-21)
(0.0988021 -0.2192 1.39952e-20)
(0.0934172 -0.253555 -1.38618e-20)
(0.0848331 -0.297368 1.67038e-20)
(0.0773155 -0.348502 -2.09496e-20)
(0.0676828 -0.405843 0)
(0.0563836 -0.46353 -5.14098e-21)
(0.0423743 -0.513767 -1.94582e-22)
(0.0263422 -0.549251 -5.6745e-21)
(0.00905061 -0.567567 -5.76799e-21)
(0.120264 -0.18062 -3.12928e-21)
(0.106553 -0.211837 0)
(0.100221 -0.246591 -1.78686e-20)
(0.0910177 -0.290172 3.309e-20)
(0.0828259 -0.341525 -1.26832e-20)
(0.0724575 -0.399259 -2.46135e-21)
(0.0602929 -0.45751 5.13e-21)
(0.0452753 -0.508289 -2.33772e-22)
(0.0281104 -0.544186 8.29681e-21)
(0.00962775 -0.562759 8.53544e-21)
(0.130314 -0.172198 -1.36661e-20)
(0.115839 -0.201028 1.3368e-20)
(0.108171 -0.235875 1.92069e-21)
(0.0983401 -0.27883 0)
(0.0894379 -0.330072 0)
(0.0783795 -0.388289 2.39179e-21)
(0.0653431 -0.447863 1.07063e-20)
(0.0491915 -0.50042 -1.04557e-20)
(0.0306013 -0.537837 -2.82894e-21)
(0.0105413 -0.557061 2.78044e-21)
(0.141573 -0.173392 0)
(0.135733 -0.197169 0)
(0.123896 -0.233404 0)
(0.112509 -0.275563 0)
(0.102029 -0.32586 0)
(0.0891043 -0.382313 0)
(0.073969 -0.439684 0)
(0.0554881 -0.490074 0)
(0.0343606 -0.526149 0)
(0.0114823 -0.545168 0)
(0.164863 -0.157449 0)
(0.170222 -0.185954 0)
(0.15133 -0.22534 0)
(0.139948 -0.266757 0)
(0.126657 -0.31627 0)
(0.110493 -0.370232 0)
(0.0915821 -0.423867 0)
(0.0687094 -0.469959 0)
(0.0427965 -0.501977 0)
(0.0150234 -0.517592 0)
(0.196737 -0.141556 0)
(0.207093 -0.17119 0)
(0.180844 -0.210049 0)
(0.171069 -0.249787 0)
(0.153502 -0.29794 0)
(0.133534 -0.348527 0)
(0.109998 -0.398375 0)
(0.0819962 -0.441319 0)
(0.0505147 -0.472076 0)
(0.0165466 -0.488928 0)
(0.237197 -0.130512 0)
(0.249149 -0.15891 0)
(0.216449 -0.196472 0)
(0.209209 -0.234998 0)
(0.185448 -0.281442 0)
(0.161618 -0.327569 0)
(0.132536 -0.372911 0)
(0.0985599 -0.410832 0)
(0.0610752 -0.436632 0)
(0.0216295 -0.44832 0)
(0.285398 -0.116182 0)
(0.295561 -0.142178 0)
(0.257623 -0.17712 0)
(0.25116 -0.212598 0)
(0.218005 -0.254177 0)
(0.189941 -0.293881 0)
(0.153464 -0.33433 0)
(0.112948 -0.36823 0)
(0.068679 -0.393406 0)
(0.0215587 -0.408933 0)
(0.343367 -0.106883 0)
(0.349329 -0.129891 0)
(0.307568 -0.162085 0)
(0.298817 -0.192946 0)
(0.255324 -0.229127 0)
(0.224612 -0.263336 0)
(0.179526 -0.299266 0)
(0.132058 -0.327202 0)
(0.0811282 -0.346623 0)
(0.0300076 -0.353028 0)
(0.404484 -0.0870208 0)
(0.401877 -0.105324 0)
(0.357252 -0.13217 0)
(0.341779 -0.155989 0)
(0.288639 -0.185539 0)
(0.254446 -0.212843 0)
(0.196152 -0.241548 0)
(0.1422 -0.263929 0)
(0.0831545 -0.285575 0)
(0.0219952 -0.305331 0)
(0.469686 -0.0739337 0)
(0.457521 -0.087309 0)
(0.413883 -0.10905 0)
(0.388998 -0.1265 0)
(0.332305 -0.150761 0)
(0.291763 -0.171322 0)
(0.223495 -0.194789 0)
(0.165944 -0.214645 0)
(0.0997867 -0.23444 0)
(0.0450487 -0.233689 0)
(0.516997 -0.0398387 0)
(0.496914 -0.0464275 0)
(0.445564 -0.059533 0)
(0.410488 -0.0682147 0)
(0.345041 -0.0828157 0)
(0.293502 -0.0925161 0)
(0.212021 -0.106417 0)
(0.145132 -0.11777 0)
(0.0637668 -0.140068 0)
(-0.0193861 -0.187928 0)
(0.724672 -0.0200966 0)
(0.699752 -0.0236263 0)
(0.65492 -0.0289804 0)
(0.615104 -0.0337353 0)
(0.555194 -0.0409174 0)
(0.498236 -0.0477265 0)
(0.418836 -0.0584651 0)
(0.337559 -0.0724892 0)
(0.228894 -0.100971 0)
(0.15933 -0.157097 0)
(0.169212 -0.152688 1.44587e-20)
(0.195468 -0.135276 -1.42429e-20)
(0.228528 -0.120232 2.16137e-21)
(0.268457 -0.110063 0)
(0.316061 -0.0974994 0)
(0.371465 -0.0893226 2.99803e-21)
(0.430515 -0.0720779 -1.393e-20)
(0.491596 -0.0617636 1.37808e-20)
(0.543824 -0.0323469 3.88539e-21)
(0.745864 -0.0172162 -3.91203e-21)
(0.177669 -0.143945 -1.4485e-20)
(0.203043 -0.126018 0)
(0.235998 -0.111713 1.49918e-20)
(0.275968 -0.101977 -3.56676e-20)
(0.323686 -0.0901164 2.36119e-20)
(0.378894 -0.0823889 -2.75948e-21)
(0.437815 -0.0661274 5.96308e-21)
(0.498339 -0.056913 1.31624e-20)
(0.553316 -0.0293619 3.60479e-21)
(0.753797 -0.0159917 3.52244e-21)
(0.184981 -0.134146 1.68728e-20)
(0.209245 -0.116308 -1.48613e-20)
(0.241457 -0.103056 1.47208e-20)
(0.281136 -0.0938502 -1.87643e-20)
(0.32875 -0.0827818 1.36886e-20)
(0.3839 -0.0756174 0)
(0.442873 -0.060439 -5.97768e-21)
(0.503462 -0.0524328 -7.39844e-23)
(0.561286 -0.026701 -6.81685e-21)
(0.760873 -0.014835 -7.06456e-21)
(0.192454 -0.123693 -2.85922e-21)
(0.216461 -0.106343 0)
(0.24787 -0.0942471 0)
(0.287184 -0.0856424 0)
(0.334538 -0.075449 1.51627e-20)
(0.389434 -0.0689644 -1.02709e-20)
(0.448288 -0.0549688 -3.10087e-22)
(0.508763 -0.048229 -6.70701e-21)
(0.568809 -0.0243151 -3.42965e-21)
(0.767579 -0.0137648 -3.48161e-21)
(0.199386 -0.112876 1.90868e-21)
(0.223489 -0.0963151 -8.90195e-21)
(0.254174 -0.085382 -8.09054e-21)
(0.293372 -0.0774596 8.08557e-21)
(0.340593 -0.0681739 -4.82395e-21)
(0.39532 -0.062446 0)
(0.454047 -0.0496748 -5.89902e-21)
(0.51431 -0.044192 1.2957e-20)
(0.576115 -0.0221051 -6.5264e-21)
(0.77398 -0.0127665 6.97819e-21)
(0.205527 -0.101745 -2.18932e-20)
(0.229536 -0.0862663 1.73522e-21)
(0.259624 -0.076514 -9.59842e-22)
(0.298689 -0.0693796 7.97236e-21)
(0.345905 -0.0610275 0)
(0.400651 -0.056116 0)
(0.459371 -0.0445668 0)
(0.519559 -0.0402936 6.2653e-21)
(0.582964 -0.020018 0)
(0.779946 -0.0118223 0)
(0.210855 -0.090302 0)
(0.234529 -0.0761924 1.00524e-20)
(0.264113 -0.0676265 -6.89523e-21)
(0.302964 -0.0613765 -8.84705e-21)
(0.350123 -0.05403 8.89311e-21)
(0.404986 -0.0499879 5.46321e-21)
(0.463773 -0.0396552 -5.22383e-21)
(0.524098 -0.0365455 -2.16893e-20)
(0.589073 -0.0180444 1.54046e-21)
(0.785346 -0.0109291 -5.08688e-21)
(0.215282 -0.0785695 0)
(0.238521 -0.0660649 -3.16642e-21)
(0.267618 -0.0587225 -1.81507e-21)
(0.306299 -0.0534196 0)
(0.353299 -0.0471353 2.58029e-21)
(0.408298 -0.0440313 -7.51913e-21)
(0.467129 -0.0349194 8.66295e-21)
(0.52784 -0.0329453 3.24865e-21)
(0.594271 -0.0161768 -3.23601e-21)
(0.79011 -0.0100849 6.80322e-21)
(0.218674 -0.0665667 2.34556e-21)
(0.241482 -0.0558647 3.35218e-21)
(0.270134 -0.0497949 -6.713e-22)
(0.308633 -0.0454959 1.02637e-21)
(0.355529 -0.0403097 2.31536e-21)
(0.410629 -0.0381882 3.86904e-21)
(0.469538 -0.0303366 -1.4079e-21)
(0.530782 -0.0294759 -1.52985e-21)
(0.598545 -0.014399 3.2467e-21)
(0.794245 -0.00930192 1.67048e-21)
(0.220885 -0.0542954 -7.04074e-22)
(0.243342 -0.0455761 7.1291e-22)
(0.271616 -0.0408264 -8.98849e-22)
(0.309895 -0.0375945 -1.02507e-21)
(0.356768 -0.0335306 1.21036e-21)
(0.411979 -0.0324223 -2.50625e-21)
(0.471085 -0.0258673 2.13802e-21)
(0.532878 -0.0261028 7.955e-22)
(0.601979 -0.0126924 0)
(0.797754 -0.00857283 -1.67411e-21)
(0.221836 -0.0417383 7.01449e-22)
(0.244085 -0.0351829 -7.10331e-22)
(0.272032 -0.0317981 -8.95108e-22)
(0.310069 -0.0296956 -1.02131e-21)
(0.356961 -0.0267766 -1.20766e-21)
(0.412333 -0.0267108 -5.98129e-23)
(0.471773 -0.021473 6.7346e-22)
(0.534144 -0.0228032 2.25097e-21)
(0.604628 -0.0110442 0)
(0.800645 -0.00788931 -1.65495e-21)
(0.221541 -0.0288854 0)
(0.24377 -0.0246659 -3.32641e-21)
(0.271408 -0.0226877 6.04402e-21)
(0.309179 -0.0217713 1.02307e-21)
(0.356087 -0.02002 2.29782e-21)
(0.411663 -0.0210277 3.83719e-21)
(0.471541 -0.0171164 -1.39978e-21)
(0.534554 -0.0195523 -1.51632e-21)
(0.606426 -0.00943129 3.19028e-21)
(0.802914 -0.00722738 1.65107e-21)
(0.220029 -0.0157586 0)
(0.242462 -0.013998 -3.10225e-21)
(0.269786 -0.0134641 -1.80123e-21)
(0.307265 -0.0137875 0)
(0.354172 -0.013226 -7.1498e-21)
(0.409987 -0.0153407 2.32163e-21)
(0.47041 -0.0127691 2.70615e-21)
(0.534167 -0.0163364 8.98251e-21)
(0.607429 -0.00784506 -3.17995e-21)
(0.804598 -0.00659132 6.5717e-21)
(0.217292 -0.00239951 0)
(0.240154 -0.00315229 3.12883e-21)
(0.267177 -0.00409729 0)
(0.304341 -0.00571102 8.74296e-21)
(0.35121 -0.00635614 -8.78775e-21)
(0.407264 -0.00960982 -5.36368e-21)
(0.468296 -0.00838923 -2.11354e-22)
(0.532878 -0.0131169 -9.01865e-21)
(0.607495 -0.00625322 -1.49895e-21)
(0.80568 -0.00595205 -8.13953e-21)
(0.213352 0.0111341 2.07101e-20)
(0.236835 0.00789477 -7.91416e-21)
(0.26362 0.00543306 9.96782e-22)
(0.300463 0.00248603 -7.8467e-21)
(0.347272 0.000619834 0)
(0.403618 -0.00381107 -5.3983e-21)
(0.465374 -0.00396719 -4.28248e-22)
(0.530888 -0.00989927 1.1901e-20)
(0.606879 -0.00466693 1.60743e-21)
(0.806225 -0.0053383 -1.60636e-21)
(0.208273 0.0247523 -2.36033e-21)
(0.232464 0.0191621 1.49089e-20)
(0.259116 0.0151412 7.93689e-21)
(0.2956 0.0108362 -7.93129e-21)
(0.34226 0.00774373 -4.73151e-21)
(0.398852 0.00211069 0)
(0.461329 0.000571454 -1.15708e-20)
(0.527855 -0.00660754 5.77002e-21)
(0.605182 -0.00302905 6.21015e-21)
(0.806177 -0.004694 6.52381e-21)
(0.202282 0.0383276 -2.67225e-21)
(0.227199 0.0306498 0)
(0.253898 0.0250095 0)
(0.290037 0.0193355 0)
(0.336569 0.0150015 -5.30998e-21)
(0.393522 0.00812047 1.00246e-20)
(0.45685 0.00515589 1.1607e-20)
(0.524473 -0.00332836 -1.81173e-20)
(0.603169 -0.00139747 3.21754e-21)
(0.805655 -0.00409135 -9.63625e-21)
(0.195296 0.0516544 -4.13693e-21)
(0.220668 0.0424044 1.43821e-20)
(0.24757 0.0351045 -1.42441e-20)
(0.283246 0.0280893 1.84704e-20)
(0.329426 0.02253 -2.31646e-20)
(0.386538 0.0144017 0)
(0.450632 0.0100145 -5.79952e-21)
(0.519543 0.000150637 -7.79697e-23)
(0.599598 0.000358684 -6.40409e-21)
(0.804526 -0.00341058 -6.51051e-21)
(0.188861 0.0643691 -2.79455e-21)
(0.214517 0.0540776 0)
(0.241838 0.0450554 -1.87868e-20)
(0.27719 0.0367538 3.54281e-20)
(0.323224 0.0299739 -1.36745e-20)
(0.380709 0.020573 -2.71359e-21)
(0.445557 0.0147246 5.78709e-21)
(0.515453 0.00346955 -1.79479e-22)
(0.596747 0.00206697 9.33689e-21)
(0.803011 -0.00281552 9.59117e-21)
(0.177868 0.0773702 -1.25266e-20)
(0.203795 0.0675959 1.22732e-20)
(0.231907 0.0564682 1.96912e-21)
(0.266878 0.0466094 0)
(0.312426 0.0384552 0)
(0.370156 0.027661 2.64346e-21)
(0.43614 0.0202578 1.17728e-20)
(0.508008 0.00735777 -1.1468e-20)
(0.590785 0.00404758 -3.07571e-21)
(0.800852 -0.00205184 2.94465e-21)
(0.183274 0.101471 0)
(0.203681 0.0968824 0)
(0.231417 0.0802287 0)
(0.265308 0.0674729 0)
(0.309397 0.0561621 0)
(0.365619 0.0423693 0)
(0.429792 0.0314058 0)
(0.500594 0.015218 0)
(0.584639 0.00848907 0)
(0.794858 -0.000658876 0)
(0.164872 0.135897 0)
(0.188149 0.142189 0)
(0.219816 0.11718 0)
(0.254334 0.103079 0)
(0.299179 0.0868676 0)
(0.354871 0.0682004 0)
(0.418489 0.0511193 0)
(0.490499 0.0292048 0)
(0.581791 0.0162379 0)
(0.795596 0.00218009 0)
(0.145654 0.179021 0)
(0.168187 0.188494 0)
(0.199122 0.154981 0)
(0.232418 0.141735 0)
(0.277003 0.120138 0)
(0.330344 0.0968086 0)
(0.391323 0.0732929 0)
(0.461807 0.0447959 0)
(0.556058 0.0244093 0)
(0.773052 0.00411549 0)
(0.130514 0.22789 0)
(0.149455 0.237892 0)
(0.179937 0.196816 0)
(0.212971 0.186458 0)
(0.257451 0.157533 0)
(0.308019 0.129492 0)
(0.367835 0.0984749 0)
(0.439784 0.0624723 0)
(0.542699 0.0337151 0)
(0.766664 0.00733849 0)
(0.111065 0.285531 0)
(0.126617 0.293597 0)
(0.155895 0.247998 0)
(0.185109 0.239771 0)
(0.224479 0.20046 0)
(0.268442 0.168511 0)
(0.323559 0.128941 0)
(0.392294 0.0844837 0)
(0.496784 0.0454681 0)
(0.726433 0.00979532 0)
(0.0969233 0.352833 0)
(0.109791 0.358043 0)
(0.137223 0.308912 0)
(0.161014 0.299644 0)
(0.197173 0.248872 0)
(0.236678 0.216204 0)
(0.289641 0.166217 0)
(0.357951 0.113211 0)
(0.470482 0.0620527 0)
(0.709647 0.0154454 0)
(0.0698727 0.432788 0)
(0.0794708 0.432096 0)
(0.100759 0.382205 0)
(0.117983 0.368975 0)
(0.147695 0.311322 0)
(0.177808 0.279554 0)
(0.221934 0.216254 0)
(0.282541 0.156738 0)
(0.392806 0.0908659 0)
(0.636183 0.0227577 0)
(0.0591289 0.523949 0)
(0.0654065 0.518093 0)
(0.0824545 0.46832 0)
(0.0948862 0.450118 0)
(0.11894 0.39007 0)
(0.141904 0.356752 0)
(0.182496 0.282801 0)
(0.240158 0.22518 0)
(0.352566 0.1424 0)
(0.592507 0.0416036 0)
(0.0151905 0.655912 0)
(0.0162136 0.645886 0)
(0.0235284 0.60233 0)
(0.0277486 0.581918 0)
(0.0393777 0.528658 0)
(0.0511767 0.494884 0)
(0.0779305 0.424764 0)
(0.119034 0.368012 0)
(0.21016 0.25539 0)
(0.426975 0.076662 0)
(0.0180551 0.836217 0)
(0.0220855 0.82262 0)
(0.0273605 0.796289 0)
(0.0340958 0.776126 0)
(0.0435498 0.739489 0)
(0.0565223 0.705559 0)
(0.0768749 0.647157 0)
(0.108555 0.576884 0)
(0.168085 0.431275 0)
(0.305731 0.150802 0)
(0.155164 0.128618 1.22278e-20)
(0.144107 0.171806 -1.20893e-20)
(0.127354 0.215409 1.86844e-21)
(0.113424 0.263676 0)
(0.0961713 0.320342 0)
(0.0834072 0.38505 2.58711e-21)
(0.0597189 0.463375 -1.18433e-20)
(0.0505439 0.552137 1.17617e-20)
(0.0126369 0.679616 3.2276e-21)
(0.0167552 0.849737 -3.24599e-21)
(0.143899 0.136595 -1.20509e-20)
(0.135448 0.18194 0)
(0.120133 0.224818 1.29403e-20)
(0.106891 0.273344 -3.07812e-20)
(0.0904275 0.330211 2.03274e-20)
(0.0782254 0.394883 -2.3763e-21)
(0.0557557 0.47315 4.96468e-21)
(0.0471441 0.56177 1.08523e-20)
(0.011645 0.688202 2.83027e-21)
(0.0162067 0.853135 2.81132e-21)
(0.132285 0.142536 1.40234e-20)
(0.12646 0.189735 -1.2596e-20)
(0.112922 0.232119 1.24756e-20)
(0.100589 0.28063 -1.59856e-20)
(0.0849509 0.337602 1.16471e-20)
(0.0733687 0.402619 0)
(0.0520711 0.480927 -4.97686e-21)
(0.0440487 0.569958 -1.37701e-22)
(0.01055 0.695646 -5.52899e-21)
(0.0154487 0.855214 -5.68308e-21)
(0.120595 0.147633 -2.3595e-21)
(0.117435 0.197431 0)
(0.105808 0.240239 0)
(0.0944804 0.288559 0)
(0.0797161 0.345492 1.26258e-20)
(0.0688091 0.410689 -8.56212e-21)
(0.0486573 0.488864 -2.74871e-22)
(0.0412357 0.578201 -5.39243e-21)
(0.00940513 0.702985 -2.73032e-21)
(0.0145301 0.858072 -2.75471e-21)
(0.109051 0.151281 1.40554e-21)
(0.108666 0.204187 -7.35021e-21)
(0.0989505 0.248129 -6.73735e-21)
(0.0886503 0.296525 6.73291e-21)
(0.0747894 0.353546 -4.00694e-21)
(0.0645645 0.418965 0)
(0.0455041 0.497009 -4.75622e-21)
(0.0386733 0.586524 1.02675e-20)
(0.00833624 0.710334 -5.12255e-21)
(0.0135711 0.861844 5.5502e-21)
(0.0976971 0.153243 -1.82635e-20)
(0.100239 0.20942 1.43359e-21)
(0.0924514 0.25482 -7.8626e-22)
(0.083187 0.303769 6.53851e-21)
(0.0702374 0.360868 0)
(0.0606914 0.426675 0)
(0.0426349 0.504703 0)
(0.0363675 0.594419 4.81002e-21)
(0.00744017 0.717342 0)
(0.0126623 0.865881 0)
(0.0865541 0.153438 0)
(0.0921516 0.213041 8.15015e-21)
(0.0863557 0.260173 -5.59338e-21)
(0.0781217 0.309949 -7.06932e-21)
(0.0660645 0.36717 7.10599e-21)
(0.0572177 0.433449 4.2303e-21)
(0.0400621 0.511538 -4.01726e-21)
(0.0343264 0.601547 -1.64497e-20)
(0.00674121 0.723699 1.16583e-21)
(0.0118353 0.869624 -3.74255e-21)
(0.0756556 0.151732 0)
(0.0844063 0.215015 -2.56393e-21)
(0.0806568 0.264269 -1.43755e-21)
(0.073473 0.314977 0)
(0.0622738 0.372521 1.99609e-21)
(0.0541119 0.439252 -5.76001e-21)
(0.0377748 0.517317 6.51848e-21)
(0.0325434 0.607762 2.45358e-21)
(0.00622075 0.729214 -2.30352e-21)
(0.0110869 0.872809 5.02321e-21)
(0.0650351 0.148004 2.07675e-21)
(0.0770104 0.215236 2.65706e-21)
(0.0753483 0.267091 -5.44939e-22)
(0.0692477 0.318882 7.85786e-22)
(0.0588741 0.376913 1.77974e-21)
(0.0513272 0.444095 2.90029e-21)
(0.0357534 0.522169 -1.01218e-21)
(0.0309887 0.613238 -1.0874e-21)
(0.00581915 0.733922 2.31114e-21)
(0.0104021 0.875501 1.16654e-21)
(0.0547356 0.142197 -5.768e-22)
(0.0699525 0.213571 5.83759e-22)
(0.0704302 0.268541 -7.007e-22)
(0.0654469 0.321662 -7.84797e-22)
(0.0558571 0.380308 8.87817e-22)
(0.0488555 0.44793 -1.84226e-21)
(0.0340018 0.526184 1.52653e-21)
(0.0296182 0.617836 5.70129e-22)
(0.00550537 0.737792 0)
(0.00978725 0.877777 -1.16909e-21)
(0.00749297 -0.00414139 0)
(0.0238001 -0.00926592 0)
(0.0398365 -0.00870444 -4.53839e-20)
(0.0533657 -0.00534576 0)
(0.0643831 4.11506e-05 2.00374e-20)
(0.0730507 0.00683944 -1.85684e-20)
(0.0796558 0.014634 0)
(0.0845536 0.0232115 0)
(0.0883639 0.0326979 -3.0643e-20)
(0.0920806 0.0427793 5.78387e-20)
(0.0103827 -0.00481752 0)
(0.0305804 -0.00977714 -3.61534e-20)
(0.0494123 -0.00847235 -1.12101e-20)
(0.0647333 -0.00450787 -4.24005e-20)
(0.0767609 0.00124766 -1.96343e-20)
(0.0858891 0.00814422 -5.52273e-20)
(0.0926247 0.0157609 0)
(0.0975229 0.0238475 0)
(0.101347 0.0323684 0)
(0.105107 0.0410344 -7.77709e-22)
(0.0137932 -0.00540022 0)
(0.0379551 -0.0100113 -1.22449e-20)
(0.0591722 -0.00800447 2.26632e-20)
(0.0756787 -0.00363592 3.18896e-20)
(0.0880225 0.00214654 2.59758e-22)
(0.0968994 0.00869247 4.03588e-22)
(0.103055 0.0156058 3.36881e-20)
(0.107202 0.0226468 -3.11669e-20)
(0.11013 0.0298084 5.79091e-20)
(0.112738 0.0371754 -5.46506e-20)
(0.0176192 -0.00575024 -6.1188e-21)
(0.0456174 -0.0098036 3.62071e-20)
(0.0686392 -0.00723255 5.66218e-20)
(0.0856132 -0.00277321 -6.33508e-20)
(0.0975417 0.00260643 3.92668e-20)
(0.105495 0.00831835 3.64853e-20)
(0.110485 0.0140495 -1.69205e-20)
(0.113384 0.0196427 6.18064e-20)
(0.115007 0.0252085 -1.14309e-21)
(0.116147 0.0310231 -2.69052e-20)
(0.0216969 -0.00574761 -6.27268e-21)
(0.053187 -0.00904281 5.95936e-21)
(0.0773172 -0.00614775 0)
(0.0940226 -0.00199912 5.27415e-20)
(0.104885 0.00250831 -9.7367e-21)
(0.111409 0.00692606 -3.76437e-23)
(0.114888 0.0110787 -1.65707e-20)
(0.116351 0.0149353 -4.49976e-20)
(0.116647 0.0187273 -7.35496e-23)
(0.116481 0.0227483 3.82693e-20)
(0.0258115 -0.00530811 0)
(0.0602436 -0.00769227 -3.69093e-20)
(0.0847439 -0.004808 1.13468e-20)
(0.100523 -0.00142132 -3.16618e-20)
(0.10984 0.00176014 9.72441e-21)
(0.114661 0.00450079 2.05942e-22)
(0.116543 0.00679887 1.95673e-22)
(0.116636 0.00875859 2.97399e-20)
(0.115796 0.0106928 -4.07229e-20)
(0.114654 0.012825 3.77244e-20)
(0.0297129 -0.00439732 3.15564e-21)
(0.0663688 -0.00579927 2.46033e-20)
(0.0905404 -0.0033305 0)
(0.104892 -0.00115853 3.16795e-20)
(0.112406 0.000309279 -2.91814e-20)
(0.115484 0.00110247 -8.77512e-21)
(0.115891 0.00140087 2.43805e-20)
(0.114838 0.00142162 0)
(0.113142 0.00150159 0)
(0.111355 0.0017736 0)
(0.0331352 -0.00303863 -3.25852e-21)
(0.071187 -0.00349106 -9.54613e-21)
(0.094443 -0.00187437 1.16905e-20)
(0.107064 -0.00132381 1.60202e-20)
(0.112736 -0.00185679 1.45412e-20)
(0.11422 -0.00315875 8.88376e-21)
(0.113408 -0.00488881 0)
(0.111497 -0.00675976 1.44256e-20)
(0.109219 -0.00846462 -6.86843e-21)
(0.107032 -0.00995013 0)
(0.0358199 -0.00131532 0)
(0.0743999 -0.000961881 1.90825e-20)
(0.0963155 -0.000621561 -1.16885e-20)
(0.107111 -0.00201519 -1.07178e-20)
(0.111084 -0.00472095 7.8092e-23)
(0.111249 -0.00815367 -4.38304e-21)
(0.109528 -0.0118531 4.04733e-21)
(0.107047 -0.0155092 0)
(0.104418 -0.0188795 -6.64248e-21)
(0.101999 -0.0219971 -6.02243e-21)
(0.0375643 0.000632665 4.25628e-22)
(0.0758241 0.00154542 -7.25351e-21)
(0.0961501 0.000239642 -7.40209e-22)
(0.105204 -0.00331344 1.90221e-23)
(0.107748 -0.00825104 -3.68093e-21)
(0.106927 -0.0137594 0)
(0.104611 -0.019311 -4.04655e-21)
(0.101808 -0.0246161 0)
(0.0990097 -0.0295171 0)
(0.0964755 -0.0341134 0)
(0.0383028 0.00262957 -8.79572e-22)
(0.0754265 0.00377377 0)
(0.0940582 0.000535311 0)
(0.10158 -0.00527944 -4.24023e-21)
(0.103035 -0.0124093 1.21353e-21)
(0.101571 -0.0198708 -6.37308e-23)
(0.0989443 -0.0271202 -2.08257e-21)
(0.0960245 -0.0339218 0)
(0.093192 -0.0402059 0)
(0.0906157 -0.0461009 0)
(0.0379764 0.00450249 0)
(0.0732532 0.00550297 -3.40682e-21)
(0.0902178 0.000123789 3.14195e-21)
(0.0964982 -0.0079613 5.61687e-21)
(0.0972225 -0.0171695 0)
(0.0954371 -0.0264171 4.54163e-21)
(0.0927449 -0.035189 -4.22359e-21)
(0.0898778 -0.0433241 0)
(0.08712 -0.0508292 6.63182e-21)
(0.0845644 -0.0578421 -6.43196e-21)
(0.0365019 0.00605233 0)
(0.0693682 0.00649255 2.85121e-20)
(0.084828 -0.00113705 0)
(0.0902195 -0.0114048 2.3404e-20)
(0.0905738 -0.022512 0)
(0.0887572 -0.0333444 -1.89166e-20)
(0.0862047 -0.0434501 0)
(0.0835281 -0.0527513 1.49207e-20)
(0.0809358 -0.0613143 -1.39746e-20)
(0.0784626 -0.0692767 -1.29116e-20)
(0.0339282 0.00707784 -7.71316e-21)
(0.0639611 0.00652011 -1.40135e-20)
(0.0781542 -0.00336877 -6.61297e-21)
(0.0830218 -0.0156472 -1.17403e-20)
(0.0833365 -0.0284233 -1.07759e-20)
(0.0817324 -0.0406154 9.5361e-21)
(0.0794835 -0.0518585 8.72443e-21)
(0.077107 -0.062157 4.04786e-22)
(0.0747575 -0.0716184 1.41927e-20)
(0.0724244 -0.0803711 1.29343e-20)
(0.0303845 0.00740044 -8.0769e-21)
(0.0572949 0.00540393 -1.46923e-20)
(0.0704946 -0.00666347 -2.68239e-20)
(0.0751841 -0.0207142 1.22211e-20)
(0.0757436 -0.0348921 0)
(0.0745458 -0.0482022 0)
(0.0727235 -0.0603809 -1.71184e-20)
(0.0707306 -0.0715081 -1.53875e-20)
(0.0686878 -0.0817135 1.42684e-20)
(0.0665478 -0.0911059 -1.26524e-20)
(0.0260535 0.00687616 8.15639e-21)
(0.0496798 0.00300974 7.26813e-21)
(0.0621647 -0.0110828 -4.20051e-20)
(0.0669841 -0.0266193 6.16059e-20)
(0.0680203 -0.0419065 -1.11743e-20)
(0.0673727 -0.0560816 0)
(0.0660597 -0.0689879 0)
(0.0645042 -0.0807733 7.91891e-20)
(0.0628129 -0.0915732 -7.18519e-20)
(0.0609086 -0.101461 -3.97491e-20)
(0.0211594 0.0054054 6.88859e-20)
(0.0414572 -0.000743961 0)
(0.0534885 -0.0166562 5.52781e-20)
(0.0586968 -0.0333626 -4.95139e-20)
(0.0603901 -0.0494539 0)
(0.0603914 -0.0642336 1.9642e-20)
(0.0596305 -0.0776514 -5.43659e-20)
(0.0585292 -0.0899168 -6.38593e-20)
(0.0572039 -0.10116 2.97547e-20)
(0.0555665 -0.1114 2.73519e-20)
(0.0159533 0.00293958 -1.38914e-19)
(0.0329837 -0.00588237 -1.55251e-20)
(0.0447884 -0.0233801 -2.85423e-20)
(0.0505924 -0.0409316 -6.35519e-20)
(0.0530801 -0.0575231 -2.21943e-20)
(0.0537976 -0.0726479 -2.00328e-20)
(0.0535995 -0.086354 -3.90978e-22)
(0.0529271 -0.0989069 0)
(0.0519427 -0.110436 0)
(0.0505897 -0.120878 5.58402e-20)
(0.0106972 -0.000516191 7.00298e-20)
(0.0246137 -0.0123731 -6.36865e-20)
(0.0363738 -0.0312165 4.27434e-20)
(0.0429293 -0.0493018 8.873e-20)
(0.0463215 -0.0661104 -2.31498e-20)
(0.0478218 -0.0813388 1.97578e-20)
(0.0482096 -0.0951121 1.78425e-20)
(0.0479475 -0.107743 0)
(0.0472652 -0.119382 0)
(0.0461149 -0.129854 -2.82576e-20)
(0.00564748 -0.00490387 -8.87186e-21)
(0.0166832 -0.0201264 7.9449e-20)
(0.0285274 -0.040092 -1.45278e-20)
(0.0359373 -0.0584368 0)
(0.040327 -0.075232 0)
(0.0427165 -0.0903889 4.09105e-20)
(0.0438283 -0.104077 0)
(0.0441566 -0.116613 -3.28578e-20)
(0.0439485 -0.128137 8.89431e-22)
(0.0429001 -0.138265 2.91789e-20)
(0.0010387 -0.0101191 0)
(0.00949228 -0.0290006 0)
(0.0214888 -0.0498944 -5.7055e-20)
(0.0297887 -0.0682766 0)
(0.0352206 -0.0849143 2.25684e-20)
(0.038592 -0.100001 -2.09158e-20)
(0.0406056 -0.113834 0)
(0.0418042 -0.126876 0)
(0.0424136 -0.13956 -3.04487e-20)
(0.0418891 -0.151879 5.94142e-20)
(-0.00291427 -0.0160065 0)
(0.00330891 -0.0387966 -4.71948e-20)
(0.0154589 -0.0604555 -1.39093e-20)
(0.0245953 -0.0786816 -5.07463e-20)
(0.0310002 -0.0950128 -2.30525e-20)
(0.0352636 -0.109942 -6.20869e-20)
(0.0380242 -0.123836 0)
(0.0397835 -0.1371 0)
(0.0407051 -0.149985 0)
(0.0403317 -0.162086 3.40569e-23)
(-0.0060248 -0.0223506 0)
(-0.00163491 -0.0492427 -1.43487e-20)
(0.0106084 -0.0715423 2.89143e-20)
(0.0204519 -0.089436 3.79514e-20)
(0.0276811 -0.105272 3.37037e-22)
(0.0326696 -0.119825 1.6072e-22)
(0.0359768 -0.133468 3.73502e-20)
(0.0380649 -0.146457 -3.41716e-20)
(0.0391217 -0.158842 6.2524e-20)
(0.0389394 -0.170196 -6.03284e-20)
(-0.00816033 -0.0289084 -8.4583e-21)
(-0.0051673 -0.0600345 4.66189e-20)
(0.00707136 -0.082894 6.97544e-20)
(0.0174474 -0.100304 -7.41294e-20)
(0.025322 -0.115442 4.57751e-20)
(0.0308717 -0.12936 4.14405e-20)
(0.0345879 -0.142424 -1.85068e-20)
(0.0369253 -0.154767 6.81149e-20)
(0.0381451 -0.166349 -2.90902e-22)
(0.0382372 -0.176863 -3.05722e-20)
(-0.00924503 -0.0354211 -8.02e-21)
(-0.00717553 -0.0708448 7.62121e-21)
(0.00494722 -0.0942344 0)
(0.0156615 -0.111052 6.16093e-20)
(0.0239954 -0.125316 -1.1228e-20)
(0.0299578 -0.138375 -4.17021e-23)
(0.0339837 -0.150617 -1.87335e-20)
(0.036536 -0.162119 -5.11387e-20)
(0.0379488 -0.172838 2.71651e-22)
(0.0383332 -0.182607 4.5854e-20)
(-0.00926192 -0.0416283 0)
(-0.00760901 -0.0813391 -4.25971e-20)
(0.0042967 -0.105284 1.32248e-20)
(0.0151547 -0.121461 -3.5633e-20)
(0.0237655 -0.134728 1.10207e-20)
(0.0300036 -0.146768 2.05466e-22)
(0.0342544 -0.158041 1.59272e-22)
(0.0369849 -0.16862 3.41461e-20)
(0.0385798 -0.1785 -4.76632e-20)
(0.0392235 -0.187638 4.62917e-20)
(-0.00825226 -0.047283 3.77403e-21)
(-0.00648124 -0.0911909 2.82563e-20)
(0.00513734 -0.115771 0)
(0.0159604 -0.131326 3.53734e-20)
(0.0246768 -0.143538 -3.20705e-20)
(0.0310639 -0.154466 -9.89013e-21)
(0.0354598 -0.164691 2.76165e-20)
(0.0383238 -0.174322 0)
(0.0400642 -0.183399 0)
(0.0409102 -0.191966 0)
(-0.0063111 -0.0521631 -3.54057e-21)
(-0.0038689 -0.100095 -9.60258e-21)
(0.00744128 -0.125435 1.20762e-20)
(0.018081 -0.140454 1.69094e-20)
(0.0267495 -0.151619 1.60208e-20)
(0.033169 -0.161403 9.69956e-21)
(0.0376331 -0.170549 0)
(0.0405812 -0.179233 1.70473e-20)
(0.0424224 -0.187531 -7.96091e-21)
(0.0434103 -0.195537 0)
(-0.00358053 -0.0560767 0)
(9.05589e-05 -0.107774 1.91373e-20)
(0.0111347 -0.134033 -1.20731e-20)
(0.0214854 -0.148665 -1.12109e-20)
(0.0299773 -0.158855 -8.04369e-23)
(0.0363247 -0.167513 -4.90518e-21)
(0.040784 -0.175585 4.49153e-21)
(0.0437662 -0.183331 0)
(0.0456647 -0.19086 -8.00379e-21)
(0.0467403 -0.198289 -7.88163e-21)
(-0.000243606 -0.0588996 3.99043e-22)
(0.00519954 -0.114006 -6.93193e-21)
(0.0160958 -0.141352 -7.32793e-22)
(0.0261074 -0.155792 -2.60418e-23)
(0.0343264 -0.165132 -3.84251e-21)
(0.0405134 -0.172724 0)
(0.0449021 -0.179752 -4.49001e-21)
(0.0478716 -0.186575 0)
(0.0497906 -0.193336 0)
(0.0509107 -0.200155 0)
(0.00350011 -0.0607053 -7.51362e-22)
(0.0112211 -0.118724 0)
(0.022164 -0.147268 0)
(0.0318506 -0.161718 -3.77758e-21)
(0.0397403 -0.170364 1.27395e-21)
(0.0456991 -0.176985 5.36928e-23)
(0.0499605 -0.183015 -2.19139e-21)
(0.052877 -0.188933 0)
(0.0547905 -0.194916 0)
(0.0559292 -0.201074 0)
(0.00748703 -0.0615023 0)
(0.0179456 -0.121818 -2.76371e-21)
(0.0291603 -0.151628 2.54884e-21)
(0.038584 -0.166305 5.08774e-21)
(0.0461284 -0.174448 0)
(0.0518176 -0.18022 4.65558e-21)
(0.0559118 -0.185321 -4.32945e-21)
(0.0587471 -0.190361 0)
(0.0606469 -0.195557 8.20027e-21)
(0.0618047 -0.201003 -7.92028e-21)
(0.011544 -0.061228 0)
(0.0251305 -0.123184 1.99718e-20)
(0.0368846 -0.154313 0)
(0.0461602 -0.169439 1.9024e-20)
(0.0533862 -0.177292 0)
(0.0587917 -0.182367 -1.79332e-20)
(0.0626945 -0.186626 0)
(0.0654308 -0.190828 1.70902e-20)
(0.0673224 -0.195239 -1.60061e-20)
(0.0685271 -0.199934 -1.62431e-20)
(0.0154958 -0.0599133 -5.03001e-21)
(0.0325057 -0.122793 -1.01815e-20)
(0.0451027 -0.155265 -4.62066e-21)
(0.0544032 -0.171034 -9.40494e-21)
(0.0613837 -0.178817 -8.8846e-21)
(0.0665221 -0.183366 8.83663e-21)
(0.0702274 -0.186893 8.45801e-21)
(0.0728548 -0.190316 -3.23405e-22)
(0.0747499 -0.193961 1.6023e-20)
(0.0760549 -0.19789 1.62246e-20)
(0.0191843 -0.0576644 -4.65018e-21)
(0.0398036 -0.120729 -9.55867e-21)
(0.0535596 -0.154452 -1.85508e-20)
(0.0631232 -0.171024 8.72849e-21)
(0.069971 -0.17896 0)
(0.0748898 -0.183169 0)
(0.0784106 -0.186091 -1.75597e-20)
(0.0809246 -0.188813 -1.71511e-20)
(0.0828248 -0.191733 1.63979e-20)
(0.084302 -0.194914 -1.70971e-20)
(0.0224751 -0.0546244 4.50227e-21)
(0.0467857 -0.117104 4.86331e-21)
(0.062003 -0.151876 -2.49374e-20)
(0.0720933 -0.169376 4.36756e-20)
(0.0789754 -0.177672 -8.41201e-21)
(0.0837573 -0.181729 0)
(0.087126 -0.184188 0)
(0.0895267 -0.186306 8.44628e-20)
(0.0914015 -0.188573 -8.20339e-20)
(0.0931004 -0.191047 -5.10277e-20)
(0.0252662 -0.0509418 3.2437e-20)
(0.0532249 -0.112052 0)
(0.0701904 -0.147618 3.44056e-20)
(0.0810858 -0.166095 -3.45695e-20)
(0.0882077 -0.174924 0)
(0.0929711 -0.179012 1.76032e-20)
(0.0962404 -0.181153 -5.00523e-20)
(0.098535 -0.182782 -6.77094e-20)
(0.100344 -0.184499 3.20912e-20)
(0.10223 -0.18628 3.30221e-20)
(0.0274882 -0.0467724 -6.34569e-20)
(0.0589244 -0.105757 -8.4473e-21)
(0.0778837 -0.141795 -1.57393e-20)
(0.089873 -0.161225 -4.05767e-20)
(0.097471 -0.170711 -1.74358e-20)
(0.102367 -0.174991 -1.72517e-20)
(0.105607 -0.17695 2.55579e-22)
(0.107797 -0.178187 0)
(0.10952 -0.179404 0)
(0.11154 -0.180534 6.75001e-20)
(0.0291036 -0.0422747 3.10204e-20)
(0.0637267 -0.0984345 -3.07808e-20)
(0.084862 -0.134561 2.37714e-20)
(0.0982286 -0.154845 5.72984e-20)
(0.106565 -0.165061 -1.56503e-20)
(0.111786 -0.16966 1.7681e-20)
(0.115118 -0.171552 1.73971e-20)
(0.117252 -0.172478 0)
(0.118827 -0.173276 0)
(0.12086 -0.173965 -3.32585e-20)
(0.030107 -0.0376036 -3.67344e-21)
(0.0675177 -0.0903215 3.87359e-20)
(0.0909322 -0.126108 -7.33177e-21)
(0.105935 -0.147076 0)
(0.115284 -0.158034 0)
(0.121047 -0.163041 3.29707e-20)
(0.124603 -0.164939 0)
(0.126682 -0.165528 -3.42106e-20)
(0.127738 -0.16573 -1.92617e-21)
(0.128904 -0.165776 3.26104e-20)
(0.0305223 -0.0328997 0)
(0.0702294 -0.081655 0)
(0.0959349 -0.116648 -2.97528e-20)
(0.11279 -0.138069 0)
(0.123433 -0.149724 1.66198e-20)
(0.130021 -0.155182 -1.54025e-20)
(0.134127 -0.157101 0)
(0.13677 -0.157191 0)
(0.138648 -0.156537 -3.43532e-20)
(0.14155 -0.15613 6.69796e-20)
(0.0303633 -0.0282612 0)
(0.0718098 -0.0726448 -2.14056e-20)
(0.0997323 -0.106402 -6.56383e-21)
(0.1186 -0.128008 -3.00324e-20)
(0.130802 -0.140285 -1.45218e-20)
(0.138505 -0.146269 -4.67931e-20)
(0.143446 -0.148424 0)
(0.14695 -0.148491 0)
(0.150007 -0.147917 0)
(0.154035 -0.148128 5.309e-22)
(0.0296479 -0.0237806 0)
(0.0722375 -0.0635219 -7.33727e-21)
(0.102219 -0.0956226 1.49642e-20)
(0.123191 -0.117113 2.29696e-20)
(0.137166 -0.129893 4.81211e-22)
(0.146227 -0.136448 4.73566e-22)
(0.152199 -0.139023 3.1729e-20)
(0.156602 -0.139362 -3.2113e-20)
(0.160608 -0.139034 6.60445e-20)
(0.165338 -0.139302 -6.64267e-20)
(0.0284352 -0.0195576 -3.46593e-21)
(0.0715427 -0.0545124 2.13457e-20)
(0.10334 -0.0845689 3.58675e-20)
(0.126422 -0.105613 -4.47618e-20)
(0.142322 -0.118715 2.88643e-20)
(0.152933 -0.125803 2.96841e-20)
(0.160087 -0.128852 -1.66764e-20)
(0.165395 -0.129532 6.52245e-20)
(0.170105 -0.129399 1.82858e-21)
(0.175207 -0.129514 -3.18821e-20)
(0.0267999 -0.015674 -3.63034e-21)
(0.0697944 -0.0458203 3.44905e-21)
(0.103086 -0.0734912 0)
(0.128198 -0.0937391 3.69199e-20)
(0.146106 -0.106925 -7.07806e-21)
(0.15842 -0.114434 8.20212e-22)
(0.166897 -0.117932 -1.48393e-20)
(0.173167 -0.118959 -4.83054e-20)
(0.178511 -0.119004 -1.36126e-21)
(0.183847 -0.118979 4.95118e-20)
(0.0248193 -0.0121884 0)
(0.0670907 -0.0376204 -2.20774e-20)
(0.101493 -0.0626252 6.92118e-21)
(0.128473 -0.0817279 -2.20225e-20)
(0.148404 -0.0947181 7.01337e-21)
(0.162532 -0.102479 -6.00138e-22)
(0.17246 -0.10635 -5.71094e-22)
(0.179784 -0.107701 3.17487e-20)
(0.185793 -0.107906 -4.7528e-20)
(0.191361 -0.107776 4.78657e-20)
(0.0225718 -0.00913929 1.78014e-21)
(0.0635526 -0.0300567 1.45709e-20)
(0.0986386 -0.052187 0)
(0.127249 -0.069813 2.19726e-20)
(0.149144 -0.0823023 -2.15117e-20)
(0.165146 -0.0900995 -7.76601e-21)
(0.176632 -0.0942192 2.24264e-20)
(0.185108 -0.0958313 0)
(0.19185 -0.0961658 0)
(0.197712 -0.0959589 0)
(0.0201338 -0.0065478 -1.88114e-21)
(0.0593173 -0.0232413 -5.69888e-21)
(0.094638 -0.0423675 7.28593e-21)
(0.124575 -0.0582192 1.09677e-20)
(0.1483 -0.0698915 1.10693e-20)
(0.166178 -0.0774712 7.31254e-21)
(0.179295 -0.0816692 0)
(0.189014 -0.0834431 1.56969e-20)
(0.196574 -0.0838585 -7.1152e-21)
(0.202811 -0.0835942 0)
(0.0175757 -0.0044197 0)
(0.054529 -0.0172554 1.12938e-20)
(0.0896316 -0.0333289 -7.28437e-21)
(0.120541 -0.0471552 -7.20817e-21)
(0.145894 -0.0576996 -1.5942e-22)
(0.165584 -0.0647825 -3.82173e-21)
(0.180365 -0.0688497 3.66635e-21)
(0.191404 -0.0706495 0)
(0.199866 -0.0710729 -7.5855e-21)
(0.206564 -0.0707485 -7.96009e-21)
(0.0149733 -0.00274847 2.3696e-22)
(0.0493457 -0.0121514 -4.29939e-21)
(0.0837886 -0.0252048 -5.01877e-22)
(0.115277 -0.0368135 -5.99728e-23)
(0.141987 -0.0459389 -2.73592e-21)
(0.163358 -0.0522326 0)
(0.179784 -0.0559276 -3.66528e-21)
(0.192194 -0.0575807 0)
(0.201636 -0.0579064 0)
(0.208872 -0.0574821 0)
(0.0124461 -0.00151392 -4.86968e-22)
(0.043989 -0.00795063 0)
(0.0773637 -0.0180976 0)
(0.109016 -0.0273674 -2.73508e-21)
(0.136753 -0.0348209 9.98385e-22)
(0.159602 -0.0400352 1.36657e-22)
(0.177586 -0.0430934 -1.73978e-21)
(0.191367 -0.0443916 0)
(0.201836 -0.044473 0)
(0.209669 -0.0438557 0)
(0.0100434 -0.000676125 0)
(0.038587 -0.00462029 -2.04212e-21)
(0.0705273 -0.0120343 1.8831e-21)
(0.101926 -0.0189133 3.67996e-21)
(0.13032 -0.0244949 0)
(0.154383 -0.028365 3.72413e-21)
(0.173785 -0.0305209 -3.4632e-21)
(0.188899 -0.0312373 0)
(0.200422 -0.030899 7.5561e-21)
(0.208905 -0.0299497 -7.21517e-21)
(0.00776839 -0.000197023 0)
(0.0332302 -0.00212218 1.66064e-20)
(0.0634372 -0.0070282 0)
(0.094192 -0.0115313 1.5079e-20)
(0.122862 -0.015099 0)
(0.147836 -0.0173955 -1.43557e-20)
(0.168462 -0.0183935 0)
(0.184824 -0.0182924 1.48811e-20)
(0.197391 -0.0173409 -1.39373e-20)
(0.206555 -0.0158906 -1.47335e-20)
(0.00564999 -3.9095e-05 -4.31702e-21)
(0.0280264 -0.000407228 -8.2503e-21)
(0.0562663 -0.00306866 -3.92324e-21)
(0.0860237 -0.00527235 -7.31808e-21)
(0.114584 -0.0067463 -7.16856e-21)
(0.140132 -0.00728527 6.9381e-21)
(0.161739 -0.00689337 6.89758e-21)
(0.179213 -0.00574187 -5.53837e-22)
(0.192776 -0.00397271 1.38295e-20)
(0.202613 -0.00182796 1.47324e-20)
(0.00371894 -0.000162572 -4.33418e-21)
(0.0230769 0.0005881 -8.6891e-21)
(0.0491818 -0.000116392 -1.65981e-20)
(0.0776324 -0.000150525 7.58656e-21)
(0.105711 0.000486326 0)
(0.131474 0.00183344 0)
(0.153777 0.00380975 -1.46934e-20)
(0.172177 0.00622686 -1.46376e-20)
(0.186645 0.00901801 1.41535e-20)
(0.19711 0.0120681 -1.57873e-20)
(0.00199748 -0.000526989 4.53314e-21)
(0.0184653 0.000938263 4.56648e-21)
(0.0423318 0.00189243 -2.5208e-20)
(0.0692189 0.00385544 3.94823e-20)
(0.0964693 0.00656041 -7.34494e-21)
(0.122084 0.00986157 0)
(0.144765 0.0135667 0)
(0.163866 0.0174295 7.14507e-20)
(0.179106 0.0214271 -7.06125e-20)
(0.190119 0.0255921 -4.52746e-20)
(0.000500105 -0.00109191 3.69782e-20)
(0.0142569 0.000725993 0)
(0.0358417 0.00304234 3.34082e-20)
(0.0609645 0.0067993 -3.15323e-20)
(0.0870771 0.0114768 0)
(0.11219 0.0167384 1.49134e-20)
(0.134914 0.0222577 -4.23268e-20)
(0.154451 0.0276942 -5.71599e-20)
(0.170301 0.0330363 2.71568e-20)
(0.18177 0.0384968 2.86484e-20)
(-0.000764765 -0.00181712 -7.48827e-20)
(0.0104997 4.02574e-05 -9.24725e-21)
(0.0298121 0.00343487 -1.75212e-20)
(0.0530256 0.00876375 -4.05651e-20)
(0.0777356 0.0152747 -1.55471e-20)
(0.102013 0.0224458 -1.50197e-20)
(0.124436 0.0298031 -7.59954e-23)
(0.144114 0.0368744 0)
(0.16037 0.0436079 0)
(0.172172 0.0504412 5.76045e-20)
(-0.00179405 -0.00266281 3.79053e-20)
(0.00722488 -0.00102577 -3.78683e-20)
(0.0243178 0.00318445 2.58956e-20)
(0.0455291 0.00985562 5.72984e-20)
(0.0686202 0.0180294 -1.53213e-20)
(0.0917568 0.0270114 1.48138e-20)
(0.113533 0.0361786 1.45274e-20)
(0.133017 0.0448919 0)
(0.149434 0.0529541 0)
(0.161521 0.0610773 -2.81001e-20)
(-0.00258952 -0.00358976 -4.91164e-21)
(0.00444717 -0.00237683 4.75001e-20)
(0.0194069 0.00241348 -8.87583e-21)
(0.0385707 0.010199 0)
(0.0598773 0.0198467 0)
(0.0816052 0.0305095 2.9686e-20)
(0.102373 0.0414193 0)
(0.121185 0.0517241 -2.87851e-20)
(0.137136 0.0607603 -1.3943e-21)
(0.148813 0.0692151 2.71188e-20)
(-0.00315777 -0.00456003 0)
(0.00216441 -0.00391901 0)
(0.0150987 0.0012448 -3.67198e-20)
(0.0322098 0.00992296 0)
(0.0516222 0.0208498 1.60752e-20)
(0.0717355 0.0330774 -1.4897e-20)
(0.0911788 0.0457887 0)
(0.108822 0.0582028 0)
(0.12383 0.069635 -2.87021e-20)
(0.135783 0.0810606 5.57179e-20)
(-0.00350739 -0.00553403 0)
(0.000359821 -0.00556178 -3.01933e-20)
(0.0113863 -0.000204739 -9.88967e-21)
(0.0264753 0.00914724 -3.47862e-20)
(0.0439527 0.0211384 -1.62196e-20)
(0.0623711 0.0347653 -4.57244e-20)
(0.0804548 0.0491953 0)
(0.0971404 0.0637353 0)
(0.111891 0.077788 0)
(0.124715 0.0916826 4.29961e-22)
(-0.00365077 -0.00646611 0)
(-0.000997202 -0.00721212 -1.09566e-20)
(0.00824186 -0.00182295 1.81984e-20)
(0.0213635 0.00798043 2.60598e-20)
(0.0369093 0.0207876 -4.78319e-22)
(0.0536066 0.03557 -3.66121e-22)
(0.0703179 0.0514796 2.94655e-20)
(0.0860893 0.0678285 -2.83477e-20)
(0.100478 0.0840215 5.6004e-20)
(0.113325 0.0998997 -5.55401e-20)
(-0.00360671 -0.00731036 -5.3714e-21)
(-0.00195012 -0.00877963 3.0598e-20)
(0.00561639 -0.0035037 4.76523e-20)
(0.0168357 0.00652392 -5.38716e-20)
(0.0304708 0.0198711 3.28107e-20)
(0.0454272 0.0355089 3.07568e-20)
(0.0607061 0.0525811 -1.48175e-20)
(0.0754497 0.0703598 5.72983e-20)
(0.0892183 0.088177 1.12743e-21)
(0.101653 0.105572 -2.70422e-20)
(-0.00340006 -0.00802086 -5.51336e-21)
(-0.00255342 -0.0101807 5.23835e-21)
(0.00344712 -0.00515141 0)
(0.0128336 0.00487019 4.50633e-20)
(0.0245911 0.0184641 -8.40513e-21)
(0.0377987 0.0346275 1.88511e-23)
(0.0515904 0.0525135 -1.4826e-20)
(0.0651973 0.071359 -4.34125e-20)
(0.078164 0.0904148 -4.30893e-22)
(0.0900017 0.109002 4.17868e-20)
(-0.00306166 -0.00855338 0)
(-0.00286883 -0.011342 -3.23747e-20)
(0.00166689 -0.00668396 9.91314e-21)
(0.0092967 0.00310062 -2.78304e-20)
(0.0192228 0.0166386 8.54134e-21)
(0.0306922 0.0329804 -2.26636e-22)
(0.042966 0.0513129 -2.09467e-22)
(0.0553583 0.0708612 2.89699e-20)
(0.0673928 0.090822 -4.19277e-20)
(0.0785186 0.11036 4.12413e-20)
(-0.00262795 -0.00886855 2.85574e-21)
(-0.00296017 -0.0122038 2.1624e-20)
(0.000214763 -0.00803457 0)
(0.00617676 0.00128524 2.79801e-20)
(0.0143348 0.0144622 -2.62409e-20)
(0.0240953 0.0306266 -8.18936e-21)
(0.0348417 0.0490246 2.28437e-20)
(0.0459668 0.0689004 0)
(0.0569777 0.0894334 0)
(0.0673168 0.109696 0)
(-0.00213943 -0.00893516 -2.91299e-21)
(-0.00288751 -0.0127258 -8.40429e-21)
(-0.000953388 -0.00915342 1.03537e-20)
(0.00345284 -0.00051564 1.43739e-20)
(0.00992928 0.0120031 1.31465e-20)
(0.0180316 0.0276354 8.33785e-21)
(0.0272608 0.0457129 0)
(0.0370886 0.0655315 1.48843e-20)
(0.0470164 0.086292 -6.86087e-21)
(0.0565159 0.107036 0)
(-0.00163899 -0.0087361 0)
(-0.0027003 -0.0128904 1.68393e-20)
(-0.00185448 -0.0100096 -1.03516e-20)
(0.00114433 -0.00224873 -9.59677e-21)
(0.00605962 0.00933698 1.96624e-23)
(0.0125818 0.0240982 -4.15074e-21)
(0.0203255 0.041474 3.9825e-21)
(0.028845 0.0608453 0)
(0.0376507 0.081472 -7.07839e-21)
(0.0462583 0.102422 -7.0526e-21)
(-0.00116731 -0.00827712 3.75808e-22)
(-0.00243032 -0.0127067 -6.38319e-21)
(-0.00247109 -0.0105894 -6.67741e-22)
(-0.000678897 -0.00386142 -8.70873e-24)
(0.00284298 0.00655861 -3.39614e-21)
(0.00790119 0.0201445 0)
(0.0142182 0.0364572 -3.98142e-21)
(0.021436 0.0549916 0)
(0.0290925 0.0751051 0)
(0.0367416 0.0959497 0)
)
;

boundaryField
{
    inlet
    {
        type            uniformFixedValue;
        uniformValue    constant (1 0 0);
        value           uniform (1 0 0);
    }
    outlet
    {
        type            pressureInletOutletVelocity;
        value           nonuniform List<vector> 
40
(
(0.0154677 0.0771548 0)
(0.023926 0.153704 0)
(0.0333869 0.237351 0)
(0.040378 0.332336 0)
(0.0413157 0.433868 0)
(0.0372814 0.529804 0)
(0.0281493 0.620188 0)
(0.0202572 0.718975 0)
(0.0086993 0.83547 0)
(0.00371179 0.9436 0)
(0.0111646 0.0309694 4.25903e-23)
(0.00953784 0.0112962 -4.5881e-23)
(0 -0.00838966 0)
(0 -0.0278928 0)
(0 -0.0470794 0)
(0 -0.065796 0)
(0 -0.0838676 0)
(0 -0.101114 0)
(0 -0.117364 0)
(0 -0.132472 0)
(0 -0.146335 0)
(0 -0.158899 0)
(0 -0.170165 0)
(0 -0.180185 0)
(0 -0.189057 0)
(0 -0.196911 0)
(0 -0.203901 0)
(0 -0.210189 0)
(0 -0.215939 0)
(0 -0.221309 0)
(0 -0.233466 0)
(0 -0.254936 0)
(0 -0.28288 0)
(0 -0.321032 0)
(0 -0.372636 0)
(0 -0.437402 0)
(0 -0.5079 0)
(0 -0.569916 0)
(0 -0.612307 0)
(0 -0.633618 0)
)
;
    }
    cylinder
    {
        type            fixedValue;
        value           uniform (0 0 0);
    }
    top
    {
        type            symmetryPlane;
    }
    bottom
    {
        type            symmetryPlane;
    }
    defaultFaces
    {
        type            empty;
    }
}


// ************************************************************************* //
