/*--------------------------------*- C++ -*----------------------------------*\
  =========                 |
  \\      /  F ield         | OpenFOAM: The Open Source CFD Toolbox
   \\    /   O peration     | Website:  https://openfoam.org
    \\  /    A nd           | Version:  7
     \\/     M anipulation  |
\*---------------------------------------------------------------------------*/
FoamFile
{
    version     2.0;
    format      ascii;
    class       surfaceScalarField;
    location    "92.4";
    object      phi;
}
// * * * * * * * * * * * * * * * * * * * * * * * * * * * * * * * * * * * * * //

dimensions      [0 3 -1 0 0 0 0];

internalField   nonuniform List<scalar> 
3880
(
-1.68476e-05
-0.000471866
0.000488714
-1.61575e-05
-0.00113964
0.00113895
1.17021e-05
-0.00153761
0.00150975
7.12707e-05
-0.00170647
0.00164691
0.000166969
-0.0016737
0.001578
0.000304228
-0.00145801
0.00132075
0.000489184
-0.00107265
0.000887698
0.000727086
-0.000528203
0.000290301
0.00102017
0.000165205
-0.000458292
0.000996795
0.00136521
-0.00134183
-5.72939e-06
-0.000466137
1.73356e-05
-0.00116271
7.39559e-05
-0.00159423
0.000165521
-0.00179804
0.000294155
-0.00180233
0.0004639
-0.00162775
0.000680251
-0.001289
0.000948657
-0.000796609
0.00127246
-0.000158597
0.000618981
0.00165027
9.19113e-06
-0.000475328
6.13316e-05
-0.00121485
0.000155497
-0.00168839
0.000289165
-0.00193171
0.000461724
-0.00197489
0.000675274
-0.0018413
0.000934144
-0.00154787
0.00124353
-0.00110599
0.00160757
-0.000522639
0.000199741
0.00202681
2.71499e-05
-0.000502478
0.000114163
-0.00130186
0.000253147
-0.00182738
0.000437399
-0.00211596
0.00066337
-0.00220086
0.000930994
-0.00210893
0.00124315
-0.00186003
0.0016044
-0.00146723
0.00201922
-0.000937458
-0.000270894
0.00248985
4.75888e-05
-0.000550067
0.000173367
-0.00142764
0.000361997
-0.00201601
0.000602401
-0.00235636
0.000888119
-0.00248658
0.00121701
-0.00243782
0.00159054
-0.00223356
0.00201249
-0.00188918
0.00248727
-0.00141224
-0.000801765
0.00301814
6.94487e-05
-0.000619516
0.000235669
-0.00159386
0.000475492
-0.00225583
0.000773456
-0.00265433
0.00112039
-0.00283351
0.00151239
-0.00282982
0.00194984
-0.00267101
0.00243603
-0.00237537
0.00297517
-0.00195139
-0.00139712
0.00357053
9.15096e-05
-0.000711025
0.00029717
-0.00179952
0.000585787
-0.00254445
0.000937597
-0.00300614
0.00134098
-0.0032369
0.00179064
-0.00327948
0.0022864
-0.00316677
0.00283172
-0.00292069
0.00343123
-0.0025509
-0.00205312
0.00408723
0.000112433
-0.000823459
0.000353602
-0.00204069
0.000684321
-0.00287517
0.00108069
-0.00340251
0.00152888
-0.00368509
0.0020225
-0.0037731
0.0025612
-0.00370546
0.00314946
-0.00350895
0.00379404
-0.00319548
-0.00275571
0.00449663
0.000130838
-0.000954297
0.000400612
-0.00231046
0.000762509
-0.00323706
0.00118882
-0.00382882
0.00166376
-0.00416003
0.00217995
-0.00428929
0.00273677
-0.00426228
0.00333985
-0.00411204
0.00400044
-0.00385607
-0.00348229
0.00472703
0.00014537
-0.00109967
0.00043406
-0.00259915
0.000812447
-0.00361545
0.00124966
-0.00426603
0.00172848
-0.00463884
0.00224068
-0.0048015
0.00278483
-0.00480643
0.00336596
-0.00469316
0.00399913
-0.00448924
0.0047262
-0.00420936
0.00244181
0.0114308
-0.0125074
0.00373515
0.0291826
-0.0304759
0.00437588
0.0488576
-0.0494983
0.00435449
0.0673025
-0.0672811
0.00389849
0.0852193
-0.0847633
0.00315482
0.104
-0.103256
0.00222843
0.125656
-0.124729
0.00115838
0.156056
-0.154986
0.000301107
0.202561
-0.201704
0.257953
-0.257652
0.00274419
0.0103368
0.00425018
0.0276766
0.00516514
0.0479426
0.0053349
0.0671327
0.00497275
0.0855815
0.0042417
0.104731
0.00326161
0.126636
0.00207413
0.157244
0.000879239
0.203756
0.258832
0.00307919
0.00928446
0.00473965
0.0260161
0.00592836
0.0467539
0.0063044
0.0667567
0.00604695
0.0858389
0.00533264
0.105445
0.00429788
0.127671
0.00298409
0.158557
0.00146558
0.205275
0.260297
0.00345085
0.00832346
0.00519289
0.0242741
0.00664332
0.0453035
0.00724035
0.0661596
0.00710171
0.0859776
0.00641063
0.106136
0.00532433
0.128757
0.00388421
0.159998
0.00204538
0.207114
0.262343
0.00385857
0.00748304
0.00560464
0.022528
0.00729024
0.0436179
0.00812081
0.0653291
0.00811769
0.0859807
0.00746018
0.106793
0.00632846
0.129889
0.00476497
0.161561
0.00261303
0.209266
0.264956
0.00429046
0.0067631
0.00597315
0.0208453
0.00785335
0.0417377
0.00892537
0.0642571
0.00907638
0.0858297
0.00846592
0.107404
0.00729733
0.131057
0.00561574
0.163243
0.00316124
0.21172
0.268117
0.00471777
0.00613256
0.00629503
0.0192681
0.00832169
0.039711
0.00963613
0.0629426
0.00996121
0.0855046
0.00941479
0.10795
0.00822152
0.132251
0.00643077
0.165033
0.00368976
0.214461
0.271807
0.00508866
0.00554053
0.00655716
0.0177996
0.00868622
0.037582
0.010238
0.0613908
0.0107544
0.0849882
0.010288
0.108417
0.00908261
0.133456
0.00719422
0.166922
0.00418571
0.21747
0.275993
0.00532869
0.00493887
0.00672979
0.0163985
0.0089326
0.0353792
0.0107197
0.0596037
0.0114562
0.0842517
0.0110951
0.108778
0.00989504
0.134656
0.00791871
0.168898
0.00466007
0.220728
0.280653
0.00541032
0.00425475
0.00684929
0.0149595
0.00909076
0.0331377
0.0110608
0.0576336
0.0120076
0.083305
0.0117691
0.109016
0.0106133
0.135812
0.00855081
0.170961
0.00511241
0.224167
0.285765
0.0175957
0.0080914
-0.0214323
0.0135427
0.0190124
0.011362
0.0353184
0.0103044
0.0586912
0.00904619
0.0845632
0.00724936
0.110813
0.00482164
0.138239
0.00193988
0.173842
-0.000228164
0.226335
0.285537
0.0184285
0.0107364
-0.0210735
0.0145306
0.0229103
0.0115729
0.0382762
0.0100299
0.0602341
0.00869731
0.0858958
0.00692316
0.112587
0.00452816
0.140634
0.00177362
0.176597
-0.000257297
0.228366
0.28528
0.0180274
0.0120207
-0.0193116
0.0150499
0.0258878
0.0119598
0.0413663
0.00991891
0.062275
0.00833349
0.0874813
0.00654014
0.114381
0.0042313
0.142943
0.00160288
0.179225
-0.000286938
0.230255
0.284993
0.016753
0.0124251
-0.0171574
0.0147116
0.0279291
0.0120347
0.0440433
0.00985259
0.0644571
0.00807893
0.0892549
0.0062378
0.116222
0.00399504
0.145186
0.00152112
0.181699
-0.0002436
0.23202
0.284749
0.015125
0.0122062
-0.014906
0.0138503
0.0292038
0.0117002
0.0461935
0.00965023
0.066507
0.00785402
0.0910511
0.00599465
0.118081
0.00379016
0.147391
0.00140703
0.184082
-0.00025855
0.233686
0.284491
0.0133139
0.0114653
-0.0125731
0.0126855
0.0298321
0.0110423
0.0478367
0.00923558
0.0683137
0.00755109
0.0927356
0.0057714
0.119861
0.00365757
0.149504
0.00139711
0.186343
-0.000186528
0.235269
0.284304
0.01145
0.0102503
-0.0102349
0.0114358
0.0298463
0.0103177
0.0489548
0.00878209
0.0698493
0.00721769
0.0943
0.00552
0.121559
0.00349324
0.151531
0.00131165
0.188524
-0.000199232
0.23678
0.284105
0.00955367
0.00858895
-0.00789235
0.0100466
0.0293534
0.00941629
0.0495851
0.00823938
0.0710263
0.00687896
0.0956604
0.00531433
0.123123
0.00339614
0.153449
0.00134306
0.190578
-0.000100587
0.238224
0.284004
0.00803852
0.00631098
-0.00576054
0.00909482
0.0282971
0.00886312
0.0498168
0.00788872
0.0720007
0.0066156
0.0969336
0.00511876
0.12462
0.00326691
0.155301
0.00127531
0.192569
-0.000113735
0.239613
0.28389
0.00573583
-0.00322249
0.00756948
0.00810164
0.00758409
0.00652261
0.00507984
0.00331097
0.00135844
2.34075e-05
0.0045554
-0.0215962
-0.00439153
0.00412101
-0.0206392
0.00340374
-0.0185943
0.00261337
-0.0163671
0.00180241
-0.014095
0.000990582
-0.0117613
0.000183846
-0.00942819
-0.000592095
-0.00711641
-0.00143177
-0.00492087
-0.00253717
0.0037054
-0.0214326
-0.00386896
0.00305352
-0.0199873
0.00222938
-0.0177702
0.0013769
-0.0155146
0.000523538
-0.0132417
-0.000315907
-0.0109218
-0.00114048
-0.00860361
-0.00192993
-0.00632696
-0.00273609
-0.00411471
-0.00191803
0.00272731
-0.0209949
-0.00316505
0.00189192
-0.0191519
0.000984347
-0.0168626
8.03315e-05
-0.0146106
-0.000796158
-0.0123652
-0.00164646
-0.0100715
-0.00246469
-0.00778539
-0.0032356
-0.00555604
-0.00397111
-0.0033792
-0.00138753
0.00161953
-0.0203346
-0.00227977
0.000651736
-0.0181841
-0.000310364
-0.0159005
-0.00123942
-0.0136815
-0.00212771
-0.0114769
-0.00296805
-0.00923118
-0.00375715
-0.00699629
-0.00448083
-0.00483236
-0.00512358
-0.00273645
-0.000957979
0.000397277
-0.0194943
-0.00123762
-0.000652612
-0.0171342
-0.00163894
-0.0149142
-0.00257302
-0.0127474
-0.00344601
-0.0106039
-0.00425404
-0.00842314
-0.00499213
-0.00625821
-0.00564518
-0.00417932
-0.00618209
-0.00219954
-0.000631114
-0.000900457
-0.018526
-6.78549e-05
-0.00199212
-0.0160425
-0.0029756
-0.0139307
-0.00388848
-0.0118346
-0.00472425
-0.00976814
-0.00547962
-0.00766777
-0.00614832
-0.0055895
-0.00671435
-0.00361329
-0.00714142
-0.00177248
-0.000401694
-0.00223296
-0.0174409
0.00114784
-0.00332779
-0.0149477
-0.00428432
-0.0129742
-0.00515511
-0.0109638
-0.00593547
-0.00898778
-0.00662227
-0.00698097
-0.00720909
-0.00500268
-0.00767989
-0.00314248
-0.00800085
-0.00145151
-0.000259604
-0.00355049
-0.0162904
0.00239999
-0.00462003
-0.0138782
-0.00553154
-0.0120627
-0.00634405
-0.0101513
-0.00705613
-0.0082757
-0.00766429
-0.00637282
-0.00816344
-0.00450353
-0.00853871
-0.00276721
-0.00876336
-0.00122686
-0.000191704
-0.00480978
-0.0151113
0.00363067
-0.00583349
-0.0128545
-0.00668777
-0.0112084
-0.00743134
-0.00940769
-0.00806821
-0.00763883
-0.00859391
-0.00584711
-0.00900622
-0.00409122
-0.00929235
-0.00248108
-0.00943462
-0.0010846
-0.000183332
-0.00597458
-0.0139353
0.00479858
-0.00693923
-0.0118898
-0.00772986
-0.0104178
-0.00839943
-0.00873812
-0.00896005
-0.00707821
-0.00940544
-0.00540172
-0.00973749
-0.00375918
-0.00994591
-0.00227266
-0.0100221
-0.00100843
-0.000219356
-0.00701745
-0.0127874
0.00586958
-0.0079159
-0.0109913
-0.00864198
-0.00969169
-0.00923769
-0.00814242
-0.00972632
-0.00658957
-0.0100987
-0.00502938
-0.0103615
-0.00349637
-0.0105069
-0.00212722
-0.0105342
-0.000981099
-0.000284825
-0.00792444
-0.0116857
0.00682273
-0.00875245
-0.0101633
-0.00941711
-0.00902703
-0.00994322
-0.0076163
-0.010368
-0.00616485
-0.0106782
-0.00471917
-0.0108855
-0.00328899
-0.0109844
-0.00202837
-0.01098
-0.000985474
-0.000365306
-0.00868671
-0.0106417
0.00764278
-0.0094434
-0.00940664
-0.0100532
-0.00841721
-0.0105177
-0.00715179
-0.0108896
-0.00579302
-0.0111513
-0.00445747
-0.0113187
-0.00312155
-0.011388
-0.0019591
-0.0113684
-0.00100507
-0.000447024
-0.00930376
-0.00966035
0.00832236
-0.00999047
-0.00871993
-0.0105541
-0.00785361
-0.0109677
-0.00673818
-0.0112992
-0.00546151
-0.0115275
-0.00422917
-0.011671
-0.00297804
-0.0117274
-0.00190267
-0.0117081
-0.00102437
-0.000516886
-0.00978065
-0.00873853
0.00885883
-0.0104005
-0.00810011
-0.0109272
-0.00732692
-0.0113026
-0.00636276
-0.0116069
-0.00515722
-0.0118174
-0.00401865
-0.0119527
-0.00284268
-0.0120123
-0.00184309
-0.0120078
-0.00102892
-0.000562412
-0.0101258
-0.00786466
0.00925198
-0.0106842
-0.00754171
-0.0111823
-0.00682884
-0.0115336
-0.00601153
-0.0118234
-0.00486734
-0.0120316
-0.00381048
-0.0121739
-0.00270039
-0.0122517
-0.00176528
-0.0122754
-0.00100518
-0.000571628
-0.0103486
-0.00701795
0.00950184
-0.0108551
-0.0070352
-0.0113304
-0.00635347
-0.0116722
-0.00566976
-0.0119598
-0.00457973
-0.0121804
-0.00358985
-0.0123439
-0.00253696
-0.012454
-0.00165514
-0.0125188
-0.000940436
-0.000532943
-0.0104513
-0.00617517
0.00960848
-0.0109232
-0.00656326
-0.0113802
-0.00589645
-0.0117281
-0.00532185
-0.0120256
-0.00428229
-0.0122729
-0.00334253
-0.0124711
-0.00233878
-0.012627
-0.00149923
-0.012745
-0.000822397
-0.000434993
-0.0104306
-0.0053238
0.00957926
-0.0108985
-0.00609538
-0.0113412
-0.00545377
-0.0117106
-0.0049524
-0.01203
-0.00396298
-0.0123174
-0.00305506
-0.0125633
-0.00209289
-0.0127778
-0.00128477
-0.012961
-0.000639117
-0.000266435
-0.0103285
-0.00444877
0.00945347
-0.0108212
-0.00560266
-0.0112392
-0.00503582
-0.0116323
-0.00455925
-0.0119826
-0.00361266
-0.0123203
-0.00271744
-0.0126267
-0.00178643
-0.0129124
-0.000999076
-0.0131741
-0.000377424
-1.64036e-05
-0.0464905
-0.00435283
0.0463946
-0.0475538
-0.0045394
-0.0487272
-0.00386246
-0.0498975
-0.00338889
-0.0508783
-0.00263189
-0.0516401
-0.00195559
-0.0521584
-0.00126818
-0.0524499
-0.000707599
-0.0525597
-0.000267609
-1.99633e-05
-0.055301
-0.00442886
0.055377
-0.0559551
-0.00388528
-0.0566039
-0.00321369
-0.057329
-0.00266374
-0.0579321
-0.00202882
-0.058403
-0.00148472
-0.0587155
-0.000955637
-0.0588806
-0.000542502
-0.0589354
-0.000212803
-2.43209e-05
-0.0662584
-0.00459093
0.0664205
-0.0665516
-0.00359207
-0.0668663
-0.00289904
-0.0672862
-0.00224382
-0.0676209
-0.00169411
-0.0679057
-0.00119998
-0.0680791
-0.000782212
-0.0681725
-0.000449063
-0.068193
-0.000192352
-2.68436e-05
-0.0797258
-0.00468814
0.079823
-0.0798918
-0.00342601
-0.0800501
-0.00274073
-0.0803085
-0.0019855
-0.0804943
-0.0015083
-0.0806757
-0.00101853
-0.0807724
-0.000685489
-0.0808349
-0.00038662
-0.0808426
-0.000184607
-2.49293e-05
-0.095603
-0.00456616
0.095481
-0.0958075
-0.00322152
-0.0959684
-0.00257984
-0.0961816
-0.00177228
-0.0963243
-0.00136554
-0.0964727
-0.000870179
-0.0965498
-0.000608406
-0.0966159
-0.000320451
-0.0966341
-0.000166488
-1.30903e-05
-0.112831
-0.00414283
0.112407
-0.113179
-0.00287345
-0.113454
-0.00230485
-0.113701
-0.0015253
-0.113877
-0.00118873
-0.114035
-0.000712889
-0.114132
-0.000511229
-0.11422
-0.000232557
-0.11426
-0.000125811
5.90801e-06
-0.129532
-0.00340523
0.128794
-0.130064
-0.00234106
-0.130493
-0.00187604
-0.130806
-0.0012116
-0.131048
-0.000947546
-0.131225
-0.000535538
-0.131353
-0.000383143
-0.13145
-0.000135256
-0.131505
-7.08262e-05
2.35528e-05
-0.143622
-0.00241081
0.142628
-0.144318
-0.00164549
-0.144878
-0.00131555
-0.145253
-0.000836645
-0.145547
-0.000653122
-0.145733
-0.000349872
-0.145872
-0.000243773
-0.145951
-5.67509e-05
-0.145998
-2.42685e-05
2.89345e-05
-0.153567
-0.00124713
0.152403
-0.154368
-0.000844064
-0.155009
-0.00067458
-0.155421
-0.000424658
-0.155743
-0.000331513
-0.155922
-0.000170779
-0.15605
-0.000115751
-0.156092
-1.43112e-05
-0.156113
-3.21033e-06
1.95652e-05
-0.158653
0.157405
-0.159497
-0.160171
-0.160596
-0.160927
-0.161098
-0.161214
-0.161228
-0.161231
-0.0106407
0.047397
0.0096383
-0.0113917
0.0561281
-0.0119987
0.0670275
-0.0123213
0.0801456
-0.0121464
0.095306
-0.0112398
0.111501
-0.00946329
0.127017
-0.00685125
0.140016
-0.00360037
0.149152
0.153805
-0.0101099
0.0481745
0.00933238
-0.0108082
0.0568264
-0.0113436
0.0675629
-0.011582
0.080384
-0.0113379
0.095062
-0.010415
0.110578
-0.00871025
0.125313
-0.00627261
0.137578
-0.00328455
0.146164
0.150521
-0.00959598
0.0488948
0.00887566
-0.0102275
0.0574579
-0.0106837
0.0680191
-0.0108468
0.0805471
-0.0105541
0.0947693
-0.00964001
0.109663
-0.0080245
0.123697
-0.00575926
0.135313
-0.00300955
0.143415
0.147511
-0.00899093
0.0495877
0.00829805
-0.00955971
0.0580266
-0.009935
0.0683944
-0.0100262
0.0806383
-0.00969461
0.0944378
-0.00880352
0.108772
-0.00729336
0.122187
-0.00521644
0.133236
-0.00272008
0.140918
0.144791
-0.00828087
0.0502445
0.00762408
-0.00878908
0.0585349
-0.0090913
0.0686966
-0.00912254
0.0806695
-0.0087678
0.0940831
-0.00791698
0.107922
-0.00652795
0.120798
-0.00465241
0.13136
-0.00242037
0.138686
0.142371
-0.00748401
0.0508558
0.00687271
-0.00792588
0.0589767
-0.00815887
0.0689296
-0.00814088
0.0806515
-0.00777843
0.0937206
-0.00698532
0.107128
-0.00573328
0.119546
-0.00407159
0.129698
-0.00211305
0.136728
0.140257
-0.00661716
0.0514135
0.00605938
-0.00698887
0.0593484
-0.00715466
0.0690954
-0.00709552
0.0805924
-0.00673783
0.0933629
-0.00601693
0.106408
-0.00491532
0.118444
-0.00347796
0.128261
-0.00180021
0.13505
0.138457
-0.00569434
0.0519082
0.00519973
-0.00599547
0.0596496
-0.0060971
0.069197
-0.00600404
0.0804993
-0.00566122
0.0930201
-0.00502364
0.10577
-0.00408229
0.117503
-0.00287659
0.127055
-0.00148426
0.133657
0.136973
-0.00473133
0.052329
0.00431048
-0.00496334
0.0598816
-0.00500421
0.0692379
-0.00488392
0.080379
-0.00456409
0.0927003
-0.00401804
0.105224
-0.00324333
0.116728
-0.00227324
0.126085
-0.001168
0.132552
0.135805
-0.00374527
0.052665
0.00340923
-0.00391164
0.0600479
-0.00389411
0.0692203
-0.00375229
0.0802372
-0.00346131
0.0924093
-0.0030122
0.104775
-0.00240741
0.116124
-0.00167376
0.125352
-0.00085433
0.131733
0.134951
-0.00276279
0.05291
0.00251789
-0.00286405
0.0601492
-0.0027893
0.0691456
-0.00262973
0.0800776
-0.00237044
0.09215
-0.00202043
0.104425
-0.00158526
0.115688
-0.00108525
0.124852
-0.000546772
0.131194
0.134404
-0.00180236
0.0530658
0.00164648
-0.00183413
0.060181
-0.00170777
0.0690192
-0.001531
0.0799009
-0.00130427
0.0919233
-0.00105168
0.104172
-0.000782951
0.11542
-0.000512245
0.124581
-0.00024764
0.13093
0.134156
-0.000894213
0.0531471
0.000812934
-0.000846418
0.0601332
-0.000679785
0.0688526
-0.000485563
0.0797067
-0.000293951
0.0917316
-0.000136605
0.104015
-3.07773e-05
0.115314
2.47146e-05
0.124525
3.25132e-05
0.130922
0.134189
-7.93303e-05
0.0532142
1.22148e-05
7.04788e-05
0.0599834
0.000282596
0.0686405
0.00050907
0.0794802
0.000680406
0.0915603
0.000756504
0.103939
0.000715835
0.115354
0.000558833
0.124682
0.000309649
0.131171
0.134498
0.000751198
0.0531768
-0.00071381
0.000961196
0.0597734
0.00121421
0.0683875
0.00145348
0.0792409
0.00159815
0.0914156
0.00159217
0.103945
0.00140852
0.115538
0.0010537
0.125037
0.000566847
0.131658
0.135065
0.00149091
0.0530807
-0.00139477
0.00176534
0.0594989
0.00205695
0.0680958
0.00231501
0.0789829
0.00243963
0.091291
0.00236188
0.104023
0.00204836
0.115852
0.00151103
0.125575
0.000803878
0.132365
0.135869
0.0021505
0.0529517
-0.00202145
0.00248724
0.0591622
0.00281299
0.0677701
0.00309025
0.0787056
0.00320079
0.0911805
0.00306201
0.104161
0.00263272
0.116281
0.00192919
0.126278
0.0010199
0.133274
0.136889
0.00273719
0.0528176
-0.00260318
0.00312548
0.0587739
0.00347904
0.0674165
0.00377184
0.0784128
0.00387102
0.0910813
0.00368018
0.104352
0.00314957
0.116812
0.00229882
0.127129
0.00120969
0.134364
0.138099
0.0032622
0.0527093
-0.00315383
0.00368551
0.0583506
0.00406615
0.0670359
0.00437536
0.0781036
0.0044699
0.0909868
0.00423717
0.104585
0.00361721
0.117432
0.00263287
0.128113
0.00137989
0.135617
0.139479
0.00366002
0.0527125
-0.00366322
0.00407927
0.0579314
0.00448495
0.0666302
0.00480247
0.0777861
0.00489287
0.0908964
0.00463248
0.104845
0.00395111
0.118113
0.00287139
0.129193
0.00149858
0.136989
0.140977
-0.0341902
0.0487281
0.0381746
-0.0311391
0.0548802
-0.0290986
0.0645897
-0.0269127
0.0756002
-0.0242456
0.0882292
-0.0208133
0.101413
-0.0165206
0.11382
-0.0114671
0.124139
-0.00586893
0.131391
0.135108
-0.0420657
0.0452112
0.0455826
-0.0392132
0.0520277
-0.0365981
0.0619746
-0.0335866
0.0725887
-0.0300404
0.084683
-0.0256059
0.0969785
-0.0202161
0.10843
-0.0139904
0.117914
-0.00717387
0.124575
0.127934
-0.050891
0.0418691
0.054233
-0.0479551
0.0490919
-0.0447127
0.0587322
-0.0408601
0.0687361
-0.0362683
0.0800912
-0.0306113
0.0913216
-0.0239508
0.10177
-0.0164419
0.110405
-0.00833452
0.116467
0.1196
-0.0614644
0.0386722
0.0646614
-0.0580513
0.0456788
-0.0540127
0.0546936
-0.0492036
0.0639269
-0.0434126
0.0743002
-0.0363719
0.0842809
-0.0282747
0.0936727
-0.0193268
0.101457
-0.00983722
0.106978
0.109763
-0.0732839
0.0349316
0.0770245
-0.0690552
0.0414501
-0.063964
0.0496024
-0.0578344
0.0577974
-0.0504529
0.0669187
-0.0417223
0.0755503
-0.0319896
0.0839399
-0.021503
0.0909704
-0.0106675
0.0961422
0.0990952
-0.0867624
0.0311736
0.0905204
-0.0814479
0.0361355
-0.0751299
0.0432844
-0.0675009
0.0501684
-0.0584607
0.0578784
-0.0480867
0.0651764
-0.0366859
0.0725391
-0.0245679
0.0788523
-0.0124081
0.0839824
0.086687
-0.0996041
0.0255858
0.105192
-0.093119
0.0296504
-0.0853197
0.0354851
-0.0757321
0.0405808
-0.0646642
0.0468105
-0.0521525
0.0526647
-0.0385657
0.0589523
-0.0244085
0.0646951
-0.0108522
0.0704261
0.0758349
-0.113142
0.0201418
0.118586
-0.105592
0.0221001
-0.0965185
0.0264114
-0.0856829
0.0297452
-0.0734525
0.0345802
-0.0596773
0.0388895
-0.0448536
0.0441286
-0.0294771
0.0493186
-0.0155643
0.0565134
0.0602705
-0.127627
0.00981856
0.137951
-0.116691
0.011164
-0.103807
0.0135275
-0.0893898
0.0153276
-0.0729204
0.0181107
-0.0547102
0.0206793
-0.0347084
0.0241268
-0.0138567
0.0284669
0.00530929
0.0373474
0.0655798
-0.23433
0.244149
-0.223166
-0.209639
-0.194311
-0.1762
-0.155521
-0.131394
-0.102927
-0.0655798
0.00203887
0.0395106
-0.00337494
0.000832413
0.046789
-0.000131744
0.0551972
-0.000748059
0.0652777
-0.00112749
0.0774039
-0.00127108
0.090664
-0.00105143
0.104972
-0.000784584
0.11832
-0.00161116
0.138777
0.242537
0.00235837
0.0407968
-0.00364457
0.00117938
0.047968
0.000243811
0.0561328
-0.000431883
0.0659534
-0.000847499
0.0778195
-0.00102326
0.0908398
-0.000875384
0.104824
-0.00066532
0.11811
-0.00141598
0.139528
0.241121
0.00274203
0.041981
-0.00392621
0.00160367
0.0491064
0.000694937
0.0570415
-2.64524e-05
0.0666748
-0.000435673
0.0782288
-0.000653075
0.0910572
-0.000561946
0.104733
-0.000461086
0.118009
-0.00121773
0.140285
0.239904
0.0031286
0.0430631
-0.00421071
0.00203851
0.0501965
0.00116153
0.0579185
0.000477631
0.0673587
1.65274e-05
0.0786899
-0.000235443
0.0913092
-0.00017631
0.104674
-0.000210109
0.118042
-0.000963854
0.141038
0.23894
0.00350942
0.0440388
-0.00448508
0.00248574
0.0512202
0.00164981
0.0587544
0.000995751
0.0680128
0.000551626
0.079134
0.00025408
0.0916067
0.000245282
0.104683
9.89225e-05
0.118189
-0.000664893
0.141802
0.238275
0.0038961
0.0448823
-0.00473959
0.00295998
0.0521563
0.00217355
0.0595408
0.00155373
0.0686326
0.00111698
0.0795707
0.000815358
0.0919083
0.000711903
0.104786
0.000503303
0.118397
-0.000326036
0.142631
0.237949
0.00428812
0.0455621
-0.00496792
0.00345936
0.052985
0.0027321
0.0602681
0.00215238
0.0692123
0.00172588
0.0799972
0.00141035
0.0922238
0.00122827
0.104968
0.000930217
0.118695
5.07995e-05
0.143511
0.238
0.00468081
0.0460459
-0.00516459
0.00397522
0.0536906
0.0033171
0.0609262
0.00278385
0.0697455
0.00237219
0.0804089
0.0020418
0.0925542
0.00178454
0.105226
0.00138991
0.11909
0.000422073
0.144479
0.238422
0.00506522
0.0463041
-0.00532348
0.00449752
0.0542583
0.0039186
0.0615051
0.00343823
0.0702259
0.00304742
0.0807997
0.00270277
0.0928989
0.00237289
0.105556
0.00188001
0.119583
0.000830126
0.145529
0.239252
0.0054298
0.0463123
-0.00543792
0.00501489
0.0546732
0.00452597
0.0619941
0.00410482
0.0706471
0.00374159
0.0811629
0.00338375
0.0932567
0.00298509
0.105954
0.00239445
0.120174
0.00125857
0.146664
0.24051
0.00575809
0.0460533
-0.00549914
0.00551107
0.0549203
0.00512457
0.0623806
0.00476815
0.0710035
0.00443852
0.0814926
0.00407131
0.0936239
0.00360936
0.106416
0.00292371
0.120859
0.00169857
0.14789
0.242209
0.00604298
0.0455205
-0.00551018
0.00597937
0.0549839
0.00570652
0.0626534
0.005421
0.071289
0.00513076
0.0817828
0.00475975
0.0939949
0.0042404
0.106936
0.00346366
0.121636
0.00214712
0.149206
0.244356
0.00626858
0.044721
-0.00546907
0.00640262
0.0548498
0.006253
0.062803
0.00604519
0.0714968
0.00580069
0.0820273
0.00543369
0.0943619
0.00486488
0.107504
0.00400394
0.122497
0.00259706
0.150613
0.246953
0.00642498
0.0436771
-0.0053811
0.00676691
0.0545079
0.00674924
0.0628207
0.00662598
0.0716201
0.00643402
0.0822193
0.00608019
0.0947158
0.00547174
0.108113
0.00453608
0.123433
0.0030421
0.152107
0.249995
0.00650595
0.0424274
-0.00525622
0.00706051
0.0539533
0.00718174
0.0626995
0.00714927
0.0716525
0.00701714
0.0823514
0.0066865
0.0950464
0.00605024
0.108749
0.00505176
0.124431
0.00347612
0.153683
0.253471
0.00651105
0.0410252
-0.00510889
0.00727464
0.0531897
0.00753894
0.0624352
0.00760235
0.0715891
0.00753751
0.0824162
0.00724011
0.0953438
0.0065896
0.1094
0.00554274
0.125478
0.00389126
0.155334
0.257363
0.00644809
0.0395324
-0.00495524
0.00740456
0.0522333
0.00781169
0.0620281
0.00797486
0.071426
0.00798417
0.0824069
0.00773091
0.0955971
0.00708165
0.110049
0.0060031
0.126556
0.00428263
0.157055
0.261645
0.00633053
0.0380056
-0.00480376
0.00744925
0.0511146
0.00799493
0.0614824
0.00825805
0.0711629
0.00834479
0.0823202
0.00814481
0.0957971
0.00751203
0.110682
0.00642197
0.127647
0.00463796
0.158839
0.266283
0.00615174
0.0364784
-0.00462458
0.00740091
0.0498654
0.00808902
0.0607943
0.00845643
0.0707954
0.00862679
0.0821498
0.00849158
0.0959323
0.00788983
0.111283
0.00680688
0.128729
0.00496177
0.160684
0.271245
0.00589105
0.0348814
-0.00429397
0.00720475
0.0485517
0.0080273
0.0599717
0.00849308
0.0703297
0.00875104
0.0818919
0.00868946
0.0959939
0.00814887
0.111824
0.00709333
0.129785
0.0052516
0.162525
0.276497
-0.0151215
0.0351533
0.0148496
-0.0136484
0.0470786
-0.0113279
0.0576512
-0.00856082
0.0675626
-0.00564167
0.0789727
-0.002503
0.0928552
0.00069497
0.108626
0.00302155
0.127458
0.00210359
0.163443
0.2786
-0.0275212
0.0341228
0.0285517
-0.0251583
0.0447156
-0.0216209
0.0541138
-0.0174989
0.0634406
-0.013094
0.0745678
-0.00829396
0.0880552
-0.00338133
0.103713
0.00037395
0.123703
0.000866613
0.162951
0.279467
-0.0411471
0.0322091
0.0430608
-0.0376458
0.0412143
-0.0327342
0.0492021
-0.0272442
0.0579506
-0.0213242
0.0686477
-0.0147557
0.0814867
-0.00793718
0.0968948
-0.0023231
0.118089
-0.000273952
0.160902
0.279193
-0.0559284
0.0293744
0.0587631
-0.0510163
0.0363022
-0.0449065
0.0430923
-0.0381689
0.051213
-0.0306249
0.0611038
-0.0221175
0.0729793
-0.0132683
0.0880456
-0.0056959
0.110517
-0.001851
0.157057
0.277342
-0.0720046
0.0251501
0.0762289
-0.0658473
0.0301449
-0.0589089
0.0361539
-0.0508707
0.0431749
-0.0415781
0.0518111
-0.0311153
0.0625166
-0.0202212
0.0771516
-0.0104926
0.100788
-0.00416495
0.150729
0.273177
-0.0899632
0.0202983
0.0948151
-0.0829664
0.0231481
-0.0751393
0.0283268
-0.0656482
0.0336838
-0.0547455
0.0409084
-0.0424961
0.0502672
-0.029806
0.0644615
-0.0178737
0.0888558
-0.00843143
0.141287
0.264746
-0.11098
0.0138757
0.117403
-0.103538
0.0157064
-0.0950254
0.0198139
-0.0847415
0.0233998
-0.0731692
0.0293361
-0.0599967
0.0370947
-0.0460144
0.0504791
-0.0317399
0.0745814
-0.0174505
0.126997
0.247295
-0.141744
0.00719198
0.148428
-0.133907
0.00786854
-0.124754
0.0106614
-0.114161
0.012807
-0.102176
0.0173504
-0.0886547
0.0235737
-0.0738042
0.0356286
-0.0573202
0.0580973
-0.0357322
0.105409
0.211563
-0.19999
0.00163138
0.205551
-0.194193
0.00207095
-0.186819
0.00328813
-0.178661
0.00464853
-0.168664
0.00735293
-0.156723
0.0116337
-0.140862
0.0197667
-0.11743
0.0346653
-0.0764493
0.0644291
0.135114
-0.282969
0.2846
-0.280898
-0.27761
-0.272961
-0.265608
-0.253975
-0.234208
-0.199543
-0.135114
0.00199017
0.015601
-0.00274155
0.000572916
0.029969
-0.000931354
0.0445651
-0.00229618
0.060128
-0.00340589
0.0773386
-0.00434104
0.0957502
-0.0050119
0.118073
-0.00554879
0.148965
-0.00481967
0.204822
0.279781
0.00172002
0.016037
-0.00215602
0.000586899
0.0311021
-0.000772426
0.0459244
-0.00207664
0.0614322
-0.00317297
0.0784349
-0.00409538
0.0966726
-0.0047685
0.118747
-0.00532794
0.149525
-0.00431574
0.20381
0.275465
0.00153868
0.0162367
-0.00173835
0.000678966
0.0319618
-0.000504769
0.0471082
-0.00169672
0.0626241
-0.00273796
0.0794761
-0.00362985
0.0975645
-0.00432262
0.119439
-0.00484584
0.150048
-0.00394684
0.202911
0.271518
0.00143877
0.0162371
-0.00143919
0.000838221
0.0325623
-0.000169229
0.0481156
-0.00123197
0.0636869
-0.00219939
0.0804436
-0.00306457
0.0984297
-0.00376832
0.120143
-0.00429213
0.150572
-0.0035287
0.202147
0.267989
0.00141334
0.0160499
-0.00122614
0.00107289
0.0329028
0.000269121
0.0489194
-0.000684239
0.0646402
-0.00157638
0.0813357
-0.00241335
0.0992666
-0.00313086
0.120861
-0.00367374
0.151115
-0.00306678
0.20154
0.264923
0.00145697
0.0156776
-0.0010846
0.00138465
0.0329751
0.000799399
0.0495046
-6.05239e-05
0.0655002
-0.000858377
0.0821336
-0.00167351
0.100082
-0.00240912
0.121596
-0.00299081
0.151696
-0.00256752
0.201117
0.262355
0.00156319
0.0151225
-0.00100815
0.00176689
0.0327714
0.00140694
0.0498646
0.000721242
0.0661858
-4.39194e-05
0.0828987
-0.000850745
0.100889
-0.00160021
0.122346
-0.00224771
0.152344
-0.00203692
0.200906
0.260318
0.00172354
0.0143937
-0.000994764
0.00220903
0.0322859
0.00208325
0.0499904
0.00155472
0.0667144
0.000854606
0.0835988
1.13222e-05
0.101732
-0.00070427
0.123061
-0.00145618
0.153096
-0.00147961
0.20093
0.258838
0.00192882
0.0135109
-0.00104602
0.00269676
0.031518
0.00281472
0.0498724
0.00244721
0.0670819
0.00182446
0.0842216
0.00105465
0.102502
0.000259171
0.123857
-0.000634267
0.153989
-0.000897855
0.201193
0.257941
0.00217058
-0.001167
0.00321264
0.00358676
0.00338755
0.00284581
0.00209165
0.00121896
0.00022188
-0.000289105
0.000155344
-0.00125501
0.000450736
-0.00289454
0.00082734
-0.00399205
0.00125249
-0.00469117
0.00170866
-0.00509502
0.00218783
-0.00528067
0.00268816
-0.00530676
0.00321291
-0.00521792
0.00377226
-0.00504858
-0.00482863
0.000156847
-0.00141186
0.000444096
-0.00318179
0.000799549
-0.00434751
0.00118995
-0.00508158
0.00159868
-0.00550375
0.00201923
-0.00570121
0.00245127
-0.00573881
0.00289863
-0.00566527
0.00336823
-0.00551818
-0.00532936
0.000150871
-0.00156273
0.000414657
-0.00344558
0.000728592
-0.00466144
0.00106077
-0.00541375
0.00139694
-0.00583992
0.00173332
-0.00603759
0.00207223
-0.00607772
0.00241936
-0.0060124
0.00278166
-0.00588048
-0.00571276
0.000136761
-0.00169949
0.000361445
-0.00367026
0.000614088
-0.00491409
0.00086627
-0.00566594
0.00110747
-0.00608112
0.00133746
-0.00626757
0.00156156
-0.00630183
0.00178773
-0.00623857
0.00202452
-0.00611727
-0.005968
0.000114286
-0.00181378
0.000284828
-0.0038408
0.000458269
-0.00508753
0.000611871
-0.00581954
0.000740009
-0.00620926
0.000846406
-0.00637397
0.000939374
-0.00639479
0.00102877
-0.00632797
0.0011241
-0.0062126
-0.00608153
8.36822e-05
-0.00189746
0.000186525
-0.00394364
0.000265797
-0.0051668
0.000306502
-0.00586024
0.000308753
-0.00621151
0.000280308
-0.00634553
0.000232054
-0.00634654
0.000175497
-0.00627141
0.000120617
-0.00615772
-0.00602876
4.57089e-05
-0.00194317
6.94735e-05
-0.00396741
4.33777e-05
-0.0051407
-3.8263e-05
-0.0057786
-0.000169119
-0.00608066
-0.000337636
-0.00617701
-0.000530945
-0.00615323
-0.000737209
-0.00606514
-0.000946707
-0.00594822
-0.00582763
4.20189e-07
-0.00194359
-6.22873e-05
-0.0039047
-0.000200766
-0.00500222
-0.00040922
-0.00557015
-0.000675037
-0.00581484
-0.000983479
-0.00586857
-0.00132057
-0.00581614
-0.00167465
-0.00571106
-0.00203657
-0.0055863
-0.00546421
-4.79858e-05
-0.0018956
-0.000203869
-0.00374882
-0.000457573
-0.00474852
-0.000792549
-0.00523517
-0.00119035
-0.00541704
-0.00163381
-0.00542511
-0.00210863
-0.00534131
-0.00260405
-0.00521565
-0.00311262
-0.00507773
-0.00494615
-0.000100178
-0.00179543
-0.000350172
-0.00349882
-0.00071771
-0.00438098
-0.0011747
-0.00477818
-0.00169743
-0.00489431
-0.00226706
-0.00485547
-0.00286961
-0.00473876
-0.00349554
-0.00458972
-0.00413913
-0.00443414
-0.0042867
-0.000144991
-0.00165044
-0.000484048
-0.00315977
-0.000959784
-0.00390525
-0.00153156
-0.00420641
-0.00217044
-0.00425542
-0.00285624
-0.00416968
-0.00357543
-0.00401957
-0.00431969
-0.00384546
-0.00508464
-0.00366919
-0.00350177
-0.000195399
-0.00145504
-0.000621913
-0.00273325
-0.00119858
-0.00332858
-0.001874
-0.00353099
-0.00261541
-0.00351401
-0.00340214
-0.00338295
-0.00422158
-0.00320013
-0.00506658
-0.00300046
-0.00593372
-0.00280205
-0.00261276
-0.000242846
-0.00121219
-0.000749796
-0.0022263
-0.00141705
-0.00266133
-0.00218345
-0.00276459
-0.00301324
-0.00268423
-0.00388579
-0.0025104
-0.00478955
-0.00229637
-0.00571842
-0.00207159
-0.00666959
-0.00185087
-0.00163958
-0.000285714
-0.000926477
-0.000863846
-0.00164817
-0.00160944
-0.00191574
-0.00245275
-0.00192128
-0.00335579
-0.00178119
-0.00429838
-0.0015678
-0.00527019
-0.00132456
-0.0062661
-0.00107568
-0.0072837
-0.000833271
-0.00060092
-0.000322624
-0.000603853
-0.000960969
-0.00100983
-0.00177133
-0.00110537
-0.00267666
-0.00101595
-0.00363734
-0.00082051
-0.00463398
-0.000571162
-0.00565758
-0.000300959
-0.00670415
-2.91137e-05
-0.00777163
0.000234207
0.000486285
-0.000352508
-0.000251345
-0.0010389
-0.000323432
-0.00189973
-0.000244543
-0.00285187
-6.38158e-05
-0.00385451
0.000182138
-0.00488919
0.000463514
-0.00594842
0.000758277
-0.00702961
0.00105208
-0.00813143
0.00133603
0.00160683
-0.000374648
0.000123303
-0.00109624
0.000398156
-0.00199303
0.000652252
-0.002977
0.000920156
-0.00400633
0.00121147
-0.00506329
0.00152047
-0.00614194
0.00183692
-0.00724151
0.00215165
-0.00836225
0.00245676
0.00274642
-0.000388664
0.000511967
-0.00113238
0.00114187
-0.00205097
0.00157084
-0.00305265
0.00192184
-0.00409446
0.00225327
-0.00515884
0.00258486
-0.00624083
0.00291891
-0.00734152
0.00325234
-0.00846412
0.00357937
0.00389078
-0.000394486
0.000906453
-0.00114744
0.00189483
-0.00207444
0.00249783
-0.00308123
0.00292863
-0.00412357
0.00329561
-0.00518318
0.00364447
-0.00625465
0.00399039
-0.00733932
0.00433701
-0.00844339
0.00468343
0.00502665
-0.000392278
0.00129873
-0.00114201
0.00264457
-0.00206505
0.00342087
-0.00306647
0.00393004
-0.00410136
0.0043305
-0.00515089
0.00469401
-0.00620873
0.00504822
-0.00727385
0.00540213
-0.0083504
0.00575999
0.00612972
-0.000383273
0.001682
-0.00111798
0.00337927
-0.00202507
0.00432796
-0.00301143
0.00491641
-0.00403354
0.00535261
-0.00507557
0.00573604
-0.00613751
0.00611016
-0.00723088
0.0064955
-0.00838171
0.00691081
0.00738631
-0.000364025
0.00204603
-0.0010707
0.00408595
-0.00195018
0.00520744
-0.00291225
0.00587847
-0.00391455
0.00635491
-0.00494231
0.0067638
-0.00599567
0.00716352
-0.00708103
0.00758086
-0.00820087
0.00803065
0.00851782
-0.000337245
0.00238327
-0.00100415
0.00475286
-0.00184388
0.00604717
-0.00276987
0.00680446
-0.0037396
0.00732463
-0.00473615
0.00776035
-0.00575494
0.00818232
-0.00679358
0.00861949
-0.00784227
0.00907935
0.00955121
-0.000303578
0.00268685
-0.00091948
0.00536876
-0.00170717
0.00683486
-0.00258435
0.00768164
-0.00350727
0.00824755
-0.00445519
0.00870828
-0.00541812
0.00914525
-0.00638789
0.00958925
-0.0073527
0.0100442
0.0104966
-0.000263876
0.00295073
-0.000818382
0.00592327
-0.00154218
0.00755865
-0.00235804
0.0084975
-0.00322075
0.00911026
-0.00410556
0.00959309
-0.00499819
0.0100379
-0.00588801
0.0104791
-0.00676531
0.0109215
0.0113553
-0.000219193
0.00316992
-0.000703149
0.00640722
-0.0013522
0.0082077
-0.00209532
0.00924062
-0.00288627
0.00990122
-0.00369686
0.0104037
-0.0045098
0.0108508
-0.00531381
0.0112831
-0.00610183
0.0117095
0.0121262
-0.000170744
0.00334067
-0.000576588
0.00681307
-0.00114149
0.0087726
-0.00180203
0.00990116
-0.00251185
0.010611
-0.00324011
0.0111319
-0.00396738
0.0115781
-0.00468217
0.0119979
-0.00537919
0.0124065
0.0128064
-0.000119844
0.00346051
-0.000441888
0.00713511
-0.000915053
0.00924577
-0.00148499
0.0104711
-0.00210645
0.0112325
-0.00274675
0.0117722
-0.00338474
0.0122161
-0.00400845
0.0126216
-0.00461308
0.0130111
0.013393
-6.78058e-05
0.00352832
-0.000302419
0.00736972
-0.000678296
0.00962165
-0.00115155
0.0109443
-0.00167936
0.0117603
-0.00222809
0.012321
-0.002775
0.012763
-0.00330711
0.0131537
-0.003819
0.013523
0.0138845
-1.59031e-05
0.00354422
-0.000161433
0.00751525
-0.000436694
0.00989691
-0.000809147
0.0113168
-0.00123987
0.012191
-0.00169506
0.0127761
-0.00215059
0.0132185
-0.00259199
0.0135951
-0.00301235
0.0139434
0.0142814
1.73623e-05
0.00352686
-4.82929e-05
0.00758091
-0.000224215
0.0100728
-0.000492699
0.0115853
-0.000821945
0.0125203
-0.00117955
0.0131338
-0.0015407
0.0135797
-0.00188934
0.0139437
-0.00221677
0.0142708
0.0145825
6.03301e-05
0.00346653
7.7867e-05
0.00756337
3.68862e-06
0.010147
-0.000162056
0.011751
-0.000391311
0.0127495
-0.000654291
0.0133967
-0.000925828
0.0138512
-0.00118818
0.0142061
-0.00143073
0.0145134
0.0147983
9.90666e-05
0.00336746
0.000195447
0.00746699
0.000218153
0.0101243
0.000155938
0.0118132
2.62861e-05
0.0128792
-0.000143584
0.0135666
-0.000328362
0.014036
-0.000508893
0.0143866
-0.000671967
0.0146764
0.0149392
0.000132897
0.00323456
0.000302144
0.00729775
0.000418312
0.0100081
0.00045574
0.0117758
0.0004235
0.0129114
0.000344686
0.0136454
0.000243581
0.0141371
0.000139881
0.0144903
4.80026e-05
0.0147683
0.0149994
0.000161275
0.00307329
0.00039594
0.00706308
0.000599257
0.00980482
0.000732112
0.011643
0.000794216
0.0128493
0.000803523
0.0136361
0.000782566
0.014158
0.000751532
0.0145214
0.000725859
0.014794
0.0150115
0.000183932
0.00288935
0.000475486
0.00677153
0.00075816
0.00952214
0.000980571
0.0114205
0.00113279
0.0126971
0.00122683
0.0135421
0.0012826
0.0141023
0.0013197
0.0144843
0.00135321
0.0147605
0.0149699
0.000200849
0.00268851
0.000540039
0.00643234
0.000892987
0.00916919
0.00119762
0.0111159
0.00143453
0.0124602
0.00160929
0.0133673
0.00173865
0.0139729
0.00184145
0.0143815
0.00193255
0.0146694
0.014881
0.000212221
0.00247629
0.00058944
0.00605512
0.00100257
0.00875606
0.00138076
0.0107377
0.00169561
0.0121454
0.0019461
0.0131168
0.00214563
0.0137734
0.00231299
0.0142141
0.00246407
0.0145183
0.0147419
0.000218427
0.00225786
0.000624082
0.00564946
0.00108667
0.00829348
0.00152856
0.0102958
0.00191311
0.0117608
0.00223261
0.0127973
0.00249717
0.0135088
0.00272723
0.013984
0.00294641
0.0142991
0.0145345
0.000219994
0.00203786
0.000644874
0.00522458
0.00114597
0.00779238
0.00164085
0.00980095
0.00208519
0.0113165
0.00246408
0.0124184
0.00278329
0.0131896
0.00306404
0.0137033
0.00334672
0.0140164
0.014218
0.000217171
0.00182069
0.000653824
0.00478793
0.00118472
0.00726149
0.00172404
0.00926162
0.00221957
0.0108209
0.00264586
0.0119921
0.00299469
0.0128408
0.0032602
0.0134378
0.00341272
0.0138639
0.0142558
0.000214001
0.00160669
0.000655558
0.00434637
0.00120549
0.00671156
0.00177716
0.00868996
0.0023123
0.0102858
0.00277622
0.0115282
0.00315035
0.0124667
0.00342235
0.0131658
0.00358031
0.013706
0.0141915
0.000207687
0.001399
0.000647535
0.00390653
0.00120804
0.00615105
0.00180393
0.00809407
0.00237334
0.00971639
0.00287546
0.0110261
0.00328625
0.0120559
0.00359357
0.0128585
0.00379703
0.0135025
0.0140623
0.000199063
0.00119994
0.000631772
0.00347382
0.00119559
0.00558723
0.00180862
0.00748103
0.00240779
0.00911722
0.0029485
0.0104854
0.00340299
0.0116014
0.00375846
0.012503
0.00401834
0.0132426
0.01387
0.000188848
0.00101109
0.000610078
0.00305259
0.00117095
0.00502636
0.00179463
0.00685736
0.00241878
0.00849306
0.00299674
0.00990742
0.00349788
0.0111003
0.00390767
0.0120932
0.00422913
0.0129212
0.013614
0.000177639
0.000833454
0.000584016
0.00264621
0.00113661
0.00447376
0.00176482
0.00622916
0.00240875
0.00784913
0.00302112
0.00929504
0.00356913
0.0105522
0.00403571
0.0116266
0.00442054
0.0125363
0.013295
0.000165918
0.000667535
0.000554916
0.00225721
0.00109469
0.00393399
0.00172168
0.00560216
0.00237973
0.00719108
0.00302225
0.00865252
0.00361494
0.00995956
0.00413774
0.0111038
0.00458575
0.0120883
0.0129128
0.000154064
0.000513471
0.000523892
0.00188738
0.00104706
0.00341082
0.00166744
0.00498178
0.00233356
0.00652497
0.00300064
0.00798544
0.00363365
0.00932654
0.00420974
0.0105277
0.00471921
0.0115788
0.0124674
0.000142358
0.000371114
0.000491866
0.00153788
0.000995378
0.00290731
0.00160419
0.00437297
0.0022721
0.00585706
0.00295709
0.00730045
0.00362427
0.00865936
0.00424857
0.00990344
0.00481602
0.0110114
0.01196
0.000130982
0.000240132
0.000459593
0.00120926
0.000941118
0.00242578
0.00153397
0.00378012
0.00219749
0.00519354
0.00289307
0.00660486
0.00358685
0.00796559
0.00425231
0.00923798
0.00487197
0.0103917
0.011394
0.000117751
0.000122381
0.000422259
0.000904757
0.00087726
0.00197078
0.00144821
0.00320917
0.00210021
0.00454154
0.00279865
0.00590643
0.00351137
0.00725286
0.00421125
0.0085381
0.00487798
0.009725
0.0107728
0.000107715
1.46657e-05
0.000391305
0.000621167
0.000821231
0.00154086
0.00136905
0.00266135
0.00200524
0.00390535
0.00269927
0.0052124
0.00342125
0.00653089
0.0041442
0.00781515
0.00484589
0.00902331
0.0101085
9.85575e-05
-8.38918e-05
0.000361881
0.000357843
0.000766243
0.00113649
0.00128865
0.00213894
0.00190458
0.00328942
0.00258755
0.00452943
0.00331025
0.00580819
0.00404638
0.00707902
0.00477241
0.00829728
0.00941189
9.01962e-05
-0.000174088
0.000333995
0.000114044
0.000712697
0.000757791
0.00120814
0.00164349
0.00180037
0.0026972
0.00246683
0.00386296
0.00318291
0.00509212
0.00392325
0.00633867
0.00466337
0.00755717
0.00869415
8.24779e-05
-0.000256566
0.000307406
-0.000110884
0.000660508
0.000404689
0.00112794
0.00117606
0.00169399
0.00213115
0.0023399
0.00321705
0.00304383
0.00438819
0.00378153
0.00560098
0.00452746
0.00681124
0.00796538
7.51633e-05
-0.000331729
0.000281592
-0.000317313
0.000608989
7.72928e-05
0.00104747
0.000737576
0.00158535
0.00159327
0.00220781
0.00259459
0.00289614
0.00369987
0.0036275
0.00486961
0.00437508
0.00606367
0.00723157
6.7931e-05
-0.00039966
0.000255758
-0.00050514
0.000556818
-0.000223767
0.000964876
0.000329518
0.00147223
0.00108592
0.00206839
0.00199843
0.00273878
0.00302948
0.00346338
0.004145
0.00421458
0.00531247
0.00649091
6.04161e-05
-0.000460076
0.000228944
-0.000673669
0.000502196
-0.000497019
0.000877153
-4.54387e-05
0.00134986
0.000613207
0.0019146
0.00143369
0.00256268
0.0023814
0.00328035
0.00342733
0.00404335
0.00454947
0.00573051
5.22836e-05
-0.00051236
0.00020025
-0.000821635
0.000443297
-0.000740066
0.000780768
-0.000382909
0.00121144
0.00018254
0.00173372
0.000911407
0.0023458
0.00176932
0.00304532
0.00272781
0.00382372
0.00377107
0.00492964
4.33249e-05
-0.000555685
0.000169163
-0.000947474
0.00037907
-0.000949973
0.000673369
-0.000677208
0.00105104
-0.000195131
0.00151051
0.000451932
0.00205113
0.0012287
0.00267694
0.00210199
0.00340954
0.00303847
0.00404521
3.37312e-05
-0.000589416
0.000135991
-0.00104973
0.000310223
-0.0011242
0.000556591
-0.000923576
0.000871491
-0.000510031
0.00124675
7.6678e-05
0.00166744
0.000808005
0.0021051
0.00166433
0.00249911
0.00264447
0.00380278
2.27239e-05
-0.00061214
0.000100545
-0.00112756
0.000238414
-0.00126207
0.000436083
-0.00112125
0.000687857
-0.000761805
0.000981795
-0.00021726
0.00129856
0.000491238
0.00161077
0.00135213
0.00189003
0.00236521
0.00353678
1.14826e-05
-0.000623623
6.51389e-05
-0.00118121
0.000167834
-0.00136477
0.000319828
-0.00127324
0.000515557
-0.000957534
0.000744021
-0.000445724
0.000989911
0.000245348
0.00123722
0.00110481
0.00147921
0.00212322
0.00327765
7.52326e-07
-0.000624375
3.14804e-05
-0.00121194
0.000102026
-0.00143531
0.000213887
-0.0013851
0.000363347
-0.00110699
0.000542709
-0.000625087
0.000742489
4.55685e-05
0.000955436
0.000891868
0.00118291
0.00189574
0.00302137
-9.62696e-06
-0.000614748
1.42156e-06
-0.00122299
4.42316e-05
-0.00147812
0.000122884
-0.00146375
0.000236288
-0.0012204
0.000380651
-0.000769451
0.000551619
-0.000125399
0.000747048
0.000696438
0.000969784
0.001673
0.00276501
-1.81299e-05
-0.000596618
-2.362e-05
-0.0012175
-2.61716e-06
-0.00149913
5.04776e-05
-0.00151685
0.000137638
-0.00130756
0.000258613
-0.000890425
0.000412933
-0.000279719
0.000601096
0.000508274
0.000824929
0.00144917
0.00250533
-2.45593e-05
-0.000572059
-4.1724e-05
-0.00120033
-3.60571e-05
-0.00150479
-7.95711e-08
-0.00155283
6.99866e-05
-0.00137762
0.000177145
-0.000997584
0.000323611
-0.000426185
0.000511259
0.000320626
0.000740665
0.00121977
0.00223785
-2.83263e-05
-0.000543732
-5.152e-05
-0.00117714
-5.35719e-05
-0.00150274
-2.63032e-05
-0.00158009
3.59097e-05
-0.00143984
0.000137744
-0.00109942
0.00028339
-0.000571831
0.000475698
0.000128318
0.000714645
0.000980818
0.00195773
-2.89458e-05
-0.000514787
-5.17439e-05
-0.00115434
-5.31169e-05
-0.00150137
-2.5098e-05
-0.00160811
3.83978e-05
-0.00150333
0.000143161
-0.00120418
0.000294591
-0.000723261
0.000496404
-7.34949e-05
0.00074878
0.000728442
0.00166049
-2.60725e-05
-4.14616e-05
-3.3083e-05
5.7103e-06
8.03749e-05
0.000196944
0.00036138
0.000578186
0.000848337
)
;

boundaryField
{
    inlet
    {
        type            calculated;
        value           uniform 0;
    }
    outlet
    {
        type            calculated;
        value           nonuniform List<scalar> 
40
(
0.00379764
0.0264634
0.0492846
0.0725182
0.097995
0.126063
0.15707
0.194522
0.240948
0.283914
-0.00211709
-0.00335523
-0.00450161
-0.00555313
-0.00650895
-0.00737084
-0.00814294
-0.00883126
-0.00944299
-0.00998605
-0.0104688
-0.0108995
-0.0112867
-0.0116383
-0.0119623
-0.0122662
-0.0125574
-0.012843
-0.0131296
-0.0134241
-0.0525561
-0.0589311
-0.0681905
-0.0808445
-0.0966459
-0.114279
-0.131523
-0.146003
-0.156104
-0.161212
)
;
    }
    cylinder
    {
        type            calculated;
        value           uniform 0;
    }
    top
    {
        type            symmetryPlane;
        value           uniform 0;
    }
    bottom
    {
        type            symmetryPlane;
        value           uniform 0;
    }
    defaultFaces
    {
        type            empty;
        value           nonuniform 0();
    }
}


// ************************************************************************* //
