/*--------------------------------*- C++ -*----------------------------------*\
  =========                 |
  \\      /  F ield         | OpenFOAM: The Open Source CFD Toolbox
   \\    /   O peration     | Website:  https://openfoam.org
    \\  /    A nd           | Version:  7
     \\/     M anipulation  |
\*---------------------------------------------------------------------------*/
FoamFile
{
    version     2.0;
    format      ascii;
    class       volVectorField;
    location    "78.9";
    object      U;
}
// * * * * * * * * * * * * * * * * * * * * * * * * * * * * * * * * * * * * * //

dimensions      [0 1 -1 0 0 0 0];

internalField   nonuniform List<vector> 
2000
(
(-0.00014497 -0.00573396 -2.48641e-22)
(-1.51037e-06 -0.0132504 0)
(0.000631194 -0.0173034 0)
(0.0017056 -0.0184121 -1.27486e-21)
(0.00316966 -0.0168973 4.13773e-22)
(0.00499498 -0.0129675 1.57554e-23)
(0.00717292 -0.00677977 -7.12044e-22)
(0.00968946 0.00150979 0)
(0.0125022 0.0117063 0)
(0.015458 0.023552 0)
(0.000376947 -0.00554496 0)
(0.0014296 -0.0132922 -9.72465e-22)
(0.00281736 -0.0176623 8.96806e-22)
(0.00436034 -0.0191401 1.70288e-21)
(0.00602147 -0.0180523 0)
(0.00779261 -0.0146248 1.55501e-21)
(0.00969317 -0.00901687 -1.44605e-21)
(0.0117465 -0.00135944 0)
(0.0139618 0.00821067 2.64848e-21)
(0.0162035 0.0195194 -5.0974e-21)
(0.000942319 -0.00543126 0)
(0.00308651 -0.013413 7.7687e-21)
(0.00545019 -0.0180364 0)
(0.00767034 -0.0198027 6.94583e-21)
(0.00972203 -0.0190616 0)
(0.011615 -0.0160703 -6.26189e-21)
(0.0133941 -0.011004 0)
(0.0151169 -0.00397964 5.66518e-21)
(0.0168468 0.00491911 -5.30577e-21)
(0.0184615 0.0155985 -5.18923e-21)
(0.00158701 -0.00542299 -2.02194e-21)
(0.00502058 -0.0136461 -3.87732e-21)
(0.00856963 -0.0184404 -1.81683e-21)
(0.0116601 -0.0203893 -3.41147e-21)
(0.0142816 -0.0198825 -3.26457e-21)
(0.0164652 -0.0172219 3.08178e-21)
(0.0182822 -0.0126121 2.957e-21)
(0.0198225 -0.00617054 -2.31827e-23)
(0.0212031 0.00206212 5.35831e-21)
(0.022316 0.0120598 5.18707e-21)
(0.00235223 -0.00554136 -1.98941e-21)
(0.00728383 -0.0140107 -3.95776e-21)
(0.0122036 -0.0188781 -7.51526e-21)
(0.0163235 -0.0208876 3.45798e-21)
(0.0196593 -0.0204844 0)
(0.0222735 -0.0180249 0)
(0.0242701 -0.0137539 -6.06975e-21)
(0.025772 -0.00780345 -5.75246e-21)
(0.0269485 -0.000184115 5.42709e-21)
(0.0277112 0.00912712 1.56253e-20)
(0.00328266 -0.0057942 2.02043e-21)
(0.00992208 -0.014502 2.05326e-21)
(0.0163578 -0.0193373 -1.1143e-20)
(0.0216138 -0.0212829 1.77096e-20)
(0.0257526 -0.0208523 -3.30208e-21)
(0.0288843 -0.0184623 0)
(0.0311575 -0.0144043 0)
(0.0327341 -0.0088348 2.86712e-20)
(0.0338333 -0.00174602 -2.70961e-20)
(0.0343959 0.00691575 5.1393e-21)
(0.00442071 -0.00617074 1.57517e-20)
(0.0129666 -0.0150902 0)
(0.0210073 -0.0197883 1.48936e-20)
(0.0274371 -0.0215567 -1.41351e-20)
(0.032393 -0.0209874 0)
(0.0360547 -0.0185587 6.42726e-21)
(0.0386314 -0.0146089 -1.80218e-20)
(0.0403349 -0.00932426 -2.29104e-20)
(0.0414339 -0.00268617 1.07493e-20)
(0.0419052 0.00538232 1.04014e-20)
(0.00580032 -0.00664085 -3.14807e-20)
(0.016425 -0.01572 -4.00488e-21)
(0.0260902 -0.0201841 -7.54161e-21)
(0.0336503 -0.0216874 -1.77521e-20)
(0.0393517 -0.0209053 -6.80005e-21)
(0.0434685 -0.018374 -6.4186e-21)
(0.0462892 -0.0144754 5.42124e-23)
(0.048089 -0.00942685 0)
(0.0491914 -0.00320242 0)
(0.0496118 0.0043119 6.61526e-23)
(0.00744086 -0.00715676 1.57293e-20)
(0.0202723 -0.016314 -1.59426e-20)
(0.0315025 -0.0204646 1.12174e-20)
(0.0400643 -0.0216522 2.49869e-20)
(0.0463536 -0.0206339 -6.6666e-21)
(0.0507656 -0.0179946 6.42096e-21)
(0.0536839 -0.014151 6.04844e-21)
(0.0554585 -0.0093514 0)
(0.0564798 -0.00356857 0)
(0.0568178 0.00336588 -2.55343e-22)
(0.00934239 -0.00765755 -1.97456e-21)
(0.0244454 -0.0167805 2.00037e-20)
(0.0370974 -0.0205645 -3.74246e-21)
(0.0464525 -0.0214329 0)
(0.0531003 -0.0202139 0)
(0.0575834 -0.0175232 1.2692e-20)
(0.0603926 -0.0137965 0)
(0.0619554 -0.00930619 -1.11228e-20)
(0.0627258 -0.00404826 2.25653e-23)
(0.0628581 0.00215682 9.94655e-21)
(0.0218218 0.0529708 1.95703e-22)
(0.035645 0.11539 -1.9794e-22)
(0.0428998 0.175599 -2.25042e-22)
(0.0432811 0.23058 -2.55464e-22)
(0.0382831 0.285884 -3.13126e-22)
(0.033916 0.345253 -1.10676e-23)
(0.0222452 0.411995 1.64695e-22)
(0.0191394 0.497858 5.88322e-22)
(-0.000814049 0.62446 0)
(0.00579872 0.776574 -4.30505e-22)
(0.0204132 0.0481088 7.52705e-22)
(0.0324539 0.110407 -8.52973e-22)
(0.0401611 0.173144 1.52575e-21)
(0.0410519 0.230053 2.55888e-22)
(0.0364993 0.286482 5.52985e-22)
(0.0324775 0.346587 9.51789e-22)
(0.0213199 0.413863 -3.56182e-22)
(0.0183418 0.500132 -3.94638e-22)
(-0.000763589 0.626247 7.69568e-22)
(0.00537595 0.776908 4.29487e-22)
(0.0204797 0.0430465 0)
(0.0298873 0.10436 -8.20578e-22)
(0.037792 0.169472 -4.4212e-22)
(0.039107 0.228455 0)
(0.0349452 0.286135 -1.70252e-21)
(0.0312429 0.347069 5.31561e-22)
(0.0205379 0.414932 5.98365e-22)
(0.0176447 0.501609 2.12619e-21)
(-0.00067632 0.62758 -7.67076e-22)
(0.00499775 0.777055 1.54879e-21)
(0.022227 0.0380707 0)
(0.0280655 0.0974507 8.27469e-22)
(0.0357966 0.164592 0)
(0.0374304 0.225766 1.9777e-21)
(0.0336048 0.284838 -1.98796e-21)
(0.0301949 0.346693 -1.21009e-21)
(0.0198858 0.415165 -7.45636e-23)
(0.0170573 0.502218 -2.07893e-21)
(-0.000554029 0.628199 -3.40168e-22)
(0.00464299 0.776826 -1.90476e-21)
(0.0257459 0.033458 3.62545e-23)
(0.027155 0.0899734 -2.36552e-21)
(0.0341867 0.158554 8.16885e-23)
(0.0360075 0.221979 -1.76092e-21)
(0.0324604 0.282596 0)
(0.0293127 0.345503 -1.15579e-21)
(0.0193434 0.41468 -9.8713e-23)
(0.016557 0.502223 2.61216e-21)
(-0.000423103 0.628514 3.45567e-22)
(0.00431451 0.776548 -3.46827e-22)
(0.0309095 0.029416 -6.40575e-21)
(0.0273366 0.082286 4.0502e-21)
(0.0329896 0.151457 1.72203e-21)
(0.0348275 0.217108 -1.72119e-21)
(0.0314983 0.279394 -9.42433e-22)
(0.028586 0.34343 0)
(0.0189127 0.413301 -2.31316e-21)
(0.0161605 0.501228 1.15556e-21)
(-0.000265335 0.627839 1.26408e-21)
(0.0039921 0.775785 1.31764e-21)
(0.0372961 0.026046 -7.69437e-22)
(0.0287263 0.0747756 0)
(0.0322494 0.143474 0)
(0.0338803 0.211191 0)
(0.0306958 0.275324 -1.00486e-21)
(0.0279887 0.340729 1.9443e-21)
(0.0185589 0.411525 2.25473e-21)
(0.0158073 0.500115 -3.51404e-21)
(-0.000135164 0.627414 6.21836e-22)
(0.00369801 0.775261 -1.92085e-21)
(0.0441747 0.0233023 4.82866e-21)
(0.0312458 0.0677019 3.29287e-21)
(0.0320029 0.134854 -3.26299e-21)
(0.0331688 0.204267 3.49342e-21)
(0.0300509 0.270136 -4.33957e-21)
(0.0275291 0.33681 0)
(0.0183224 0.408351 -1.0137e-21)
(0.0155853 0.497292 5.14434e-23)
(4.90062e-05 0.625223 -1.12101e-21)
(0.00339278 0.773925 -1.18168e-21)
(0.0505129 0.0207914 -4.0993e-21)
(0.0344902 0.0607353 0)
(0.0322355 0.125488 -3.67608e-21)
(0.0326451 0.196638 6.64102e-21)
(0.0295269 0.264844 -2.47523e-21)
(0.027145 0.333397 -4.57579e-22)
(0.0180881 0.406176 1.01151e-21)
(0.0152958 0.496026 9.87167e-24)
(0.000120283 0.624805 1.61968e-21)
(0.00312687 0.773414 1.71612e-21)
(0.0549424 0.0183321 -3.30591e-21)
(0.0376877 0.0537972 3.23156e-21)
(0.032968 0.114593 4.06203e-22)
(0.0323968 0.185862 0)
(0.0291103 0.255614 0)
(0.0269525 0.32581 4.48698e-22)
(0.0181075 0.399636 1.9066e-21)
(0.0153317 0.490059 -1.85221e-21)
(0.0003776 0.62024 -5.0029e-22)
(0.00282288 0.771323 4.8409e-22)
(0.0570865 0.0200161 0)
(0.0417335 0.050794 0)
(0.0346209 0.107277 0)
(0.0327684 0.180659 0)
(0.0287184 0.253915 0)
(0.0257544 0.326719 0)
(0.0171149 0.401991 0)
(0.0140947 0.493673 0)
(5.0973e-05 0.623147 0)
(0.00225844 0.771246 0)
(0.0587966 0.0378697 0)
(0.0449134 0.0702156 0)
(0.0347514 0.118713 0)
(0.0313065 0.186244 0)
(0.027445 0.258489 0)
(0.024263 0.332011 0)
(0.0161883 0.408748 0)
(0.0128036 0.501859 0)
(4.30441e-05 0.63009 0)
(0.00174858 0.772587 0)
(0.0560754 0.0439617 0)
(0.046204 0.0806223 0)
(0.0354557 0.127458 0)
(0.0302386 0.192257 0)
(0.0259431 0.263887 0)
(0.0225038 0.337372 0)
(0.0150687 0.414504 0)
(0.0115623 0.507863 0)
(-3.34722e-05 0.634781 0)
(0.00133605 0.772811 0)
(0.0511796 0.0478359 0)
(0.0449768 0.08878 0)
(0.0353719 0.134891 0)
(0.0294064 0.197503 0)
(0.0248731 0.269112 0)
(0.0212328 0.343516 0)
(0.0142791 0.421981 0)
(0.0106621 0.516316 0)
(0.00016558 0.641732 0)
(0.00108922 0.774189 0)
(0.0456423 0.0496229 0)
(0.0422292 0.0953431 0)
(0.0343185 0.142012 0)
(0.0283206 0.202486 0)
(0.0236619 0.273148 0)
(0.0199081 0.347615 0)
(0.0134027 0.426499 0)
(0.00975398 0.520984 0)
(0.000118473 0.645241 0)
(0.00081776 0.774097 0)
(0.0396791 0.0494604 0)
(0.038584 0.0998945 0)
(0.0323084 0.148104 0)
(0.02687 0.207562 0)
(0.0226619 0.278019 0)
(0.0190363 0.353333 0)
(0.0129336 0.433608 0)
(0.00919166 0.529132 0)
(0.000392077 0.651795 0)
(0.000685575 0.775284 0)
(0.0335894 0.0475116 0)
(0.0347808 0.102875 0)
(0.0303205 0.153574 0)
(0.0252388 0.211921 0)
(0.0212277 0.281157 0)
(0.0178618 0.3562 0)
(0.0122528 0.436644 0)
(0.008569 0.53216 0)
(0.000352582 0.653974 0)
(0.000512304 0.774932 0)
(0.0273288 0.0434283 0)
(0.0303887 0.102906 0)
(0.0278002 0.157009 0)
(0.0238692 0.216581 0)
(0.0204063 0.286264 0)
(0.0172164 0.362243 0)
(0.0119853 0.444092 0)
(0.00823861 0.540601 0)
(0.000723411 0.660593 0)
(0.000474615 0.77612 0)
(0.0224352 0.0398086 0)
(0.02781 0.103807 0)
(0.0264929 0.160416 0)
(0.0226581 0.219177 0)
(0.0193277 0.287931 0)
(0.016394 0.363695 0)
(0.011509 0.445667 0)
(0.00786 0.542055 0)
(0.000689712 0.661622 0)
(0.000385258 0.775787 0)
(0.015315 0.0263845 0)
(0.0226204 0.0960131 0)
(0.0248072 0.160681 0)
(0.0226572 0.223795 0)
(0.0195016 0.293689 0)
(0.0164063 0.370579 0)
(0.0116661 0.454066 0)
(0.00779094 0.551487 0)
(0.00120762 0.668836 0)
(0.000419865 0.777164 0)
(0.0656876 0.00927567 2.88646e-21)
(0.0637744 0.0175883 -2.83783e-21)
(0.0580914 0.0194362 2.43164e-22)
(0.0516141 0.0195507 0)
(0.0448759 0.0180672 0)
(0.0377634 0.0152821 7.0317e-23)
(0.0305953 0.0112861 -8.16746e-23)
(0.0234747 0.0057173 8.02667e-23)
(0.0172122 0.000643197 -1.45623e-23)
(0.00944213 -0.0114158 1.43094e-23)
(0.0670367 0.00485239 -3.82838e-21)
(0.0632323 0.00903851 0)
(0.0567581 0.00882881 1.36442e-21)
(0.0500186 0.00737967 -2.70503e-21)
(0.0431607 0.00465185 1.33425e-21)
(0.0359636 0.000931106 -6.87721e-23)
(0.0287067 -0.00376616 6.05437e-23)
(0.0215812 -0.00977885 1.1042e-23)
(0.0149622 -0.0153254 -2.31287e-23)
(0.0077054 -0.0264385 -2.55963e-23)
(0.0674826 0.000138897 4.31031e-21)
(0.0621744 0.000667335 -1.9792e-21)
(0.0552534 -0.0015308 1.96016e-21)
(0.0483362 -0.00455922 -1.06525e-21)
(0.0413655 -0.00854207 8.366e-22)
(0.0340909 -0.0131872 0)
(0.0267584 -0.0185349 -6.06821e-23)
(0.0196466 -0.0248407 8.67891e-25)
(0.0128438 -0.0306185 9.74029e-24)
(0.00617874 -0.0404119 3.92212e-23)
(0.0671507 -0.00553738 -6.54928e-22)
(0.0606101 -0.00815052 0)
(0.0534892 -0.0120532 0)
(0.0464804 -0.0164699 0)
(0.0394548 -0.0215484 5.35496e-22)
(0.0321466 -0.0269681 -3.28817e-22)
(0.024792 -0.0328117 2.41927e-23)
(0.0177138 -0.0392184 9.39096e-24)
(0.0109127 -0.0449586 8.99791e-24)
(0.00482489 -0.0532691 1.66057e-23)
(0.0659461 -0.0122642 -4.61483e-22)
(0.0584542 -0.0174871 -1.74521e-21)
(0.0513458 -0.0227987 -6.96207e-22)
(0.0443273 -0.0283455 6.95708e-22)
(0.0373314 -0.0342935 -2.04115e-22)
(0.0300635 -0.0402753 0)
(0.022779 -0.0464117 -6.02241e-23)
(0.0158136 -0.0527147 2.13733e-23)
(0.00918469 -0.0581714 -6.65446e-24)
(0.00369663 -0.0649881 -2.5872e-23)
(0.0639623 -0.0199032 -4.82819e-21)
(0.0558224 -0.0271856 8.06073e-22)
(0.0488978 -0.0336474 2.07321e-22)
(0.0419404 -0.0400518 6.84998e-22)
(0.0350475 -0.0466333 0)
(0.0278954 -0.05295 0)
(0.0207645 -0.0591701 0)
(0.0139998 -0.065184 2.53078e-23)
(0.00767631 -0.0701704 0)
(0.00279526 -0.0755873 0)
(0.0612825 -0.0282325 0)
(0.05284 -0.0370052 1.37093e-21)
(0.0462227 -0.044408 -8.82502e-22)
(0.039399 -0.0514056 -4.96112e-22)
(0.0326766 -0.0583988 4.98659e-22)
(0.0257111 -0.064838 1.00955e-22)
(0.0188073 -0.0709552 -1.26903e-22)
(0.0123211 -0.076537 -1.17031e-22)
(0.0063934 -0.0809402 9.30368e-24)
(0.00209423 -0.085118 7.24843e-24)
(0.0579956 -0.0369804 0)
(0.0496146 -0.0467044 -4.88742e-22)
(0.043395 -0.0548724 -1.96906e-22)
(0.036771 -0.0622202 0)
(0.0302823 -0.0694328 6.61521e-23)
(0.0235689 -0.0758147 -2.45646e-22)
(0.0169546 -0.0816827 1.0451e-22)
(0.0108091 -0.0867427 3.47124e-24)
(0.00532686 -0.0905212 -7.55406e-24)
(0.00156098 -0.0936534 -7.79537e-24)
(0.0542323 -0.0458832 6.56658e-22)
(0.0462292 -0.0560711 4.43313e-22)
(0.0404778 -0.0648548 -1.50732e-22)
(0.0341195 -0.0723384 7.65958e-23)
(0.02792 -0.0796136 1.07197e-22)
(0.0215167 -0.0858007 1.08591e-22)
(0.0152397 -0.0913201 -2.32436e-23)
(0.00947778 -0.0958229 -1.22101e-23)
(0.0044561 -0.0989931 7.57877e-24)
(0.00116293 -0.101279 3.8786e-25)
(0.0501312 -0.0547181 -1.37973e-22)
(0.0427599 -0.0649411 1.39208e-22)
(0.0375288 -0.0742119 -9.99245e-23)
(0.0315019 -0.0816506 -7.64795e-23)
(0.0256354 -0.0888681 4.78235e-23)
(0.0195903 -0.0947677 -8.5997e-23)
(0.0136815 -0.099885 3.26545e-23)
(0.00832634 -0.103841 2.73418e-24)
(0.00375388 -0.106459 0)
(0.000869563 -0.108084 -3.88682e-25)
(0.0458513 -0.0633109 1.41625e-22)
(0.0392934 -0.0732082 -1.42832e-22)
(0.0346124 -0.0828519 -1.05805e-22)
(0.0289774 -0.0901035 -8.2061e-23)
(0.0234691 -0.0971745 -5.05834e-23)
(0.0178163 -0.102737 7.84307e-24)
(0.0122881 -0.107436 1.77247e-23)
(0.00734381 -0.11089 2.73022e-23)
(0.0031912 -0.113032 0)
(0.000654359 -0.114159 -2.20271e-24)
(0.041558 -0.0715505 0)
(0.0359245 -0.0808244 -4.78454e-22)
(0.0317937 -0.0907331 8.07555e-22)
(0.0266016 -0.097697 8.21819e-23)
(0.0214541 -0.104556 1.29172e-22)
(0.0162116 -0.109771 1.35599e-22)
(0.0110587 -0.114062 -2.82979e-23)
(0.00651337 -0.117079 -1.66044e-23)
(0.00274096 -0.118827 1.9651e-23)
(0.000496077 -0.11959 2.19746e-24)
(0.0373817 -0.079386 0)
(0.0327274 -0.0877969 -5.56273e-22)
(0.0291162 -0.097857 -2.20078e-22)
(0.0244101 -0.104478 0)
(0.0196075 -0.111074 -3.56813e-22)
(0.0147796 -0.115959 1.36599e-22)
(0.00998427 -0.119867 8.25561e-23)
(0.00581483 -0.122522 1.36409e-22)
(0.00237945 -0.123953 -1.95869e-23)
(0.00037855 -0.124459 1.44193e-23)
(0.0334135 -0.0868139 0)
(0.0297512 -0.0941858 5.60882e-22)
(0.0266021 -0.104261 0)
(0.0224172 -0.110531 6.44635e-22)
(0.0179323 -0.116816 -6.47979e-22)
(0.0135118 -0.121411 -1.71398e-22)
(0.00905 -0.124968 3.78807e-23)
(0.00522708 -0.127335 -1.42391e-22)
(0.00208701 -0.128515 -2.6162e-23)
(0.000289707 -0.128847 -2.22313e-23)
(0.0297187 -0.0938621 5.79477e-21)
(0.0270344 -0.100098 -2.17096e-21)
(0.0242658 -0.110009 -2.11499e-22)
(0.0206258 -0.115969 -8.73123e-22)
(0.0164262 -0.121887 0)
(0.0123947 -0.126246 -1.83496e-22)
(0.00824006 -0.12948 6.06526e-23)
(0.00473081 -0.131629 2.15854e-22)
(0.00184841 -0.13261 8.82773e-24)
(0.000220909 -0.132833 -8.82038e-24)
(0.0263328 -0.100567 5.08618e-22)
(0.024609 -0.105679 3.38048e-21)
(0.0221227 -0.115182 9.14748e-22)
(0.0190336 -0.120917 -9.14187e-22)
(0.0150872 -0.126405 -3.18526e-22)
(0.0114145 -0.130586 0)
(0.00754063 -0.13352 -2.99518e-22)
(0.00431011 -0.135508 1.60339e-22)
(0.0016526 -0.13633 8.12107e-23)
(0.000166243 -0.136495 2.05248e-23)
(0.0232768 -0.106944 -8.14792e-22)
(0.0225174 -0.111106 0)
(0.0202054 -0.119876 0)
(0.0176421 -0.125505 0)
(0.0139205 -0.130489 -2.52494e-22)
(0.0105619 -0.134547 5.70381e-22)
(0.00694259 -0.137197 3.08562e-22)
(0.0039537 -0.139073 -3.66223e-22)
(0.00149237 -0.139766 2.10108e-23)
(0.000121734 -0.139908 -4.11233e-23)
(0.0205471 -0.112959 -1.88787e-21)
(0.0207774 -0.116574 2.51224e-21)
(0.0185391 -0.124194 -2.48854e-21)
(0.0164365 -0.129854 1.59348e-21)
(0.0129233 -0.13426 -1.93307e-21)
(0.00982332 -0.138239 0)
(0.00643537 -0.140614 -1.8785e-22)
(0.0036512 -0.142415 -8.2822e-24)
(0.00136202 -0.143 -6.97376e-23)
(8.41698e-05 -0.143152 -2.34742e-23)
(0.0178823 -0.11847 -8.84626e-22)
(0.0191375 -0.122267 0)
(0.0169957 -0.128248 -2.45481e-21)
(0.0152842 -0.134075 3.80959e-21)
(0.0120151 -0.137835 -1.30845e-21)
(0.00913581 -0.141766 -1.39912e-22)
(0.00598028 -0.143868 1.87422e-22)
(0.00337868 -0.145623 2.32442e-23)
(0.00125116 -0.146115 1.43614e-22)
(5.17957e-05 -0.146301 4.67046e-23)
(0.0152504 -0.123095 -3.5788e-21)
(0.017481 -0.128353 3.49878e-21)
(0.0155876 -0.1322 3.17493e-22)
(0.0141701 -0.138284 0)
(0.011183 -0.141344 0)
(0.00849527 -0.145237 1.44051e-22)
(0.00557221 -0.147062 3.48977e-22)
(0.00313552 -0.148783 -3.42478e-22)
(0.00116061 -0.149191 -2.58716e-23)
(3.6433e-05 -0.149436 2.53191e-23)
(0.0150898 -0.130097 0)
(0.0178047 -0.14292 0)
(0.0153767 -0.141374 0)
(0.0136967 -0.148304 0)
(0.0107197 -0.149782 0)
(0.00800405 -0.153675 0)
(0.00524355 -0.154852 0)
(0.00293737 -0.156503 0)
(0.00112796 -0.156673 0)
(7.08194e-05 -0.157013 0)
(0.0140904 -0.153543 0)
(0.0128198 -0.16767 0)
(0.0109097 -0.162459 0)
(0.00928484 -0.169502 0)
(0.00719875 -0.16867 0)
(0.00535853 -0.172309 0)
(0.00349784 -0.172244 0)
(0.00200151 -0.173733 0)
(0.00079178 -0.173388 0)
(8.22806e-05 -0.17382 0)
(0.0145507 -0.182266 0)
(0.0119853 -0.197507 0)
(0.0098392 -0.189551 0)
(0.00787608 -0.19704 0)
(0.00600677 -0.194287 0)
(0.00434667 -0.198071 0)
(0.00285564 -0.196923 0)
(0.00166149 -0.198516 0)
(0.000711474 -0.197652 0)
(9.59137e-05 -0.19826 0)
(0.0145353 -0.218401 0)
(0.0110987 -0.234866 0)
(0.00899826 -0.224945 0)
(0.00678419 -0.233268 0)
(0.00518838 -0.228919 0)
(0.00362938 -0.233227 0)
(0.00245598 -0.231094 0)
(0.00143657 -0.233041 0)
(0.00067705 -0.231628 0)
(9.73414e-05 -0.232532 0)
(0.0141957 -0.262957 0)
(0.0103421 -0.279818 0)
(0.00834172 -0.26922 0)
(0.0059472 -0.278258 0)
(0.00460505 -0.272938 0)
(0.00307225 -0.27789 0)
(0.00216744 -0.275014 0)
(0.0012214 -0.277451 0)
(0.00063004 -0.275544 0)
(7.0963e-05 -0.276856 0)
(0.0132091 -0.313843 0)
(0.00935136 -0.329321 0)
(0.00754545 -0.319936 0)
(0.00512946 -0.328822 0)
(0.00402962 -0.323611 0)
(0.00252561 -0.328796 0)
(0.00184175 -0.325706 0)
(0.000922962 -0.328453 0)
(0.000505055 -0.326307 0)
(7.15756e-06 -0.327957 0)
(0.0113234 -0.365212 0)
(0.00789103 -0.377577 0)
(0.00636093 -0.371121 0)
(0.00417472 -0.378644 0)
(0.00329761 -0.374707 0)
(0.00191972 -0.379307 0)
(0.00140078 -0.376704 0)
(0.000545783 -0.379251 0)
(0.000298889 -0.377298 0)
(-6.78559e-05 -0.378963 0)
(0.00861739 -0.409429 0)
(0.00594232 -0.418013 0)
(0.00477204 -0.415147 0)
(0.00305615 -0.42053 0)
(0.00240128 -0.418492 0)
(0.00129016 -0.421817 0)
(0.000902548 -0.420184 0)
(0.000203657 -0.422014 0)
(9.65619e-05 -0.42062 0)
(-0.000108779 -0.421887 0)
(0.00535327 -0.440638 0)
(0.00365504 -0.446095 0)
(0.00292769 -0.446219 0)
(0.00184348 -0.449583 0)
(0.00143802 -0.449262 0)
(0.000716321 -0.451229 0)
(0.000468224 -0.450575 0)
(1.0482e-05 -0.451554 0)
(-1.52138e-05 -0.450793 0)
(-9.5588e-05 -0.451485 0)
(0.00181283 -0.456415 0)
(0.0012228 -0.460207 0)
(0.000983904 -0.46195 0)
(0.000611348 -0.464149 0)
(0.000477927 -0.46479 0)
(0.000225805 -0.465927 0)
(0.000141055 -0.465855 0)
(-2.00316e-05 -0.466293 0)
(-2.02702e-05 -0.465938 0)
(-3.78421e-05 -0.466241 0)
(0.0148208 -0.139362 4.18447e-21)
(0.0155287 -0.164289 -4.103e-21)
(0.0166048 -0.194755 5.28192e-22)
(0.0167672 -0.231896 0)
(0.0164024 -0.276024 0)
(0.0151774 -0.32462 6.11217e-22)
(0.0129743 -0.372202 -2.62655e-21)
(0.00990512 -0.41229 2.59071e-21)
(0.00619927 -0.440223 7.04142e-22)
(0.00210708 -0.45426 -6.93095e-22)
(0.0150376 -0.144172 -4.95259e-21)
(0.016369 -0.169001 0)
(0.0175824 -0.199584 3.60115e-21)
(0.0177787 -0.23671 -8.31013e-21)
(0.0173739 -0.280424 5.33438e-21)
(0.0160372 -0.328046 -5.66e-22)
(0.0137008 -0.37423 1.26164e-21)
(0.0104776 -0.41289 2.66293e-21)
(0.00657786 -0.439741 7.49864e-22)
(0.00223502 -0.453223 7.27849e-22)
(0.0155659 -0.149177 5.78453e-21)
(0.0175376 -0.173982 -3.97505e-21)
(0.0187963 -0.204451 3.93737e-21)
(0.0189838 -0.241331 -4.40428e-21)
(0.0184955 -0.284459 3.25875e-21)
(0.0170083 -0.331009 0)
(0.0144977 -0.375797 -1.2647e-21)
(0.0110785 -0.413112 6.51888e-23)
(0.00695482 -0.438997 -1.39806e-21)
(0.00235355 -0.452003 -1.42785e-21)
(0.0164362 -0.153674 -9.35259e-22)
(0.0189712 -0.178581 0)
(0.020225 -0.20899 0)
(0.0203781 -0.245641 0)
(0.0197756 -0.288194 3.62974e-21)
(0.018113 -0.333704 -2.42749e-21)
(0.0153954 -0.37715 -1.67861e-23)
(0.0117389 -0.413169 -1.49351e-21)
(0.00735575 -0.438105 -7.66642e-22)
(0.00247448 -0.450623 -8.20824e-22)
(0.0177159 -0.15776 8.8568e-23)
(0.02065 -0.18261 -2.82289e-21)
(0.0218464 -0.212926 -2.15194e-21)
(0.0219416 -0.249365 2.15058e-21)
(0.0212015 -0.29139 -1.1859e-21)
(0.0193491 -0.335958 0)
(0.0164051 -0.378195 -1.39215e-21)
(0.0124823 -0.41303 3.04794e-21)
(0.0078067 -0.437076 -1.55986e-21)
(0.00261153 -0.449119 1.60615e-21)
(0.0194422 -0.161505 -7.50422e-21)
(0.0225952 -0.186108 8.15219e-22)
(0.0236761 -0.216209 -1.56263e-22)
(0.023678 -0.252389 2.20987e-21)
(0.0227728 -0.293899 0)
(0.0207143 -0.337617 0)
(0.0175266 -0.378796 0)
(0.0133144 -0.412604 1.63346e-21)
(0.0083171 -0.435876 0)
(0.00277119 -0.447502 0)
(0.0216265 -0.164818 0)
(0.0248235 -0.189054 3.09554e-21)
(0.0257398 -0.218835 -2.09174e-21)
(0.0256058 -0.254704 -2.48104e-21)
(0.0245043 -0.295697 2.49394e-21)
(0.0222167 -0.33864 1.48787e-21)
(0.018762 -0.3789 -1.47607e-21)
(0.0142345 -0.411842 -5.83512e-21)
(0.00888603 -0.434473 4.15443e-22)
(0.00295447 -0.44576 -1.42182e-21)
(0.0242772 -0.167576 0)
(0.0273415 -0.191371 -1.00617e-21)
(0.0280554 -0.220765 -5.67764e-22)
(0.0277407 -0.2563 0)
(0.0264131 -0.296793 7.25461e-22)
(0.0238701 -0.339042 -2.18896e-21)
(0.0201195 -0.378514 2.43802e-21)
(0.0152447 -0.410739 8.69869e-22)
(0.009512 -0.432856 -9.51821e-22)
(0.00316116 -0.443882 1.88636e-21)
(0.0274052 -0.169685 9.0491e-22)
(0.030154 -0.192995 1.09154e-21)
(0.0306336 -0.221948 -2.42232e-22)
(0.0300925 -0.257155 3.24609e-22)
(0.0285122 -0.297183 6.90391e-22)
(0.0256867 -0.338836 1.15946e-21)
(0.0216085 -0.377657 -4.36174e-22)
(0.0163506 -0.409305 -4.71327e-22)
(0.0101963 -0.431024 9.54957e-22)
(0.00339186 -0.441857 5.17495e-22)
(0.0310203 -0.171067 -2.52175e-22)
(0.0332665 -0.193894 2.54536e-22)
(0.0334837 -0.222348 -2.92211e-22)
(0.0326674 -0.257246 -3.24186e-22)
(0.0308108 -0.296858 3.85132e-22)
(0.0276752 -0.338025 -7.86428e-22)
(0.023238 -0.376336 6.67443e-22)
(0.0175595 -0.407549 2.38675e-22)
(0.0109429 -0.428978 0)
(0.00364821 -0.439682 -5.18653e-22)
(0.0351298 -0.171663 2.58401e-22)
(0.0366814 -0.194059 -2.60905e-22)
(0.0366141 -0.221948 -3.13661e-22)
(0.0354701 -0.256572 -3.50314e-22)
(0.0333167 -0.295816 -4.01917e-22)
(0.0298424 -0.336615 -2.82746e-23)
(0.0250147 -0.374559 2.35182e-22)
(0.0188766 -0.405475 7.59436e-22)
(0.0117549 -0.426719 0)
(0.00393125 -0.437354 -5.66035e-22)
(0.0397384 -0.171459 0)
(0.0403989 -0.19349 -1.20046e-21)
(0.0400305 -0.220759 2.17581e-21)
(0.0385033 -0.255142 3.50903e-22)
(0.0360373 -0.294061 8.15406e-22)
(0.0321948 -0.334605 1.33944e-21)
(0.0269466 -0.37232 -4.76598e-22)
(0.02031 -0.403077 -5.1521e-22)
(0.0126377 -0.424241 1.13956e-21)
(0.00424273 -0.434867 5.64718e-22)
(0.0448474 -0.170494 0)
(0.0444187 -0.19218 -1.18404e-21)
(0.043734 -0.218819 -6.54029e-22)
(0.0417704 -0.252976 0)
(0.0389776 -0.291625 -2.56895e-21)
(0.0347361 -0.332019 8.58305e-22)
(0.0290367 -0.369639 1.02317e-21)
(0.0218605 -0.40037 3.30451e-21)
(0.0135904 -0.421541 -1.13586e-21)
(0.00458136 -0.432208 2.45167e-21)
(0.0504517 -0.168878 0)
(0.0487429 -0.190125 1.19412e-21)
(0.0477139 -0.216232 0)
(0.0452727 -0.250075 3.28039e-21)
(0.0421418 -0.288524 -3.29722e-21)
(0.0374745 -0.328852 -2.01823e-21)
(0.031294 -0.366503 -4.55994e-23)
(0.0235413 -0.397332 -3.4009e-21)
(0.014625 -0.418604 -5.66914e-22)
(0.00495024 -0.429362 -3.04954e-21)
(0.0565201 -0.166688 8.63052e-21)
(0.0533802 -0.187318 -3.31398e-21)
(0.0519673 -0.213 3.54421e-22)
(0.0490299 -0.246453 -3.06088e-21)
(0.0455238 -0.284783 0)
(0.0404119 -0.325138 -2.10477e-21)
(0.0337175 -0.362948 -1.76606e-22)
(0.0253488 -0.393995 4.61891e-21)
(0.0157371 -0.415456 6.332e-22)
(0.0053463 -0.426348 -6.35644e-22)
(0.0630076 -0.163917 -8.85717e-22)
(0.0583473 -0.183829 6.19432e-21)
(0.0564652 -0.20914 3.18441e-21)
(0.0530332 -0.24222 -3.18226e-21)
(0.0491252 -0.280436 -1.92007e-21)
(0.0435557 -0.320873 0)
(0.0363212 -0.358938 -4.71698e-21)
(0.0273005 -0.390317 2.36579e-21)
(0.0169416 -0.41207 2.52656e-21)
(0.00577461 -0.423144 2.71246e-21)
(0.0698432 -0.160625 -1.19037e-21)
(0.0636395 -0.17977 0)
(0.0611836 -0.204756 0)
(0.05727 -0.237477 0)
(0.0529404 -0.275617 -2.21774e-21)
(0.0468918 -0.316226 4.13065e-21)
(0.0390795 -0.354648 4.80519e-21)
(0.0293626 -0.386434 -7.56714e-21)
(0.01821 -0.408516 1.35434e-21)
(0.00622071 -0.419786 -4.02872e-21)
(0.0769121 -0.156939 -1.77929e-21)
(0.0692486 -0.175148 6.10573e-21)
(0.066103 -0.19984 -6.04747e-21)
(0.0617381 -0.232112 7.76577e-21)
(0.0569884 -0.270104 -9.76735e-21)
(0.0504692 -0.310866 0)
(0.0420723 -0.349724 -2.51216e-21)
(0.0316284 -0.382073 -1.03544e-22)
(0.019617 -0.40464 -2.81501e-21)
(0.00671478 -0.416171 -2.86856e-21)
(0.0840479 -0.153261 -1.26503e-21)
(0.0751334 -0.170339 0)
(0.0711462 -0.194897 -8.0724e-21)
(0.0663416 -0.226843 1.52093e-20)
(0.0611437 -0.26486 -5.88836e-21)
(0.054113 -0.305895 -1.18844e-21)
(0.0450786 -0.345172 2.5067e-21)
(0.0338713 -0.377928 -1.26761e-22)
(0.0209943 -0.400799 4.10897e-21)
(0.0071827 -0.412497 4.24519e-21)
(0.0914886 -0.147999 -5.70026e-21)
(0.0820746 -0.16361 5.589e-21)
(0.0769004 -0.187829 8.61663e-22)
(0.0715779 -0.2192 0)
(0.0659101 -0.257066 0)
(0.0583983 -0.298488 1.16982e-21)
(0.0487279 -0.338666 5.36132e-21)
(0.0366788 -0.372506 -5.24619e-21)
(0.0227597 -0.396247 -1.43628e-21)
(0.00779713 -0.408316 1.4123e-21)
(0.102045 -0.148263 0)
(0.0974241 -0.160889 0)
(0.0891718 -0.185863 0)
(0.0824708 -0.216676 0)
(0.0754159 -0.253634 0)
(0.0664053 -0.293647 0)
(0.0551164 -0.332189 0)
(0.0413336 -0.364543 0)
(0.0255771 -0.387383 0)
(0.00862708 -0.39928 0)
(0.120691 -0.134966 0)
(0.123183 -0.152468 0)
(0.110669 -0.180414 0)
(0.103116 -0.210796 0)
(0.0935557 -0.246589 0)
(0.0818294 -0.284256 0)
(0.0675399 -0.319892 0)
(0.0504749 -0.349292 0)
(0.0312442 -0.369431 0)
(0.0107962 -0.379085 0)
(0.145192 -0.122224 0)
(0.15062 -0.142194 0)
(0.133947 -0.170446 0)
(0.126081 -0.199464 0)
(0.113254 -0.233539 0)
(0.0983583 -0.268261 0)
(0.0804825 -0.300932 0)
(0.0596865 -0.328148 0)
(0.0366482 -0.347597 0)
(0.0121257 -0.358295 0)
(0.175662 -0.113294 0)
(0.182129 -0.133679 0)
(0.161022 -0.160827 0)
(0.153023 -0.188469 0)
(0.135956 -0.220762 0)
(0.117663 -0.252269 0)
(0.09563 -0.281796 0)
(0.0705809 -0.305853 0)
(0.0433571 -0.322047 0)
(0.0151288 -0.328993 0)
(0.211518 -0.102386 0)
(0.21632 -0.121176 0)
(0.190828 -0.145887 0)
(0.181833 -0.170974 0)
(0.158771 -0.199592 0)
(0.136441 -0.226576 0)
(0.109234 -0.252633 0)
(0.0796216 -0.274448 0)
(0.0481271 -0.291009 0)
(0.0151957 -0.301931 0)
(0.252803 -0.0938949 0)
(0.254595 -0.110408 0)
(0.225281 -0.133311 0)
(0.214198 -0.155378 0)
(0.184239 -0.180352 0)
(0.158552 -0.203688 0)
(0.125825 -0.227092 0)
(0.0914394 -0.245939 0)
(0.055538 -0.258866 0)
(0.0204673 -0.261865 0)
(0.295666 -0.0774643 0)
(0.290514 -0.0903316 0)
(0.258271 -0.109219 0)
(0.242291 -0.125845 0)
(0.205086 -0.14558 0)
(0.17555 -0.163829 0)
(0.134817 -0.18262 0)
(0.0952793 -0.198566 0)
(0.0547227 -0.214593 0)
(0.013337 -0.233028 0)
(0.337994 -0.0665617 0)
(0.327298 -0.0754142 0)
(0.294756 -0.0910278 0)
(0.273236 -0.103362 0)
(0.23313 -0.120513 0)
(0.200032 -0.135802 0)
(0.154094 -0.153438 0)
(0.110988 -0.169535 0)
(0.0655777 -0.185456 0)
(0.0324497 -0.181709 0)
(0.375808 -0.0367978 0)
(0.361101 -0.0407306 0)
(0.316514 -0.0501101 0)
(0.288274 -0.0559541 0)
(0.236631 -0.0661887 0)
(0.194905 -0.0734695 0)
(0.135191 -0.0832673 0)
(0.0804436 -0.0924446 0)
(0.0255127 -0.1118 0)
(-0.0369747 -0.162886 0)
(0.631558 -0.0191292 0)
(0.610651 -0.0221153 0)
(0.570127 -0.0266049 0)
(0.537513 -0.0307878 0)
(0.486726 -0.0370784 0)
(0.440134 -0.0438212 0)
(0.374617 -0.0541999 0)
(0.304775 -0.069445 0)
(0.212343 -0.0987543 0)
(0.152125 -0.156915 0)
(0.122265 -0.13355 5.83878e-21)
(0.14327 -0.119699 -5.75063e-21)
(0.16793 -0.107302 9.4637e-22)
(0.197941 -0.0986156 0)
(0.233662 -0.0885522 0)
(0.273217 -0.0808505 1.44597e-21)
(0.315156 -0.0663158 -6.89299e-21)
(0.355011 -0.0576055 6.79949e-21)
(0.402283 -0.0314786 1.93676e-21)
(0.652585 -0.0167389 -1.96304e-21)
(0.129049 -0.127192 -5.42521e-21)
(0.149823 -0.113138 0)
(0.173993 -0.101162 6.77358e-21)
(0.20379 -0.0927268 -1.63843e-20)
(0.239565 -0.0830471 1.10536e-20)
(0.279026 -0.0757097 -1.35062e-21)
(0.320973 -0.0618852 2.93798e-21)
(0.360822 -0.0540657 6.62546e-21)
(0.412068 -0.0293946 1.79625e-21)
(0.660814 -0.0157192 1.80305e-21)
(0.135012 -0.120131 6.26596e-21)
(0.155354 -0.106247 -6.34232e-21)
(0.178943 -0.094885 6.28232e-21)
(0.208379 -0.086802 -8.71368e-21)
(0.244038 -0.0776006 6.31754e-21)
(0.283532 -0.0707185 0)
(0.325486 -0.0576727 -2.94506e-21)
(0.365877 -0.0507719 -6.34336e-23)
(0.42068 -0.0275148 -3.40264e-21)
(0.668564 -0.0147387 -3.5945e-21)
(0.140893 -0.112559 -1.07884e-21)
(0.161203 -0.0991532 0)
(0.184357 -0.0885052 0)
(0.21354 -0.0808348 0)
(0.248852 -0.0721881 7.15993e-21)
(0.288319 -0.0658379 -4.87774e-21)
(0.330116 -0.0536437 -1.93094e-22)
(0.370995 -0.047643 -3.36856e-21)
(0.428713 -0.0258167 -1.71237e-21)
(0.676038 -0.0138352 -1.75537e-21)
(0.146246 -0.104609 1.10389e-21)
(0.166746 -0.0919629 -3.4222e-21)
(0.189575 -0.0821115 -3.57134e-21)
(0.218672 -0.0748713 3.56912e-21)
(0.253653 -0.0668248 -2.24987e-21)
(0.29316 -0.0610832 0)
(0.334736 -0.0497652 -2.86502e-21)
(0.376116 -0.0446162 6.40576e-21)
(0.436314 -0.024254 -3.21817e-21)
(0.683182 -0.013014 3.50122e-21)
(0.150876 -0.0963061 -8.06589e-21)
(0.171608 -0.0846973 3.90861e-22)
(0.194142 -0.0757147 -5.71982e-22)
(0.223124 -0.0689607 3.48865e-21)
(0.257962 -0.0615534 0)
(0.29754 -0.0564536 0)
(0.338912 -0.046041 0)
(0.380947 -0.041691 3.06042e-21)
(0.443366 -0.0227943 0)
(0.689897 -0.0122691 0)
(0.154706 -0.0876659 0)
(0.175736 -0.0773453 4.08579e-21)
(0.19802 -0.0692901 -2.83751e-21)
(0.226812 -0.063104 -3.99075e-21)
(0.261569 -0.0563855 4.01149e-21)
(0.301232 -0.0519407 2.59669e-21)
(0.342495 -0.0424731 -2.44959e-21)
(0.385231 -0.0388806 -1.05364e-20)
(0.449701 -0.0214242 7.45591e-22)
(0.696096 -0.0115961 -2.49913e-21)
(0.15763 -0.0787188 0)
(0.179095 -0.069898 -1.25241e-21)
(0.201221 -0.0628204 -7.56259e-22)
(0.229797 -0.057282 0)
(0.264468 -0.0513002 1.21071e-21)
(0.3042 -0.0475335 -3.48107e-21)
(0.34549 -0.0390398 4.14333e-21)
(0.388861 -0.036178 1.59066e-21)
(0.455317 -0.0201417 -1.56698e-21)
(0.701768 -0.0109905 3.34126e-21)
(0.159526 -0.0694963 7.73503e-22)
(0.181619 -0.0623479 1.34705e-21)
(0.203704 -0.0562968 -2.33829e-22)
(0.232075 -0.0514784 4.44673e-22)
(0.266666 -0.0462706 1.04842e-21)
(0.306458 -0.0432158 1.79781e-21)
(0.347889 -0.0357129 -6.62886e-22)
(0.391842 -0.033573 -7.31713e-22)
(0.460195 -0.0189395 1.57214e-21)
(0.70688 -0.0104415 8.09012e-22)
(0.160281 -0.0600289 -2.56015e-22)
(0.183237 -0.0546844 2.59266e-22)
(0.205408 -0.0497077 -3.7035e-22)
(0.233596 -0.0456776 -4.44085e-22)
(0.26813 -0.0412742 5.49888e-22)
(0.308002 -0.0389668 -1.14893e-21)
(0.34966 -0.0324672 1.00823e-21)
(0.394188 -0.0310544 3.84327e-22)
(0.46429 -0.0178012 0)
(0.71141 -0.00993448 -8.10782e-22)
(0.159832 -0.0503507 2.51195e-22)
(0.183918 -0.0468961 -2.54395e-22)
(0.206297 -0.0430361 -3.6054e-22)
(0.23433 -0.0398597 -4.34396e-22)
(0.268825 -0.0362901 -5.44535e-22)
(0.308818 -0.0347634 -3.31841e-23)
(0.350773 -0.0292794 3.08898e-22)
(0.395893 -0.0286085 1.06085e-21)
(0.467578 -0.0167084 0)
(0.715375 -0.00945926 -7.9146e-22)
(0.158184 -0.0405124 0)
(0.183664 -0.038971 -1.28586e-21)
(0.206361 -0.0362603 2.37199e-21)
(0.234273 -0.0340003 4.35118e-22)
(0.268734 -0.0312947 1.00838e-21)
(0.308887 -0.0305807 1.7411e-21)
(0.351201 -0.0261265 -6.50139e-22)
(0.396936 -0.0262195 -7.15652e-22)
(0.47002 -0.0156457 1.50623e-21)
(0.718761 -0.00900656 7.89609e-22)
(0.155373 -0.0305955 0)
(0.182475 -0.0308965 -1.12356e-21)
(0.205602 -0.0293553 -7.17392e-22)
(0.233432 -0.0280709 0)
(0.26786 -0.0262598 -3.16563e-21)
(0.308204 -0.0263908 1.01156e-21)
(0.350938 -0.0229837 1.22813e-21)
(0.397308 -0.0238702 4.18242e-21)
(0.471637 -0.0146009 -1.50134e-21)
(0.721606 -0.00857423 3.10779e-21)
(0.15145 -0.0207055 0)
(0.180326 -0.0226643 1.13311e-21)
(0.204011 -0.0223 0)
(0.231812 -0.0220437 3.72298e-21)
(0.266205 -0.0211565 -3.74208e-21)
(0.306762 -0.0221651 -2.43239e-21)
(0.349971 -0.0198252 -1.27329e-22)
(0.396989 -0.0215427 -4.19003e-21)
(0.472384 -0.0135615 -6.94376e-22)
(0.723864 -0.00815249 -3.84463e-21)
(0.146522 -0.0109724 6.63636e-21)
(0.177205 -0.0142745 -2.47259e-21)
(0.201593 -0.0150802 5.97917e-22)
(0.229426 -0.015893 -3.1489e-21)
(0.263789 -0.0159566 0)
(0.30458 -0.0178762 -2.43627e-21)
(0.348329 -0.0166285 -2.40832e-22)
(0.396018 -0.0192223 5.49529e-21)
(0.47239 -0.012519 7.51978e-22)
(0.725624 -0.00774419 -7.51524e-22)
(0.140763 -0.00155837 -1.11766e-21)
(0.173127 -0.00573874 5.01022e-21)
(0.198368 -0.00769092 3.15876e-21)
(0.226289 -0.00959674 -3.15657e-21)
(0.260612 -0.0106338 -2.02725e-21)
(0.301638 -0.0134958 0)
(0.345957 -0.0133644 -5.27166e-21)
(0.394321 -0.0168893 2.62644e-21)
(0.471467 -0.0114563 2.87235e-21)
(0.726758 -0.00732982 3.04741e-21)
(0.134407 0.00733561 -8.04222e-22)
(0.168143 0.00291556 0)
(0.194397 -0.000136298 0)
(0.222472 -0.0031373 0)
(0.256771 -0.00516913 -2.34596e-21)
(0.298074 -0.0090084 4.36569e-21)
(0.343032 -0.0100269 5.27956e-21)
(0.392111 -0.0145478 -8.30617e-21)
(0.470104 -0.0103715 1.49394e-21)
(0.72749 -0.00692098 -4.49247e-21)
(0.127786 0.0154779 -1.14927e-21)
(0.162329 0.0116337 5.17557e-21)
(0.189655 0.00756978 -5.12637e-21)
(0.217885 0.00350719 7.68482e-21)
(0.252094 0.000475175 -9.68208e-21)
(0.293598 -0.00435803 0)
(0.339163 -0.0065442 -2.61852e-21)
(0.388954 -0.0121465 -3.0879e-23)
(0.467433 -0.00922939 -2.94306e-21)
(0.727481 -0.00647704 -3.03193e-21)
(0.1211 0.0227234 -8.18535e-22)
(0.156124 0.0203768 0)
(0.184684 0.0153568 -7.27729e-21)
(0.213199 0.0102514 1.42624e-20)
(0.247442 0.0062018 -5.61324e-21)
(0.28927 0.000342665 -1.19512e-21)
(0.33548 -0.00304427 2.61281e-21)
(0.385954 -0.00979459 -8.35165e-23)
(0.465413 -0.0080475 4.27468e-21)
(0.727288 -0.0060267 4.45582e-21)
(0.112125 0.0299616 -3.8919e-21)
(0.146972 0.030138 3.804e-21)
(0.17684 0.0240961 7.38409e-22)
(0.205816 0.0178047 0)
(0.240032 0.0125912 0)
(0.282152 0.00560302 1.17907e-21)
(0.329232 0.000932298 5.42939e-21)
(0.380655 -0.00718816 -5.30033e-21)
(0.460122 -0.00675769 -1.44326e-21)
(0.7261 -0.00550314 1.37141e-21)
(0.113665 0.0498298 0)
(0.146061 0.0520097 0)
(0.175542 0.0425267 0)
(0.204006 0.0341797 0)
(0.23741 0.026396 0)
(0.278617 0.0168572 0)
(0.324701 0.00925564 0)
(0.375902 -0.00186655 0)
(0.458352 -0.00340306 0)
(0.72387 -0.00418944 0)
(0.110542 0.0823663 0)
(0.140317 0.0887907 0)
(0.168103 0.0736115 0)
(0.195855 0.0627449 0)
(0.229304 0.050723 0)
(0.270015 0.0368433 0)
(0.316036 0.0240879 0)
(0.370122 0.00792677 0)
(0.462231 0.00224425 0)
(0.732893 -0.00173935 0)
(0.102883 0.120066 0)
(0.129486 0.127853 0)
(0.154009 0.106408 0)
(0.18038 0.0939778 0)
(0.21304 0.0774755 0)
(0.251895 0.0591033 0)
(0.296108 0.0407143 0)
(0.350359 0.0192625 0)
(0.446665 0.00808933 0)
(0.719965 -0.00034726 0)
(0.0952608 0.162644 0)
(0.117077 0.169806 0)
(0.138801 0.142046 0)
(0.164516 0.129423 0)
(0.196435 0.107558 0)
(0.233565 0.0844009 0)
(0.277625 0.05974 0)
(0.336129 0.0326764 0)
(0.444591 0.0147431 0)
(0.725077 0.00186488 0)
(0.0828074 0.211322 0)
(0.0991081 0.216087 0)
(0.118498 0.183543 0)
(0.141865 0.171158 0)
(0.169771 0.142269 0)
(0.202281 0.114577 0)
(0.243088 0.0832444 0)
(0.301012 0.0498841 0)
(0.413169 0.0243953 0)
(0.696732 0.00379796 0)
(0.0725861 0.266123 0)
(0.083655 0.268585 0)
(0.102245 0.231953 0)
(0.121413 0.218737 0)
(0.145885 0.18169 0)
(0.175487 0.151514 0)
(0.216035 0.11345 0)
(0.27853 0.074103 0)
(0.402831 0.0393133 0)
(0.693445 0.00889624 0)
(0.0494833 0.329984 0)
(0.0562311 0.328477 0)
(0.0706197 0.289498 0)
(0.0833895 0.275037 0)
(0.102845 0.232601 0)
(0.126503 0.203303 0)
(0.162162 0.158955 0)
(0.220842 0.115506 0)
(0.343547 0.0700101 0)
(0.633234 0.016871 0)
(0.0424901 0.409171 0)
(0.0468619 0.406792 0)
(0.0590054 0.365702 0)
(0.0680999 0.351228 0)
(0.0850391 0.305788 0)
(0.104609 0.27907 0)
(0.139212 0.229774 0)
(0.198798 0.187621 0)
(0.322869 0.12746 0)
(0.600899 0.0369277 0)
(0.00358617 0.549878 0)
(0.00322291 0.54769 0)
(0.00722484 0.512979 0)
(0.00938309 0.501982 0)
(0.0172438 0.463335 0)
(0.0282652 0.44222 0)
(0.053601 0.394863 0)
(0.101332 0.352458 0)
(0.203176 0.260826 0)
(0.444068 0.0758867 0)
(0.0132102 0.751808 0)
(0.016966 0.748508 0)
(0.0217025 0.732237 0)
(0.028285 0.724033 0)
(0.0375084 0.700799 0)
(0.0511076 0.681078 0)
(0.072305 0.639088 0)
(0.106916 0.581434 0)
(0.170109 0.445829 0)
(0.314022 0.150642 0)
(0.0872144 0.0599909 3.84951e-21)
(0.0936631 0.101181 -3.80317e-21)
(0.0889016 0.142296 6.46038e-22)
(0.0822876 0.186642 0)
(0.0712068 0.236687 0)
(0.061993 0.290822 1.0641e-21)
(0.0419864 0.354766 -5.10162e-21)
(0.0358151 0.434187 5.06043e-21)
(0.00221326 0.57082 1.42274e-21)
(0.0119841 0.760249 -1.43548e-21)
(0.0770224 0.0634729 -3.74833e-21)
(0.0864226 0.107396 0)
(0.0832533 0.14925 4.70742e-21)
(0.0772855 0.193989 -1.15002e-20)
(0.0667703 0.244412 7.83473e-21)
(0.0579804 0.29886 -9.9132e-22)
(0.0390899 0.363142 2.09881e-21)
(0.0331931 0.443297 4.75929e-21)
(0.00168604 0.578756 1.23213e-21)
(0.0114624 0.762521 1.26305e-21)
(0.0676848 0.0656513 4.40274e-21)
(0.0791651 0.112353 -4.24726e-21)
(0.0776296 0.15524 4.20624e-21)
(0.0724112 0.200328 -6.09085e-21)
(0.0625309 0.250889 4.39244e-21)
(0.0542371 0.305765 0)
(0.0364184 0.370328 -2.10388e-21)
(0.0308188 0.451495 -8.76447e-23)
(0.00110682 0.585951 -2.40482e-21)
(0.010818 0.764125 -2.53629e-21)
(0.0591608 0.0670318 -7.40092e-22)
(0.0721465 0.116627 0)
(0.0721603 0.161109 0)
(0.0677167 0.206735 0)
(0.0584939 0.257525 4.96285e-21)
(0.0507356 0.312748 -3.39999e-21)
(0.0339539 0.377477 -1.63989e-22)
(0.0286816 0.459443 -2.35555e-21)
(0.000526815 0.592819 -1.18018e-21)
(0.0100892 0.766094 -1.20576e-21)
(0.0514315 0.0676018 4.45132e-22)
(0.0655255 0.119939 -2.37211e-21)
(0.0669503 0.166332 -2.39165e-21)
(0.0632856 0.212735 2.38994e-21)
(0.0547253 0.263937 -1.54034e-21)
(0.0474967 0.319581 0)
(0.0316843 0.384519 -1.96458e-21)
(0.0267566 0.467076 4.36559e-21)
(2.91153e-05 0.599346 -2.16536e-21)
(0.00935132 0.768398 2.41421e-21)
(0.0444629 0.0673112 -6.01369e-21)
(0.0593497 0.122142 4.16942e-22)
(0.0620518 0.170558 -3.73488e-22)
(0.0591584 0.218047 2.30676e-21)
(0.0512598 0.269628 0)
(0.0445537 0.325825 0)
(0.0296186 0.391061 0)
(0.0250374 0.474117 2.01024e-21)
(-0.000338875 0.60533 0)
(0.00865149 0.770641 0)
(0.0382468 0.066134 0)
(0.0536354 0.123203 2.7256e-21)
(0.0575044 0.17374 -1.87935e-21)
(0.0553355 0.222506 -2.59353e-21)
(0.0480852 0.274489 2.60691e-21)
(0.0419231 0.331301 1.67665e-21)
(0.0277594 0.396858 -1.54358e-21)
(0.0235199 0.480405 -6.79348e-21)
(-0.000576951 0.610645 4.77462e-22)
(0.00800229 0.772553 -1.56837e-21)
(0.0328042 0.0640621 0)
(0.0483965 0.12309 -8.48588e-22)
(0.0533127 0.175876 -4.87094e-22)
(0.0518319 0.226007 0)
(0.0451985 0.278598 7.76793e-22)
(0.0395713 0.336031 -2.19434e-21)
(0.0260976 0.401812 2.60249e-21)
(0.0221938 0.485896 1.03579e-21)
(-0.000712875 0.615196 -9.24576e-22)
(0.00739239 0.774021 2.10017e-21)
(0.0281845 0.0611184 7.18386e-22)
(0.043644 0.121762 8.92704e-22)
(0.0494784 0.17693 -1.78124e-22)
(0.0486578 0.228531 2.7467e-22)
(0.0426124 0.281909 6.54662e-22)
(0.0374599 0.339973 1.11008e-21)
(0.0246212 0.405938 -3.91665e-22)
(0.0210423 0.490673 -4.37179e-22)
(-0.000783426 0.619032 9.2763e-22)
(0.00681772 0.775143 4.75741e-22)
(0.0244768 0.0573749 -1.95321e-22)
(0.0393875 0.119192 1.97532e-22)
(0.0460062 0.17685 -2.36278e-22)
(0.0458112 0.230063 -2.74306e-22)
(0.0403143 0.284351 3.27319e-22)
(0.0355748 0.343051 -6.88957e-22)
(0.0233388 0.409333 5.93202e-22)
(0.0200378 0.494686 2.34483e-22)
(-0.000818361 0.622059 0)
(0.00627741 0.775942 -4.76788e-22)
(0.0114827 -0.00807441 0)
(0.0288408 -0.0170231 0)
(0.0426903 -0.0204232 -1.54211e-20)
(0.0525651 -0.0210234 0)
(0.0592951 -0.0197012 6.79152e-21)
(0.0635974 -0.0170773 -6.29381e-21)
(0.0660839 -0.0135797 0)
(0.0672686 -0.0094873 0)
(0.0676803 -0.00488073 -1.02049e-20)
(0.0677977 0.000100912 1.93788e-20)
(0.0138032 -0.00832856 0)
(0.0333078 -0.016948 -1.24415e-20)
(0.0480614 -0.019994 -4.05627e-21)
(0.0581408 -0.0204362 -1.46437e-20)
(0.0646616 -0.0191687 -6.8249e-21)
(0.0685383 -0.0167876 -1.893e-20)
(0.0705116 -0.0136852 0)
(0.0711759 -0.0101112 0)
(0.0710854 -0.00613961 0)
(0.0706778 -0.00191424 -2.96135e-22)
(0.0162046 -0.0083465 0)
(0.0376448 -0.0164859 -4.60891e-21)
(0.0529635 -0.0192617 7.58458e-21)
(0.0629239 -0.019711 1.09876e-20)
(0.0689636 -0.0187036 -1.09821e-22)
(0.0722085 -0.0167806 -3.02441e-23)
(0.0735271 -0.0142787 1.16378e-20)
(0.073584 -0.0114011 -1.0688e-20)
(0.0729495 -0.00818077 1.9635e-20)
(0.0720367 -0.0047084 -1.84777e-20)
(0.0185714 -0.008081 -2.15177e-21)
(0.0416347 -0.0156093 1.26486e-20)
(0.0571576 -0.0182496 1.99362e-20)
(0.0666963 -0.0189124 -2.25823e-20)
(0.0720324 -0.0183959 1.37721e-20)
(0.0745029 -0.0171572 1.27347e-20)
(0.0750935 -0.0154615 -5.78145e-21)
(0.0745233 -0.0134567 2.12323e-20)
(0.0733651 -0.0111303 -3.23593e-22)
(0.0720192 -0.00853238 -9.25261e-21)
(0.020771 -0.00751044 -2.28517e-21)
(0.0450545 -0.0143341 2.17115e-21)
(0.0604275 -0.0170176 0)
(0.0692924 -0.0181242 1.89086e-20)
(0.0737749 -0.0183317 -3.51189e-21)
(0.0754074 -0.0179869 -1.04455e-22)
(0.0752716 -0.0172747 -5.89221e-21)
(0.0741205 -0.0162867 -1.58118e-20)
(0.0725124 -0.0149774 9.18623e-23)
(0.070829 -0.0133769 1.32885e-20)
(0.0226615 -0.00664282 0)
(0.0476926 -0.0127211 -1.39499e-20)
(0.0625974 -0.0156589 4.2393e-21)
(0.0706092 -0.0174432 -1.18033e-20)
(0.0741731 -0.0185867 3.58688e-21)
(0.0749844 -0.0193081 3.65973e-23)
(0.074191 -0.0197101 3.5921e-23)
(0.0725555 -0.0198352 1.05715e-20)
(0.0706021 -0.0196237 -1.44341e-20)
(0.0686797 -0.0190998 1.33745e-20)
(0.0241037 -0.00551884 1.24105e-21)
(0.049367 -0.0108741 9.35246e-21)
(0.0635448 -0.0142928 0)
(0.0706092 -0.0169712 1.19024e-20)
(0.0732737 -0.0192236 -1.10702e-20)
(0.0733511 -0.0211322 -3.25236e-21)
(0.0720193 -0.0227241 8.94425e-21)
(0.0700252 -0.0240043 0)
(0.0678456 -0.024913 0)
(0.0657788 -0.0255031 0)
(0.0249721 -0.00421105 -1.31144e-21)
(0.0499412 -0.00893314 -3.84111e-21)
(0.0632053 -0.0130552 4.64966e-21)
(0.0693155 -0.0168086 6.26337e-21)
(0.0711745 -0.0202904 5.49742e-21)
(0.0706576 -0.02345 3.41672e-21)
(0.0689361 -0.0262522 0)
(0.0667182 -0.0286808 5.35573e-21)
(0.0644255 -0.0306935 -2.53716e-21)
(0.0623082 -0.0323812 0)
(0.0251631 -0.0028202 0)
(0.0493323 -0.00706323 7.74596e-21)
(0.0615796 -0.0120901 -4.64881e-21)
(0.0668047 -0.0170506 -4.21333e-21)
(0.0680084 -0.0218226 6.03398e-23)
(0.067069 -0.0262396 -1.65758e-21)
(0.0651174 -0.0302221 1.57081e-21)
(0.0628061 -0.0337506 0)
(0.0604983 -0.036815 -2.47883e-21)
(0.0583991 -0.0395291 -2.24384e-21)
(0.0246224 -0.00146986 1.84617e-22)
(0.0475242 -0.00544725 -2.996e-21)
(0.0587292 -0.011541 -2.98172e-22)
(0.0631974 -0.0177808 1.51494e-23)
(0.0639313 -0.023845 -1.45267e-21)
(0.0627544 -0.029474 0)
(0.0607296 -0.0345643 -1.57045e-21)
(0.058444 -0.0391087 0)
(0.0562044 -0.0431345 0)
(0.0541717 -0.0467666 0)
(0.0233901 -0.000290037 -3.90219e-22)
(0.0445917 -0.00426167 0)
(0.0547745 -0.0115373 0)
(0.0586495 -0.0190688 -1.77202e-21)
(0.0591127 -0.0263727 4.8509e-22)
(0.0578805 -0.0331252 -3.62975e-23)
(0.0559274 -0.0392186 -8.34108e-22)
(0.0537732 -0.0446687 0)
(0.0516747 -0.0495391 0)
(0.0497527 -0.0539578 0)
(0.0214999 0.000606283 0)
(0.0406367 -0.00364878 -1.46281e-21)
(0.049862 -0.0121838 1.3491e-21)
(0.0533255 -0.0209708 2.33695e-21)
(0.0537153 -0.0294191 0)
(0.052597 -0.0371746 1.84406e-21)
(0.0508452 -0.0441438 -1.7149e-21)
(0.0489156 -0.0503735 0)
(0.0470244 -0.0559583 2.61679e-21)
(0.0452598 -0.0610229 -2.53714e-21)
(0.018971 0.00110322 0)
(0.0357737 -0.0037497 1.25197e-20)
(0.0441538 -0.0135749 0)
(0.0474005 -0.0235325 9.94078e-21)
(0.0479063 -0.032992 0)
(0.0470533 -0.0416051 -7.83219e-21)
(0.0456136 -0.0493086 0)
(0.0439877 -0.0561842 6.0062e-21)
(0.042362 -0.0623509 -5.62528e-21)
(0.0407994 -0.0679245 -5.15481e-21)
(0.0158975 0.00109585 -3.47303e-21)
(0.0301816 -0.00468455 -6.08791e-21)
(0.0378477 -0.0157847 -2.88841e-21)
(0.0410629 -0.0267862 -5.00252e-21)
(0.0418507 -0.0370943 -4.56203e-21)
(0.0413892 -0.0464024 3.95316e-21)
(0.0403504 -0.0546911 3.60741e-21)
(0.0390916 -0.0620781 2.06927e-22)
(0.0377802 -0.0686993 5.76231e-21)
(0.0364591 -0.0746549 5.15941e-21)
(0.0124135 0.000504141 -3.71283e-21)
(0.0240748 -0.00653859 -6.42978e-21)
(0.0311595 -0.0188605 -1.15357e-20)
(0.0345051 -0.030748 5.26388e-21)
(0.0357106 -0.0417221 0)
(0.0357371 -0.0515529 0)
(0.035164 -0.0602749 -7.04704e-21)
(0.0343182 -0.0680421 -6.27059e-21)
(0.0333583 -0.0750001 5.81567e-21)
(0.0323112 -0.0812253 -5.07035e-21)
(0.00867428 -0.000721942 3.66513e-21)
(0.0176876 -0.00935846 3.07569e-21)
(0.0243132 -0.0228216 -1.81722e-20)
(0.0279202 -0.0354177 2.62481e-20)
(0.0296448 -0.0468643 -4.74621e-21)
(0.0302251 -0.0570407 0)
(0.0301567 -0.0660444 0)
(0.0297489 -0.0740652 3.25094e-20)
(0.0291618 -0.0812533 -2.93433e-20)
(0.0284093 -0.0876515 -1.60547e-20)
(0.00484722 -0.00259915 3.10921e-20)
(0.0112635 -0.0131502 0)
(0.0175349 -0.0276589 2.38814e-20)
(0.0214996 -0.0407788 -2.11115e-20)
(0.0238103 -0.0525021 0)
(0.0249809 -0.0628476 8.16909e-21)
(0.0254299 -0.0719822 -2.25349e-20)
(0.0254594 -0.0801323 -2.62306e-20)
(0.0252421 -0.0874525 1.22062e-20)
(0.0247881 -0.093941 1.10849e-20)
(0.00110311 -0.0051096 -6.22633e-20)
(0.00504494 -0.0178786 -6.67556e-21)
(0.0110455 -0.0333346 -1.20463e-20)
(0.0154295 -0.046799 -2.67993e-20)
(0.0183635 -0.0586118 -9.26821e-21)
(0.020138 -0.0689569 -8.25382e-21)
(0.0210953 -0.0780743 -1.15452e-22)
(0.0215332 -0.0862278 0)
(0.0216499 -0.0935841 0)
(0.0214762 -0.10009 2.26505e-20)
(-0.00239369 -0.00820192 3.11718e-20)
(-0.000736845 -0.0234686 -2.69361e-20)
(0.00505311 -0.0397833 1.82149e-20)
(0.00988636 -0.0534325 3.72541e-20)
(0.0134598 -0.0651686 -9.66494e-21)
(0.0158457 -0.0753622 8.26296e-21)
(0.0173054 -0.0843233 7.35639e-21)
(0.0181257 -0.0923479 0)
(0.0185363 -0.0996306 0)
(0.0185863 -0.106075 -1.14561e-20)
(-0.00549481 -0.0117952 -3.84435e-21)
(-0.00587258 -0.0298081 3.35225e-20)
(-0.0002554 -0.0469131 -6.07057e-21)
(0.00502753 -0.0606212 0)
(0.00924258 -0.0721557 0)
(0.0122637 -0.0820947 1.68616e-20)
(0.014282 -0.0908123 0)
(0.0155807 -0.0986114 -1.33893e-20)
(0.0164012 -0.105694 4.06515e-22)
(0.0166532 -0.111904 1.17966e-20)
(-0.00807636 -0.0157861 0)
(-0.0101844 -0.0367545 0)
(-0.00472452 -0.0546068 -2.31125e-20)
(0.000975241 -0.0682916 0)
(0.00580742 -0.0795622 9.18944e-21)
(0.00947799 -0.089256 -8.51645e-21)
(0.0121324 -0.0978783 0)
(0.0140592 -0.105849 0)
(0.0154534 -0.113572 -1.23959e-20)
(0.0160328 -0.121295 2.40855e-20)
(-0.0100289 -0.0200397 0)
(-0.0135197 -0.0441289 -1.86271e-20)
(-0.00822681 -0.0627122 -5.09542e-21)
(-0.00218618 -0.0763266 -2.01752e-20)
(0.00317888 -0.0872936 -9.117e-21)
(0.00741386 -0.0967326 -2.48883e-20)
(0.0105915 -0.105268 0)
(0.0129459 -0.113331 0)
(0.0145974 -0.121212 0)
(0.0153251 -0.128842 2.77794e-23)
(-0.0112691 -0.0243858 0)
(-0.0157622 -0.051707 -4.93933e-21)
(-0.0106654 -0.0710353 1.18689e-20)
(-0.00439416 -0.0845598 1.51486e-20)
(0.00137702 -0.0951806 4.27788e-22)
(0.00604476 -0.104296 2.79743e-22)
(0.0095987 -0.112611 1.48387e-20)
(0.0122162 -0.120503 -1.36574e-20)
(0.0140047 -0.128109 2.5221e-20)
(0.0149095 -0.135242 -2.43453e-20)
(-0.0117605 -0.0286546 -3.28234e-21)
(-0.0168473 -0.0592529 1.8037e-20)
(-0.0119791 -0.0793645 2.69146e-20)
(-0.00560241 -0.0928048 -2.83999e-20)
(0.000433639 -0.103038 1.78838e-20)
(0.00540191 -0.111734 1.63009e-20)
(0.00921776 -0.119666 -7.42287e-21)
(0.0120216 -0.127158 2.72121e-20)
(0.0139433 -0.134259 -1.20295e-22)
(0.0150582 -0.1408 -1.22369e-20)
(-0.011506 -0.0326773 -2.97467e-21)
(-0.0167573 -0.0665247 2.82658e-21)
(-0.0121392 -0.0874787 0)
(-0.00578113 -0.100869 2.3453e-20)
(0.000379349 -0.110693 -4.25536e-21)
(0.00552521 -0.118888 8.85684e-23)
(0.00951099 -0.126309 -7.27049e-21)
(0.012452 -0.133265 -2.01773e-20)
(0.0145036 -0.139787 -6.88919e-25)
(0.0158165 -0.145767 1.83247e-20)
(-0.0105451 -0.0362937 0)
(-0.0155197 -0.0732839 -1.49415e-20)
(-0.0111506 -0.095156 4.72273e-21)
(-0.00492133 -0.108562 -1.29982e-20)
(0.0012329 -0.117988 4.08059e-21)
(0.00644379 -0.125637 9.09408e-23)
(0.0105183 -0.132472 6.03095e-23)
(0.0135496 -0.13883 1.33878e-20)
(0.0157064 -0.144765 -1.88299e-20)
(0.0171759 -0.150243 1.8338e-20)
(-0.00895172 -0.0393607 1.29403e-21)
(-0.0132074 -0.0793067 9.82001e-21)
(-0.00905312 -0.102182 0)
(-0.00303799 -0.115704 1.27948e-20)
(0.00299637 -0.124778 -1.15809e-20)
(0.00817178 -0.131879 -3.72104e-21)
(0.012261 -0.1381 1.05027e-20)
(0.0153343 -0.143841 0)
(0.0175591 -0.149207 0)
(0.0191327 -0.154221 0)
(-0.00682885 -0.0417578 -1.15371e-21)
(-0.0099354 -0.0843931 -3.03452e-21)
(-0.00592152 -0.108359 3.97306e-21)
(-0.000171732 -0.122123 5.82572e-21)
(0.00565268 -0.130934 5.83649e-21)
(0.0107067 -0.137522 3.51624e-21)
(0.0147442 -0.14314 0)
(0.0178115 -0.148275 6.55519e-21)
(0.0200636 -0.15309 -3.04798e-21)
(0.0216897 -0.15766 0)
(-0.00430344 -0.0433886 0)
(-0.00585731 -0.0883716 6.00211e-21)
(-0.00186445 -0.113506 -3.97208e-21)
(0.00361043 -0.127662 -3.82289e-21)
(0.00916437 -0.136331 -7.86628e-23)
(0.0140293 -0.142482 -1.82203e-21)
(0.0179575 -0.147537 1.64299e-21)
(0.0209742 -0.152093 0)
(0.0232155 -0.156379 -3.091e-21)
(0.0248493 -0.160509 -3.09629e-21)
(-0.00152125 -0.0442096 1.15321e-22)
(-0.00116382 -0.0911193 -2.10144e-21)
(0.00297448 -0.117473 -2.42198e-22)
(0.00821346 -0.132178 -2.8494e-23)
(0.0134723 -0.140854 -1.33477e-21)
(0.0181028 -0.146674 0)
(0.0218771 -0.151234 -1.64245e-21)
(0.0248055 -0.155251 0)
(0.0270046 -0.159028 0)
(0.0286119 -0.162713 0)
(0.0013715 -0.0443237 -2.03372e-22)
(0.00393519 -0.092643 0)
(0.00842341 -0.120199 0)
(0.0135164 -0.135583 -1.14548e-21)
(0.0184966 -0.144419 4.48935e-22)
(0.0228749 -0.150033 5.05694e-23)
(0.0264669 -0.154181 -7.69612e-22)
(0.0292793 -0.15771 0)
(0.0314153 -0.160999 0)
(0.0329772 -0.164228 0)
(0.00426624 -0.043768 0)
(0.00927057 -0.0929142 -7.56322e-22)
(0.0143168 -0.121596 6.97493e-22)
(0.0193863 -0.137772 1.56696e-21)
(0.0241384 -0.146929 0)
(0.0282744 -0.152478 1.60684e-21)
(0.0316754 -0.156319 -1.49429e-21)
(0.0343581 -0.159423 0)
(0.0364235 -0.162254 3.1185e-21)
(0.0379414 -0.165021 -3.00485e-21)
(0.00704791 -0.042518 0)
(0.0146526 -0.0919105 4.85236e-21)
(0.0204725 -0.121605 0)
(0.025674 -0.138664 5.45618e-21)
(0.030286 -0.148303 0)
(0.0342183 -0.153941 -5.88368e-21)
(0.0374405 -0.157594 0)
(0.0399929 -0.160354 6.27031e-21)
(0.0419902 -0.162767 -5.87262e-21)
(0.0434857 -0.165079 -6.19551e-21)
(0.00960623 -0.0406343 -1.12789e-21)
(0.0198843 -0.089673 -2.54515e-21)
(0.0266929 -0.120214 -1.13932e-21)
(0.0322083 -0.138209 -2.63551e-21)
(0.036805 -0.148476 -2.60533e-21)
(0.0406056 -0.15436 2.84854e-21)
(0.0436838 -0.157957 2.82216e-21)
(0.0461197 -0.160468 -2.55039e-22)
(0.0480552 -0.16252 5.82929e-21)
(0.0495618 -0.164394 6.18966e-21)
(0.0118518 -0.038216 -9.07449e-22)
(0.0247825 -0.0862952 -2.24137e-21)
(0.0327787 -0.11746 -4.70875e-21)
(0.0388096 -0.13639 2.26444e-21)
(0.0435467 -0.147399 0)
(0.0473177 -0.15368 0)
(0.0503102 -0.157359 -6.07274e-21)
(0.0526593 -0.15973 -6.20164e-21)
(0.0545518 -0.161493 6.00686e-21)
(0.0560944 -0.16296 -6.70501e-21)
(0.0137171 -0.0353743 8.77483e-22)
(0.0291858 -0.0819082 1.21211e-21)
(0.0385372 -0.113417 -5.55329e-21)
(0.045292 -0.133223 1.1513e-20)
(0.0503502 -0.145049 -2.33029e-21)
(0.0542219 -0.151858 0)
(0.0572111 -0.155754 0)
(0.0595183 -0.158101 2.98257e-20)
(0.0613969 -0.159662 -2.99531e-20)
(0.0630069 -0.160777 -1.96752e-20)
(0.0151579 -0.0322255 5.17108e-21)
(0.0329606 -0.0766711 0)
(0.0437897 -0.108197 7.98622e-21)
(0.0514697 -0.128759 -8.9905e-21)
(0.0570458 -0.141428 0)
(0.0611739 -0.148866 5.60554e-21)
(0.0642654 -0.153102 -1.62211e-20)
(0.0665893 -0.155541 -2.38248e-20)
(0.0684798 -0.157003 1.13881e-20)
(0.0701996 -0.157841 1.24296e-20)
(0.0161531 -0.0288864 -9.82117e-21)
(0.0360058 -0.0707635 -1.75653e-21)
(0.0483791 -0.101949 -3.3812e-21)
(0.057164 -0.123084 -9.95454e-21)
(0.0634604 -0.136566 -5.06447e-21)
(0.0680202 -0.144694 -5.34354e-21)
(0.071342 -0.149367 2.18124e-22)
(0.0737514 -0.152003 0)
(0.075662 -0.153468 0)
(0.0775056 -0.154122 2.54292e-20)
(0.0167037 -0.025469 4.65016e-21)
(0.0382556 -0.0643775 -5.79786e-21)
(0.0521759 -0.0948485 5.09822e-21)
(0.0622108 -0.116325 1.42595e-20)
(0.0694243 -0.13053 -4.05864e-21)
(0.0746065 -0.139357 5.6155e-21)
(0.0783136 -0.144527 5.8254e-21)
(0.0809019 -0.147435 0)
(0.082816 -0.148998 0)
(0.0847136 -0.149612 -1.23691e-20)
(0.0168314 -0.0220774 -5.20819e-22)
(0.0396806 -0.0577087 7.39491e-21)
(0.0550835 -0.087096 -1.47188e-21)
(0.0664675 -0.108639 0)
(0.0747777 -0.123421 0)
(0.0807788 -0.132902 9.76199e-21)
(0.0850429 -0.138564 0)
(0.0879056 -0.141706 -1.18537e-20)
(0.0896639 -0.143234 -1.19771e-21)
(0.091139 -0.143648 1.17927e-20)
(0.016575 -0.0188004 0)
(0.0402861 -0.0509416 0)
(0.0570396 -0.0788985 -6.34881e-21)
(0.0698154 -0.100209 0)
(0.0793766 -0.115378 4.62443e-21)
(0.0864186 -0.12542 -4.28562e-21)
(0.0915421 -0.131519 0)
(0.0952202 -0.134763 0)
(0.0978611 -0.136107 -1.2491e-20)
(0.100756 -0.136551 2.45412e-20)
(0.0159669 -0.0156977 0)
(0.0400919 -0.0442348 -4.04435e-21)
(0.0580068 -0.0704594 -1.37853e-21)
(0.0721572 -0.0912408 -7.16956e-21)
(0.0830781 -0.106589 -3.59222e-21)
(0.0913527 -0.117111 -1.31935e-20)
(0.0975768 -0.123715 0)
(0.102343 -0.127369 0)
(0.106189 -0.129191 0)
(0.110105 -0.130402 2.74456e-22)
(0.0150416 -0.0128205 0)
(0.0391396 -0.0377467 -1.67176e-21)
(0.0579789 -0.0619939 3.15244e-21)
(0.0734215 -0.0819594 5.55804e-21)
(0.0857434 -0.0972617 1.6305e-22)
(0.0953723 -0.108151 2.29374e-22)
(0.10284 -0.11528 9.61407e-21)
(0.10876 -0.119489 -1.03735e-20)
(0.11371 -0.12188 2.30006e-20)
(0.118415 -0.12351 -2.39181e-20)
(0.0138557 -0.0102193 -5.4578e-22)
(0.037503 -0.0316196 4.12502e-21)
(0.0569893 -0.0537036 7.7974e-21)
(0.0735769 -0.0725844 -1.09771e-20)
(0.0872692 -0.0875931 7.22983e-21)
(0.0983031 -0.0986778 8.06572e-21)
(0.107095 -0.106249 -5.23233e-21)
(0.114194 -0.110982 2.13041e-20)
(0.120138 -0.113867 1.00535e-21)
(0.125496 -0.115769 -1.10778e-20)
(0.012471 -0.00792983 -6.84514e-22)
(0.0352763 -0.0259697 6.50342e-22)
(0.0551053 -0.0457688 0)
(0.072635 -0.0633257 9.02063e-21)
(0.0876003 -0.0777833 -1.78718e-21)
(0.100028 -0.0888504 3.89865e-22)
(0.11018 -0.0967142 -4.27443e-21)
(0.118497 -0.101877 -1.54961e-20)
(0.125434 -0.105182 -8.19925e-22)
(0.131437 -0.107324 1.74116e-20)
(0.0109469 -0.00597088 0)
(0.0325645 -0.0208837 -4.92575e-21)
(0.0524219 -0.038343 1.56003e-21)
(0.0706478 -0.0543785 -5.54518e-21)
(0.0867303 -0.0680354 1.7886e-21)
(0.100482 -0.0788498 -2.88111e-22)
(0.11199 -0.0868204 -2.62184e-22)
(0.121555 -0.0922803 1.00344e-20)
(0.12953 -0.0959104 -1.57033e-20)
(0.136242 -0.0982592 1.6291e-20)
(0.00933891 -0.0043475 3.41439e-22)
(0.0294788 -0.0164205 3.23384e-21)
(0.0490552 -0.0315509 0)
(0.0677036 -0.0459179 5.55846e-21)
(0.0846977 -0.0585471 -5.66329e-21)
(0.0996475 -0.0688684 -2.20481e-21)
(0.112458 -0.0767339 6.492e-21)
(0.123274 -0.0823247 0)
(0.132329 -0.0861574 0)
(0.139834 -0.0886592 0)
(0.00769761 -0.0030537 -4.14394e-22)
(0.0261304 -0.0126133 -1.40583e-21)
(0.045136 -0.0254867 1.83681e-21)
(0.06392 -0.0380938 2.86923e-21)
(0.0815825 -0.0495037 2.94971e-21)
(0.0975546 -0.0591002 2.0296e-21)
(0.111565 -0.0666357 0)
(0.123594 -0.0721662 4.85273e-21)
(0.133748 -0.0760551 -2.16609e-21)
(0.142121 -0.0786325 0)
(0.0060669 -0.00207459 0)
(0.0226262 -0.00947228 2.74936e-21)
(0.0408011 -0.0202145 -1.83643e-21)
(0.0594357 -0.0310277 -1.88172e-21)
(0.0774992 -0.0410708 -4.97809e-23)
(0.0942759 -0.0497341 -1.07132e-21)
(0.109336 -0.0567156 1.05236e-21)
(0.122498 -0.0619802 0)
(0.133737 -0.065758 -2.37861e-21)
(0.14302 -0.0683035 -2.62335e-21)
(0.00448865 -0.00138865 5.43357e-23)
(0.0190707 -0.00698738 -1.07702e-21)
(0.0361928 -0.0157702 -1.37717e-22)
(0.0544071 -0.0248116 -2.13457e-23)
(0.0725932 -0.0333917 -7.46699e-22)
(0.0899254 -0.040948 0)
(0.10584 -0.047166 -1.05206e-21)
(0.120011 -0.0519553 0)
(0.132277 -0.0554367 0)
(0.142476 -0.057809 0)
(0.00301528 -0.000968777 -1.17308e-22)
(0.015585 -0.00513102 0)
(0.0314795 -0.0121627 0)
(0.0490301 -0.0195074 -7.66497e-22)
(0.0670643 -0.0265833 2.83409e-22)
(0.0846834 -0.0329039 4.53107e-23)
(0.101222 -0.0381765 -4.95657e-22)
(0.11623 -0.0422893 0)
(0.129415 -0.0452791 0)
(0.140487 -0.0473029 0)
(0.00166675 -0.000782955 0)
(0.0122403 -0.00385541 -5.60157e-22)
(0.0267808 -0.0093636 5.16553e-22)
(0.0434582 -0.0151265 1.02937e-21)
(0.0610823 -0.0207076 0)
(0.0787163 -0.0257137 1.06841e-21)
(0.0956273 -0.0298988 -9.93541e-22)
(0.111267 -0.0331583 0)
(0.125226 -0.0354693 2.2899e-21)
(0.13709 -0.0369515 -2.18662e-21)
(0.000444084 -0.000800366 0)
(0.00908172 -0.00310843 4.6678e-21)
(0.0221899 -0.00733222 0)
(0.0378287 -0.0116617 4.39506e-21)
(0.0548163 -0.0158046 0)
(0.0722081 -0.0194686 -4.17899e-21)
(0.0892357 -0.0224703 0)
(0.105282 -0.0247346 4.37104e-21)
(0.119838 -0.0262006 -4.09376e-21)
(0.132373 -0.026949 -4.42496e-21)
(-0.000643128 -0.000991475 -1.19686e-21)
(0.00615876 -0.00283336 -2.30706e-21)
(0.017801 -0.00601352 -1.12832e-21)
(0.032279 -0.00908173 -2.11065e-21)
(0.0484395 -0.0118833 -2.11008e-21)
(0.0653549 -0.0142275 2.01116e-21)
(0.0822498 -0.0160007 2.01583e-21)
(0.0984701 -0.0171715 -1.71493e-22)
(0.113423 -0.0176591 4.04616e-21)
(0.126474 -0.0174964 4.42573e-21)
(-0.00158619 -0.00132716 -1.20591e-21)
(0.00351267 -0.00296826 -2.54946e-21)
(0.013695 -0.00533768 -4.99698e-21)
(0.0269316 -0.00733008 2.25991e-21)
(0.042113 -0.00891929 0)
(0.0583474 -0.0100115 0)
(0.0748781 -0.0105635 -4.30681e-21)
(0.0910426 -0.0105945 -4.269e-21)
(0.106188 -0.0100151 4.12403e-21)
(0.119579 -0.00879535 -4.8442e-21)
(-0.00238023 -0.00177884 1.31806e-21)
(0.00117288 -0.00344742 1.39816e-21)
(0.0099342 -0.0052228 -7.69325e-21)
(0.021886 -0.00632811 1.20757e-20)
(0.0359739 -0.00685558 -2.23236e-21)
(0.0513562 -0.00680182 0)
(0.0673157 -0.00619101 0)
(0.0832102 -0.00509433 2.09396e-20)
(0.0983518 -0.00341924 -2.05774e-20)
(0.111912 -0.00104813 -1.33115e-20)
(-0.00302318 -0.00231818 1.09188e-20)
(-0.00084175 -0.0042021 0)
(0.00656286 -0.0055771 1.01461e-20)
(0.0172175 -0.00597724 -9.65947e-21)
(0.0301303 -0.00560347 0)
(0.0445198 -0.00453675 4.50768e-21)
(0.0597255 -0.00286594 -1.27722e-20)
(0.0751547 -0.000714919 -1.67743e-20)
(0.0901196 0.00200803 7.95005e-21)
(0.103709 0.00554613 8.29443e-21)
(-0.00351485 -0.00291652 -2.23314e-20)
(-0.00252127 -0.00516128 -2.84711e-21)
(0.00360883 -0.0063011 -5.50847e-21)
(0.0129774 -0.00616181 -1.27261e-20)
(0.0246588 -0.00504349 -4.82266e-21)
(0.0379355 -0.00310722 -4.6644e-21)
(0.0522159 -0.000507441 -1.18348e-22)
(0.0669873 0.00257117 0)
(0.0816182 0.00620327 0)
(0.0951566 0.0108137 1.65332e-20)
(-0.00385668 -0.00354478 1.14129e-20)
(-0.00386345 -0.00625303 -1.1812e-20)
(0.00108637 -0.00729101 8.05341e-21)
(0.00919799 -0.00675314 1.80418e-20)
(0.0196101 -0.00502683 -4.84011e-21)
(0.0316618 -0.00234941 4.46825e-21)
(0.0448241 0.0010527 4.36496e-21)
(0.0586743 0.00490702 0)
(0.072701 0.0091988 0)
(0.0860521 0.0145859 -8.0031e-21)
(-0.00405224 -0.00417399 -1.51734e-21)
(-0.00487278 -0.00740702 1.48516e-20)
(-0.00100022 -0.00844404 -2.80111e-21)
(0.0059009 -0.00761743 0)
(0.0150277 -0.0053811 0)
(0.0257559 -0.002031 9.32885e-21)
(0.0375737 0.00214659 0)
(0.050066 0.00677689 -8.61227e-21)
(0.0627817 0.0115707 -1.43614e-22)
(0.075132 0.0171548 7.86156e-21)
(-0.00410765 -0.00477668 0)
(-0.00555993 -0.00855877 0)
(-0.00265439 -0.00966759 -1.18308e-20)
(0.00310411 -0.00863473 0)
(0.0109715 -0.00594633 5.17351e-21)
(0.0203482 -0.00190405 -4.79438e-21)
(0.0306973 0.00325539 0)
(0.0414978 0.00932928 0)
(0.0522834 0.0162328 -8.76834e-21)
(0.0628697 0.0248068 1.7121e-20)
(-0.00402916 -0.00532421 0)
(-0.00593984 -0.00965128 -9.72416e-21)
(-0.0038855 -0.0108867 -3.29449e-21)
(0.000821968 -0.00972078 -1.1396e-20)
(0.00751288 -0.00664508 -5.37056e-21)
(0.0156424 -0.00193965 -1.49426e-20)
(0.0247252 0.00421851 0)
(0.0343302 0.0117425 0)
(0.0442534 0.0206123 0)
(0.0545506 0.0310937 2.06315e-22)
(-0.00382705 -0.00578749 0)
(-0.00603512 -0.0106343 -3.6688e-21)
(-0.00471209 -0.0120439 5.84006e-21)
(-0.000948582 -0.0108238 8.53579e-21)
(0.00467434 -0.00745775 -2.7111e-22)
(0.0116872 -0.00220623 -2.52736e-22)
(0.019685 0.00477375 9.69987e-21)
(0.0283387 0.0133887 -9.22878e-21)
(0.0375294 0.0235251 1.78857e-20)
(0.0471684 0.0350238 -1.7573e-20)
(-0.00351909 -0.00614605 -1.74443e-21)
(-0.00587581 -0.0114718 9.90969e-21)
(-0.00516112 -0.0131007 1.56142e-20)
(-0.00222766 -0.0119136 -1.79377e-20)
(0.00243768 -0.00838087 1.08764e-20)
(0.00844397 -0.0027526 1.02109e-20)
(0.0154595 0.00480534 -4.82649e-21)
(0.0232197 0.0141422 1.86846e-20)
(0.0316032 0.0250231 4.29576e-22)
(0.0404005 0.037071 -8.75086e-21)
(-0.00312654 -0.00638686 -1.80649e-21)
(-0.00549567 -0.0121428 1.7164e-21)
(-0.00526243 -0.0140345 0)
(-0.00303991 -0.012973 1.50322e-20)
(0.00077755 -0.00941024 -2.81992e-21)
(0.00587429 -0.0035909 -2.92673e-23)
(0.0119814 0.00430252 -4.99808e-21)
(0.018877 0.0140655 -1.44964e-20)
(0.0264187 0.0253809 -1.2766e-23)
(0.0343393 0.0377723 1.36861e-20)
(-0.00267246 -0.00650441 0)
(-0.0049288 -0.0126419 -1.07001e-20)
(-0.00504275 -0.0148367 3.28314e-21)
(-0.00340516 -0.0139931 -9.39157e-21)
(-0.000323558 -0.0105378 2.88609e-21)
(0.00395572 -0.00471005 -1.05206e-22)
(0.00921851 0.00329545 -1.00974e-22)
(0.0152752 0.0132412 9.77499e-21)
(0.0219663 0.0247716 -1.4074e-20)
(0.0290107 0.0373792 1.37982e-20)
(-0.00218052 -0.00650299 9.42349e-22)
(-0.0042046 -0.0129762 7.13959e-21)
(-0.00452094 -0.0155115 0)
(-0.0033325 -0.01497 9.46019e-21)
(-0.000867958 -0.0117498 -8.9638e-21)
(0.00268707 -0.00608184 -2.82135e-21)
(0.00716747 0.00183658 7.84756e-21)
(0.0124136 0.0117573 0)
(0.0182617 0.0233206 0)
(0.0244446 0.0360294 0)
(-0.00167089 -0.00639692 -9.63241e-22)
(-0.00334487 -0.0131655 -2.78557e-21)
(-0.00370532 -0.0160726 3.46803e-21)
(-0.00281527 -0.0159022 4.88788e-21)
(-0.00083772 -0.0130255 4.50782e-21)
(0.00209397 -0.00766194 2.89493e-21)
(0.00585969 -2.43075e-06 0)
(0.0103322 0.00971389 5.16847e-21)
(0.0153589 0.0211473 -2.37488e-21)
(0.0207006 0.0338375 0)
(-0.00115838 -0.00620825 0)
(-0.00236121 -0.0132427 5.57684e-21)
(-0.00258998 -0.01654 -3.46728e-21)
(-0.00183022 -0.0167889 -3.25786e-21)
(-0.000193947 -0.0143358 -5.92088e-25)
(0.00222915 -0.00939029 -1.44565e-21)
(0.00536055 -0.00213054 1.39775e-21)
(0.00910872 0.00722679 0)
(0.0133468 0.0183798 -2.46546e-21)
(0.0178679 0.030923 -2.44402e-21)
(-0.000650658 -0.00596978 1.23329e-22)
(-0.0012523 -0.0132517 -2.11433e-21)
(-0.00115536 -0.0169399 -2.282e-22)
(-0.000339402 -0.0176274 -8.96812e-24)
(0.00111999 -0.0156428 -1.17248e-21)
(0.00316775 -0.0111907 0)
(0.00576269 -0.00443591 -1.39734e-21)
(0.0088518 0.00443453 0)
(0.0123463 0.0151689 0)
(0.016069 0.0274306 0)
)
;

boundaryField
{
    inlet
    {
        type            uniformFixedValue;
        uniformValue    constant (1 0 0);
        value           uniform (1 0 0);
    }
    outlet
    {
        type            pressureInletOutletVelocity;
        value           nonuniform List<vector> 
40
(
(0.015315 0.0263845 0)
(0.0226204 0.0960131 0)
(0.0248072 0.160681 0)
(0.0226572 0.223795 0)
(0.0195016 0.293689 0)
(0.0164063 0.370579 0)
(0.0116661 0.454066 0)
(0.00779094 0.551487 0)
(0.00120762 0.668836 0)
(0.000419865 0.777164 0)
(0 -0.0114158 0)
(0 -0.0264385 0)
(0 -0.0404119 0)
(0 -0.0532691 0)
(0 -0.0649881 0)
(0 -0.0755873 0)
(0 -0.085118 0)
(0 -0.0936534 0)
(0 -0.101279 0)
(0 -0.108084 0)
(0 -0.114159 0)
(0 -0.11959 0)
(0 -0.124459 0)
(0 -0.128847 0)
(0 -0.132833 0)
(0 -0.136495 0)
(0 -0.139908 0)
(0 -0.143152 0)
(0 -0.146301 0)
(0 -0.149436 0)
(0 -0.157013 0)
(0 -0.17382 0)
(0 -0.19826 0)
(0 -0.232532 0)
(0 -0.276856 0)
(0 -0.327957 0)
(0 -0.378963 0)
(0 -0.421887 0)
(0 -0.451485 0)
(0 -0.466241 0)
)
;
    }
    cylinder
    {
        type            fixedValue;
        value           uniform (0 0 0);
    }
    top
    {
        type            symmetryPlane;
    }
    bottom
    {
        type            symmetryPlane;
    }
    defaultFaces
    {
        type            empty;
    }
}


// ************************************************************************* //
