/*--------------------------------*- C++ -*----------------------------------*\
  =========                 |
  \\      /  F ield         | OpenFOAM: The Open Source CFD Toolbox
   \\    /   O peration     | Website:  https://openfoam.org
    \\  /    A nd           | Version:  7
     \\/     M anipulation  |
\*---------------------------------------------------------------------------*/
FoamFile
{
    version     2.0;
    format      ascii;
    class       volScalarField;
    location    "5.2";
    object      p;
}
// * * * * * * * * * * * * * * * * * * * * * * * * * * * * * * * * * * * * * //

dimensions      [0 2 -2 0 0 0 0];

internalField   nonuniform List<scalar> 
8000
(
0.278653
0.281073
0.282751
0.284648
0.286593
0.288566
0.290547
0.292514
0.294448
0.296336
0.298168
0.299939
0.301644
0.303282
0.304852
0.306354
0.307792
0.309169
0.310487
0.311741
0.277375
0.279823
0.281547
0.283493
0.285481
0.287487
0.28949
0.291466
0.293399
0.295275
0.297086
0.298826
0.300494
0.302086
0.303605
0.305051
0.306428
0.307738
0.308977
0.310177
0.276017
0.278527
0.280313
0.282321
0.284362
0.286408
0.288439
0.29043
0.292366
0.294234
0.296027
0.297741
0.299372
0.300921
0.30239
0.303779
0.305096
0.306338
0.307499
0.308635
0.274636
0.277225
0.279079
0.281154
0.283251
0.285341
0.287402
0.289411
0.291352
0.293215
0.294993
0.296682
0.29828
0.299787
0.301206
0.302539
0.303794
0.304969
0.306051
0.307114
0.273226
0.275907
0.277834
0.279982
0.28214
0.284278
0.286372
0.288402
0.290353
0.292214
0.293979
0.295645
0.297212
0.298679
0.30005
0.301329
0.302522
0.303629
0.304633
0.305614
0.271779
0.274565
0.276572
0.278799
0.281023
0.283214
0.285346
0.287401
0.289364
0.291225
0.292981
0.294628
0.296165
0.297594
0.298919
0.300144
0.301276
0.302316
0.303244
0.304131
0.270288
0.273194
0.275289
0.277601
0.279898
0.282145
0.28432
0.286402
0.28838
0.290246
0.291994
0.293624
0.295134
0.296529
0.29781
0.298984
0.300056
0.30103
0.301884
0.302666
0.26875
0.27179
0.27398
0.276385
0.278759
0.281068
0.283289
0.285403
0.287399
0.28927
0.291014
0.292628
0.294116
0.295478
0.296719
0.297844
0.298858
0.299768
0.300552
0.301219
0.267156
0.270349
0.272642
0.275147
0.277604
0.279979
0.28225
0.284398
0.286415
0.288294
0.290035
0.291637
0.293103
0.294437
0.295642
0.296721
0.29768
0.29853
0.299251
0.299791
0.265501
0.268866
0.271271
0.273883
0.27643
0.278876
0.281199
0.283385
0.285423
0.287312
0.289051
0.290643
0.292091
0.293399
0.294572
0.29561
0.29652
0.297315
0.29798
0.298385
0.263779
0.267339
0.269864
0.272592
0.275233
0.277754
0.280133
0.282357
0.284419
0.286318
0.288056
0.289639
0.291072
0.292358
0.293503
0.294507
0.295373
0.296121
0.296743
0.297005
0.261984
0.265762
0.268418
0.271269
0.274011
0.27661
0.279047
0.28131
0.283395
0.285304
0.287043
0.288618
0.290037
0.291305
0.292427
0.293404
0.294235
0.294948
0.295543
0.29566
0.260109
0.264133
0.26693
0.269913
0.27276
0.27544
0.277937
0.28024
0.282347
0.284266
0.286004
0.287571
0.288977
0.290229
0.291334
0.292292
0.2931
0.293793
0.294385
0.29436
0.258152
0.26245
0.265398
0.268521
0.271479
0.274243
0.276799
0.279141
0.281269
0.283195
0.28493
0.286488
0.28788
0.289117
0.29021
0.291159
0.291959
0.292653
0.293275
0.293124
0.256109
0.260711
0.263821
0.267092
0.270165
0.273014
0.27563
0.278009
0.280156
0.282086
0.283814
0.285358
0.286733
0.287956
0.289039
0.289988
0.290797
0.291522
0.292221
0.291978
0.253981
0.258918
0.2622
0.265626
0.268818
0.271753
0.274427
0.27684
0.279002
0.280931
0.282648
0.284172
0.285524
0.286727
0.287801
0.288756
0.28959
0.290381
0.291224
0.290956
0.251767
0.257071
0.260535
0.264123
0.267437
0.270458
0.273188
0.275632
0.277804
0.279726
0.281422
0.282917
0.284237
0.28541
0.286467
0.287428
0.288297
0.289187
0.29026
0.29009
0.249473
0.255174
0.258829
0.262585
0.266021
0.269128
0.271912
0.274381
0.276557
0.278465
0.280131
0.281584
0.282856
0.283983
0.285005
0.285957
0.286862
0.287883
0.289333
0.289523
0.247103
0.253232
0.257085
0.261014
0.264574
0.267764
0.270597
0.273088
0.275261
0.277145
0.278769
0.280165
0.281368
0.282419
0.283371
0.284279
0.2852
0.286423
0.288605
0.289837
0.24467
0.251253
0.25531
0.259414
0.263098
0.266367
0.269246
0.271752
0.273915
0.275765
0.277334
0.278654
0.27976
0.280693
0.281502
0.282247
0.283024
0.284257
0.286983
0.289663
0.314466
0.318855
0.322036
0.325256
0.327894
0.330337
0.332489
0.334435
0.336175
0.337726
0.339095
0.34029
0.341319
0.342189
0.34291
0.343492
0.343943
0.344273
0.344491
0.344599
0.313022
0.317256
0.320434
0.323627
0.326257
0.328694
0.330848
0.332799
0.334545
0.336106
0.337485
0.338693
0.339734
0.340618
0.341352
0.341947
0.342413
0.342755
0.342983
0.343105
0.311542
0.315678
0.318829
0.322001
0.32462
0.327051
0.329205
0.331159
0.332912
0.334482
0.335872
0.337093
0.338148
0.339046
0.339795
0.340404
0.340883
0.341238
0.341477
0.341613
0.310016
0.31412
0.317219
0.32038
0.322982
0.325408
0.32756
0.329517
0.331276
0.332856
0.334257
0.335491
0.33656
0.337473
0.338238
0.338861
0.339355
0.339722
0.339972
0.340121
0.308432
0.312582
0.315603
0.318763
0.321345
0.323764
0.325914
0.327873
0.329638
0.331226
0.33264
0.333887
0.334971
0.3359
0.33668
0.337318
0.337826
0.338208
0.338468
0.338629
0.306778
0.311063
0.313979
0.317149
0.319709
0.322122
0.324268
0.326228
0.327998
0.329594
0.33102
0.33228
0.33338
0.334325
0.335121
0.335775
0.336296
0.336692
0.336964
0.337136
0.305041
0.30956
0.312345
0.315537
0.318074
0.320481
0.322621
0.324581
0.326356
0.32796
0.329398
0.330672
0.331787
0.332748
0.333561
0.334231
0.334766
0.335176
0.335458
0.335642
0.303208
0.308069
0.310701
0.313926
0.316439
0.31884
0.320974
0.322933
0.324711
0.326323
0.327772
0.329061
0.330191
0.331169
0.331999
0.332685
0.333235
0.333659
0.333951
0.334145
0.30127
0.306584
0.309044
0.312313
0.314804
0.317199
0.319327
0.321283
0.323064
0.324684
0.326144
0.327447
0.328594
0.329588
0.330435
0.331137
0.331702
0.332139
0.332441
0.332644
0.299217
0.305097
0.307376
0.310696
0.313168
0.315556
0.317677
0.319631
0.321414
0.323041
0.324513
0.325831
0.326994
0.328005
0.328869
0.329587
0.330166
0.330616
0.330928
0.331139
0.297047
0.303599
0.305695
0.309073
0.31153
0.313911
0.316025
0.317975
0.31976
0.321394
0.322878
0.32421
0.32539
0.326419
0.3273
0.328034
0.328628
0.32909
0.32941
0.329629
0.294763
0.302076
0.304003
0.30744
0.309888
0.312262
0.314368
0.316314
0.318101
0.319743
0.321239
0.322587
0.323783
0.32483
0.325728
0.326479
0.327086
0.32756
0.327888
0.328112
0.292377
0.300513
0.302301
0.305793
0.308238
0.310604
0.312704
0.314647
0.316437
0.318087
0.319595
0.320958
0.322173
0.323237
0.324152
0.324919
0.32554
0.326025
0.326361
0.326589
0.289915
0.298892
0.30059
0.304127
0.306577
0.308934
0.31103
0.312971
0.314765
0.316425
0.317947
0.319326
0.320558
0.321641
0.322573
0.323356
0.32399
0.324485
0.324827
0.325057
0.287422
0.297197
0.298871
0.302437
0.304899
0.307249
0.309343
0.311285
0.313085
0.314756
0.316293
0.317689
0.31894
0.320041
0.32099
0.321788
0.322435
0.322939
0.323287
0.323516
0.284975
0.295424
0.297153
0.300725
0.303208
0.30555
0.307646
0.309592
0.3114
0.313084
0.314635
0.316049
0.317319
0.318438
0.319404
0.320216
0.320874
0.321386
0.321738
0.321965
0.282653
0.293548
0.295422
0.298982
0.301494
0.303833
0.305933
0.307885
0.309704
0.311402
0.31297
0.314403
0.315692
0.316829
0.317812
0.318638
0.319308
0.319826
0.320181
0.320404
0.280478
0.291417
0.293558
0.29711
0.299674
0.302021
0.304138
0.306108
0.307948
0.30967
0.311264
0.312724
0.314039
0.3152
0.316203
0.317047
0.317729
0.318256
0.318614
0.318831
0.27885
0.288994
0.291479
0.295022
0.297674
0.300059
0.302219
0.304232
0.306115
0.307878
0.309514
0.311012
0.312362
0.313553
0.314581
0.315444
0.316142
0.316676
0.317037
0.317246
0.279823
0.287634
0.290072
0.293472
0.296181
0.298585
0.30077
0.302798
0.304688
0.306448
0.308075
0.309559
0.310891
0.312064
0.313073
0.313917
0.314597
0.315114
0.31546
0.31565
0.289246
0.289801
0.290674
0.293415
0.295973
0.298158
0.30009
0.301822
0.30338
0.304785
0.306055
0.307198
0.308218
0.309114
0.309886
0.310532
0.311052
0.311444
0.311704
0.311838
0.278556
0.279963
0.281702
0.285043
0.288084
0.290608
0.292806
0.294751
0.296475
0.298009
0.299378
0.3006
0.301684
0.302634
0.303452
0.304139
0.304692
0.30511
0.305391
0.305532
0.266717
0.269422
0.272133
0.276026
0.279533
0.282454
0.284978
0.287188
0.289121
0.290819
0.292316
0.293639
0.294805
0.295822
0.296696
0.29743
0.298022
0.298471
0.298772
0.298924
0.254705
0.258629
0.262186
0.266574
0.270558
0.273924
0.276822
0.279333
0.2815
0.283375
0.285002
0.28642
0.287654
0.288722
0.289635
0.290398
0.291013
0.291477
0.291789
0.291945
0.241855
0.246776
0.251127
0.256035
0.260534
0.2644
0.26774
0.270623
0.273097
0.275216
0.277035
0.2786
0.279946
0.281098
0.282074
0.282885
0.283534
0.284022
0.28435
0.284513
0.228206
0.233922
0.238982
0.244405
0.249423
0.253806
0.257623
0.26093
0.263771
0.266199
0.268271
0.270039
0.271547
0.272826
0.2739
0.274785
0.275489
0.276016
0.276368
0.276543
0.213902
0.220252
0.22592
0.231827
0.23734
0.242228
0.246528
0.250282
0.253523
0.256301
0.25867
0.260685
0.262394
0.263834
0.265035
0.266017
0.266794
0.267372
0.267755
0.267946
0.198974
0.205841
0.212028
0.21838
0.224354
0.229719
0.234487
0.238687
0.242341
0.245489
0.248182
0.250473
0.252412
0.25404
0.255392
0.256491
0.257355
0.257994
0.258417
0.258627
0.183418
0.190718
0.197356
0.204113
0.210508
0.21631
0.221517
0.226143
0.230201
0.233722
0.236749
0.239332
0.241519
0.243355
0.244874
0.246105
0.247068
0.247779
0.248247
0.248478
0.167224
0.174902
0.181943
0.189066
0.195836
0.202029
0.207631
0.212649
0.217086
0.220963
0.224316
0.22719
0.229631
0.23168
0.233376
0.234749
0.23582
0.236608
0.237126
0.237381
0.150399
0.158413
0.165821
0.173269
0.180363
0.186893
0.192838
0.198199
0.202972
0.207172
0.210826
0.213973
0.216656
0.218915
0.220786
0.222301
0.223482
0.22435
0.224919
0.2252
0.132953
0.141269
0.149013
0.156738
0.1641
0.170905
0.17713
0.182773
0.187827
0.192298
0.19621
0.199596
0.202495
0.204943
0.206976
0.208624
0.20991
0.210854
0.211472
0.211777
0.114975
0.123527
0.131559
0.139496
0.147053
0.154059
0.160489
0.166339
0.171599
0.176274
0.180384
0.183957
0.187027
0.189629
0.191796
0.193556
0.194931
0.195941
0.196603
0.196929
0.0965069
0.105245
0.113498
0.121563
0.129223
0.136338
0.142881
0.148845
0.154221
0.159014
0.163242
0.166931
0.170113
0.172818
0.175078
0.176919
0.17836
0.179419
0.180113
0.180455
0.0779077
0.0866242
0.0949583
0.103009
0.110636
0.117733
0.124268
0.130227
0.135604
0.140406
0.144649
0.148359
0.151567
0.154301
0.156591
0.158459
0.159924
0.161002
0.161709
0.162058
0.0591108
0.0677656
0.0760147
0.0838831
0.0913115
0.098228
0.104597
0.110402
0.115639
0.120317
0.124455
0.128079
0.13122
0.133906
0.136163
0.138011
0.139464
0.140536
0.141239
0.14158
0.0413795
0.0492817
0.0570563
0.0644188
0.0713723
0.0778663
0.0838472
0.0892868
0.0941793
0.0985355
0.102378
0.105735
0.108639
0.11112
0.113203
0.114907
0.116246
0.117231
0.117879
0.118217
0.0234578
0.0310621
0.0381031
0.0446418
0.0507979
0.056572
0.0619075
0.0667665
0.0711399
0.075036
0.0784756
0.081487
0.084101
0.0863459
0.0882437
0.0898082
0.0910454
0.0919594
0.0925581
0.0928246
0.00956102
0.0146666
0.0204305
0.0255894
0.0303917
0.0348708
0.0389602
0.0426236
0.0458628
0.0486966
0.0511543
0.0532706
0.0550805
0.0566146
0.0578968
0.0589432
0.0597626
0.0603587
0.0607568
0.0610846
-0.012297
-0.00515717
-0.000361215
0.00388237
0.0077967
0.0113762
0.0146139
0.0175105
0.0200639
0.0222835
0.0241946
0.0258327
0.0272347
0.0284313
0.0294429
0.030279
0.0309412
0.0314225
0.031683
0.0316189
0.272433
0.262882
0.254315
0.243942
0.23239
0.219626
0.205866
0.191223
0.175808
0.159701
0.142997
0.125726
0.108099
0.0899795
0.072167
0.053567
0.037698
0.0180017
0.011919
-0.0222185
0.272699
0.260743
0.252188
0.241368
0.229527
0.216533
0.202608
0.187852
0.172371
0.156233
0.139538
0.122303
0.10477
0.0867488
0.0691888
0.0506679
0.0355324
0.015287
0.012223
-0.0261957
0.2727
0.25869
0.249938
0.238551
0.226357
0.213099
0.199005
0.184151
0.168628
0.152493
0.135835
0.118667
0.10124
0.0833429
0.0660095
0.0476323
0.0330966
0.0126213
0.0117482
-0.0295245
0.271429
0.256073
0.247295
0.235513
0.223092
0.209659
0.195453
0.180535
0.164989
0.148864
0.132247
0.115147
0.0978253
0.0800594
0.0629417
0.0447332
0.0307221
0.0101152
0.0110943
-0.0326657
0.269597
0.253303
0.244509
0.232409
0.219811
0.206241
0.191946
0.176978
0.161415
0.145302
0.128724
0.111694
0.0944787
0.0768522
0.0599458
0.041929
0.0283893
0.00771795
0.0103442
-0.0357695
0.267424
0.250541
0.241665
0.229286
0.216528
0.202837
0.188464
0.173453
0.157876
0.141778
0.125242
0.108284
0.0911775
0.0736993
0.057
0.0391986
0.0260768
0.00541115
0.00948011
-0.0388721
0.264939
0.247794
0.238772
0.226161
0.213258
0.199459
0.185018
0.16997
0.154382
0.1383
0.121807
0.104926
0.0879291
0.0706079
0.0541118
0.0365482
0.0237915
0.00319765
0.00850566
-0.0420211
0.262199
0.24507
0.235849
0.223052
0.210018
0.196124
0.181621
0.166539
0.150943
0.134877
0.118429
0.101626
0.0847429
0.0675866
0.0512914
0.0339865
0.0215455
0.00108565
0.00743289
-0.0452726
0.259274
0.242386
0.23292
0.219979
0.206826
0.192845
0.178285
0.163171
0.147566
0.131517
0.115115
0.0983929
0.0816258
0.0646423
0.0485473
0.0315217
0.0193514
-0.000911515
0.00627551
-0.0486653
0.256232
0.239757
0.230012
0.216961
0.203696
0.189636
0.175019
0.159874
0.14426
0.128227
0.11187
0.0952317
0.0785842
0.0617815
0.0458882
0.0291629
0.017224
-0.00277278
0.00503711
-0.0522794
0.253137
0.237194
0.227148
0.214013
0.200642
0.186507
0.171834
0.156655
0.14103
0.125013
0.108701
0.0921487
0.0756245
0.0590106
0.0433232
0.0269203
0.0151823
-0.00446216
0.00366418
-0.0565407
0.250053
0.23471
0.224353
0.211152
0.197679
0.183469
0.168739
0.153523
0.137884
0.12188
0.105614
0.0891496
0.072753
0.0563358
0.0408613
0.0248052
0.0132534
-0.00591136
0.00205492
-0.0622504
0.247038
0.232318
0.221652
0.208392
0.194819
0.180531
0.16574
0.150483
0.134827
0.118835
0.102614
0.0862398
0.0699753
0.0537627
0.0385106
0.022828
0.0114704
-0.0070192
0.000357396
-0.0677916
0.24415
0.230034
0.219065
0.205748
0.192072
0.177704
0.162846
0.147543
0.131866
0.115884
0.0997072
0.0834246
0.0672964
0.051296
0.0362779
0.0209959
0.00986003
-0.00772031
-0.000784761
-0.0638031
0.241439
0.227872
0.216615
0.203233
0.189451
0.174995
0.160065
0.14471
0.129007
0.11303
0.0968978
0.0807083
0.0647208
0.0489395
0.0341673
0.0193103
0.00843049
-0.00804384
-0.0014724
-0.0509849
0.23895
0.225851
0.214321
0.20086
0.186965
0.172413
0.157403
0.141988
0.126254
0.11028
0.0941902
0.078095
0.0622519
0.0466958
0.0321808
0.0177669
0.00717048
-0.00807608
-0.00206712
-0.0402947
0.236725
0.223988
0.2122
0.198642
0.184625
0.169966
0.154866
0.139384
0.123612
0.107637
0.0915883
0.0755881
0.0598927
0.0445664
0.0303182
0.0163574
0.00605976
-0.00792498
-0.00254424
-0.0327191
0.234797
0.222302
0.210268
0.196589
0.182439
0.16766
0.15246
0.136902
0.121086
0.105105
0.0890956
0.0731904
0.0576452
0.0425519
0.0285777
0.0150725
0.00508174
-0.00769123
-0.00345517
-0.0264138
0.233195
0.220811
0.208542
0.194714
0.180417
0.165504
0.150192
0.134548
0.118679
0.102688
0.0867151
0.0709042
0.0555108
0.0406524
0.026957
0.0139035
0.00422185
-0.00741116
-0.00415096
-0.0214138
0.231942
0.219532
0.207033
0.193025
0.178567
0.163502
0.148066
0.132325
0.116397
0.100389
0.0844492
0.0687314
0.0534905
0.0388674
0.0254531
0.0128431
0.00347123
-0.00710067
-0.00463088
-0.0174797
0.231056
0.218484
0.205754
0.191534
0.176895
0.161662
0.146087
0.130239
0.114241
0.0982103
0.0823006
0.0666737
0.0515852
0.0371961
0.0240634
0.0118854
0.00282503
-0.00676918
-0.00498632
-0.0143411
0.230555
0.217684
0.204718
0.19025
0.17541
0.159989
0.144261
0.128291
0.112216
0.0961551
0.0802703
0.0647313
0.0497937
0.0356361
0.0227835
0.0110242
0.00227606
-0.00645161
-0.00521879
-0.0118116
0.230447
0.217147
0.203934
0.189182
0.174119
0.158489
0.14259
0.126487
0.110323
0.094225
0.07836
0.0629054
0.0481165
0.0341867
0.0216111
0.0102549
0.0018078
-0.00613282
-0.00534422
-0.00976041
0.230742
0.216888
0.203412
0.188338
0.173028
0.157168
0.14108
0.124828
0.108565
0.0924218
0.0765711
0.0611966
0.0465533
0.0328465
0.0205437
0.00957384
0.00142694
-0.00581857
-0.00537886
-0.00808784
0.231444
0.21692
0.20316
0.187727
0.172143
0.15603
0.139733
0.123318
0.106943
0.0907467
0.0749042
0.059605
0.0451037
0.0316142
0.0195789
0.00898004
0.00112524
-0.00550323
-0.00533556
-0.00671605
0.232557
0.217256
0.203186
0.187358
0.171471
0.15508
0.138554
0.121959
0.10546
0.0892008
0.0733598
0.0581306
0.0437667
0.0304884
0.0187143
0.00846861
0.000899124
-0.00518181
-0.0052257
-0.00558444
0.234081
0.217908
0.203498
0.187237
0.171018
0.154323
0.137546
0.120753
0.104117
0.0877848
0.0719382
0.056773
0.0425415
0.0294678
0.0179476
0.00803758
0.000744334
-0.00485141
-0.00505985
-0.00464588
0.236014
0.218886
0.204103
0.187374
0.17079
0.153764
0.136712
0.119703
0.102915
0.0864994
0.0706393
0.0555319
0.041427
0.0285509
0.0172765
0.00768498
0.000657189
-0.00451008
-0.00484748
-0.00386362
0.238356
0.220201
0.205006
0.187778
0.170793
0.153407
0.136055
0.11881
0.101855
0.0853452
0.0694631
0.0544064
0.040422
0.0277362
0.0166986
0.0074086
0.000634121
-0.00415634
-0.00459685
-0.00320873
0.241105
0.221861
0.206215
0.188455
0.171032
0.153256
0.135578
0.118077
0.100939
0.0843222
0.0684091
0.0533958
0.0395259
0.0270211
0.0162115
0.00720605
0.00067159
-0.00378926
-0.00431498
-0.00265834
0.244248
0.223883
0.207734
0.189412
0.171511
0.153314
0.135283
0.117504
0.100167
0.08343
0.067477
0.0524994
0.0387361
0.0264044
0.0158127
0.00707482
0.000766092
-0.00340839
-0.00400782
-0.00219413
0.247764
0.226291
0.209567
0.190657
0.172236
0.153585
0.135172
0.117093
0.0995383
0.0826678
0.0666667
0.051715
0.0380509
0.0258836
0.0154993
0.00701219
0.000914152
-0.00301367
-0.0036803
-0.00180135
0.251654
0.229088
0.211723
0.192198
0.173213
0.154075
0.13525
0.116846
0.0990559
0.0820388
0.0659735
0.0510413
0.0374684
0.0254562
0.0152684
0.00701529
0.00111234
-0.00260534
-0.00333642
-0.0014679
0.255908
0.2323
0.214216
0.194046
0.174451
0.154792
0.135523
0.116769
0.0987215
0.0815411
0.065401
0.0504782
0.0369877
0.0251206
0.0151177
0.00708164
0.00135759
-0.00218369
-0.00297929
-0.00118378
0.260504
0.235928
0.217026
0.196183
0.175938
0.155728
0.135986
0.116857
0.0985344
0.0811758
0.0649502
0.0500273
0.0366098
0.024877
0.0150467
0.00721014
0.00164796
-0.00174849
-0.002611
-0.000940462
0.265354
0.239883
0.220065
0.198536
0.17762
0.15684
0.136607
0.117088
0.0984761
0.0809291
0.0646105
0.0496809
0.0363293
0.0247217
0.0150522
0.0073984
0.00198112
-0.00129975
-0.00223305
-0.000730566
0.270368
0.244171
0.223364
0.20114
0.17953
0.158152
0.137395
0.117454
0.0985268
0.0807716
0.064347
0.049403
0.0361124
0.0246255
0.015111
0.00762963
0.00234577
-0.000842419
-0.00184868
-0.000547632
0.275896
0.249463
0.227553
0.20453
0.182113
0.160013
0.13861
0.118133
0.0987945
0.0807568
0.0641727
0.0491791
0.0359284
0.0245513
0.0151869
0.00787373
0.00272019
-0.000388208
-0.00146368
-0.000385934
0.282271
0.256292
0.233077
0.209098
0.185726
0.162765
0.140588
0.11946
0.0996097
0.0812019
0.0643797
0.0492653
0.0359891
0.0246624
0.015396
0.00820635
0.0031482
8.66015e-05
-0.00106547
-0.000239735
0.285578
0.260393
0.236329
0.21182
0.187936
0.164589
0.142105
0.12075
0.100743
0.0822343
0.0653487
0.0501923
0.0368811
0.0255227
0.016221
0.00899744
0.00387807
0.000725668
-0.000582591
-0.00010326
0.280276
0.257991
0.23472
0.210696
0.187228
0.164495
0.142702
0.122076
0.102786
0.0849375
0.068598
0.0538243
0.0406908
0.0292959
0.0197504
0.0121341
0.00648115
0.00272831
0.000764943
0.000212152
0.2814
0.258197
0.233241
0.207627
0.182757
0.158903
0.13637
0.115389
0.0961319
0.0786862
0.0630881
0.0493418
0.0374351
0.0273461
0.0190399
0.0124556
0.00749495
0.00401891
0.00184999
0.000587654
0.279933
0.25632
0.230222
0.203677
0.178122
0.153748
0.131143
0.110386
0.0916137
0.0748612
0.0601036
0.0472852
0.0363292
0.0271407
0.0196047
0.0135828
0.00891079
0.00540651
0.00286258
0.000934738
0.277426
0.253682
0.226677
0.199454
0.173452
0.149047
0.126626
0.106367
0.0883229
0.072447
0.058636
0.0467563
0.0366564
0.0281728
0.0211349
0.0153672
0.0106905
0.00692477
0.00387598
0.00126952
0.275003
0.25026
0.22292
0.1954
0.169324
0.145163
0.123233
0.103671
0.0864517
0.0714511
0.0584961
0.0473913
0.0379324
0.029914
0.0231368
0.0174129
0.0125672
0.0084357
0.00484866
0.00159115
0.272586
0.247188
0.219583
0.192071
0.166241
0.142575
0.121328
0.102557
0.0861573
0.0719386
0.0596725
0.0491216
0.0400529
0.0322461
0.0254995
0.0196335
0.0144886
0.00992011
0.00578163
0.00190146
0.270784
0.244968
0.217251
0.190005
0.164659
0.141646
0.121146
0.103133
0.0874363
0.0738175
0.0620154
0.051773
0.0428504
0.0350315
0.0281275
0.0219762
0.0164371
0.011383
0.00668597
0.0022033
0.270115
0.244056
0.216411
0.189626
0.164892
0.142568
0.122754
0.105357
0.090161
0.0769043
0.0653157
0.0551392
0.0461443
0.0381305
0.0309274
0.0243907
0.0183952
0.0128266
0.0075692
0.00249863
0.270953
0.2448
0.217387
0.191167
0.167056
0.145338
0.12605
0.109053
0.0941133
0.0809675
0.0693532
0.0590295
0.0497844
0.0414368
0.0338336
0.0268441
0.0203531
0.0142534
0.00843638
0.00278873
0.273497
0.247381
0.220301
0.194648
0.171067
0.149788
0.130805
0.113963
0.0990333
0.0857673
0.0739238
0.0632837
0.0536556
0.0448758
0.0368038
0.0293175
0.0223062
0.0156658
0.009291
0.0030745
0.277767
0.251781
0.22507
0.1999
0.176685
0.155635
0.136722
0.1198
0.104663
0.0910871
0.0788571
0.0677767
0.0576728
0.0483944
0.0398089
0.0317974
0.0242506
0.0170644
0.0101346
0.00335638
0.283606
0.257805
0.23144
0.206613
0.183577
0.162543
0.143487
0.126289
0.110772
0.0967447
0.0840165
0.0724116
0.0617709
0.0519513
0.0428238
0.0342699
0.0261792
0.0184464
0.0109661
0.0036341
0.290715
0.265114
0.239036
0.2144
0.191367
0.170167
0.150798
0.133177
0.117159
0.102585
0.0892862
0.0771045
0.06589
0.0555044
0.0458193
0.036715
0.028079
0.0198036
0.0117813
0.00390629
0.298686
0.273273
0.247413
0.222831
0.199659
0.17816
0.158364
0.140224
0.123633
0.108457
0.0945499
0.0817653
0.0699604
0.0589996
0.0487538
0.0391014
0.0299272
0.0211208
0.0125714
0.00417014
0.307028
0.281782
0.256077
0.231447
0.208046
0.18617
0.165883
0.147181
0.129987
0.114193
0.0996691
0.0862803
0.073889
0.062361
0.0515666
0.0413818
0.0316888
0.0223737
0.0133223
0.00442097
0.315203
0.290101
0.264502
0.239765
0.216094
0.193813
0.173027
0.153764
0.13598
0.119586
0.104468
0.090501
0.0775511
0.0654856
0.0541741
0.0434904
0.0333141
0.023528
0.0140135
0.00465201
0.32265
0.297668
0.272145
0.247279
0.223339
0.200675
0.179425
0.159649
0.141326
0.124388
0.108733
0.0942439
0.0807915
0.0682443
0.0564712
0.0453444
0.0347408
0.02454
0.0146191
0.00485457
0.328824
0.303939
0.27847
0.253485
0.229315
0.206328
0.18469
0.164486
0.145716
0.128326
0.112226
0.0973045
0.0834369
0.0704927
0.0583404
0.0468507
0.0358984
0.0253604
0.01511
0.00501884
0.333247
0.308433
0.283
0.257926
0.23359
0.210369
0.188453
0.167942
0.14885
0.131135
0.114715
0.0994834
0.0853182
0.0720898
0.0596665
0.0479182
0.0367182
0.025941
0.0154572
0.00513495
0.335549
0.310763
0.285356
0.260235
0.235812
0.21247
0.190409
0.169737
0.150477
0.132593
0.116006
0.100613
0.0862929
0.0729166
0.0603526
0.0484702
0.0371419
0.0262411
0.0156362
0.00519412
0.303929
0.305366
0.304403
0.302565
0.30041
0.298378
0.296866
0.296201
0.296668
0.298468
0.301691
0.306292
0.312086
0.318757
0.325888
0.332985
0.339523
0.344988
0.348924
0.351011
0.310354
0.311806
0.310953
0.309283
0.307346
0.305567
0.304321
0.303892
0.304529
0.306408
0.309615
0.314111
0.319728
0.326171
0.333046
0.339885
0.346184
0.351456
0.355261
0.35732
0.315902
0.316721
0.315657
0.314044
0.31218
0.310537
0.309471
0.309255
0.310126
0.312236
0.315649
0.320306
0.326024
0.332504
0.339359
0.346134
0.352347
0.357536
0.361278
0.363331
0.321721
0.321906
0.32077
0.319089
0.317277
0.315739
0.314808
0.314744
0.315774
0.318037
0.321582
0.326339
0.332115
0.33861
0.345438
0.352157
0.358299
0.363421
0.367111
0.369159
0.327624
0.32725
0.326053
0.324362
0.322643
0.321241
0.320466
0.320557
0.321729
0.324107
0.32773
0.332521
0.338288
0.344733
0.351481
0.358101
0.36414
0.36917
0.372794
0.374824
0.333455
0.332537
0.331246
0.329573
0.327973
0.326726
0.326126
0.326387
0.327707
0.330197
0.333885
0.338691
0.344423
0.35079
0.35743
0.363925
0.369837
0.374758
0.378299
0.380299
0.339174
0.337669
0.336342
0.33468
0.333206
0.33212
0.331698
0.33213
0.333596
0.336193
0.339938
0.344746
0.35043
0.356706
0.363223
0.36958
0.375354
0.380154
0.383605
0.385564
0.344751
0.342765
0.341354
0.339697
0.33835
0.337426
0.337181
0.337781
0.339385
0.342077
0.345865
0.350661
0.356282
0.362455
0.368837
0.375045
0.380672
0.385344
0.388698
0.390609
0.350142
0.347732
0.346259
0.344612
0.343393
0.34263
0.342562
0.343323
0.345057
0.347833
0.351651
0.356421
0.361966
0.36802
0.374257
0.380306
0.385778
0.390315
0.393567
0.395423
0.355313
0.35254
0.351031
0.349404
0.348313
0.34771
0.347814
0.348732
0.350587
0.353436
0.357272
0.362004
0.36746
0.373386
0.379467
0.385349
0.390659
0.395057
0.398204
0.399998
0.360222
0.357182
0.35565
0.354055
0.353091
0.352644
0.352915
0.353981
0.355948
0.358861
0.362705
0.367388
0.372745
0.378534
0.384452
0.390161
0.395305
0.399559
0.402598
0.404327
0.364887
0.361644
0.360097
0.358549
0.357709
0.357415
0.357844
0.35905
0.36112
0.364086
0.367928
0.372554
0.377805
0.383448
0.389198
0.39473
0.399705
0.403813
0.406744
0.408403
0.369267
0.365907
0.364353
0.362869
0.362152
0.362005
0.362584
0.363921
0.366084
0.369094
0.372925
0.377486
0.382623
0.388118
0.393695
0.399048
0.403853
0.407814
0.410636
0.412225
0.373349
0.369955
0.368404
0.366999
0.366404
0.3664
0.36712
0.368578
0.370826
0.37387
0.377682
0.382172
0.387191
0.392532
0.397935
0.403109
0.407744
0.411559
0.414272
0.41579
0.377131
0.373778
0.372236
0.370929
0.370454
0.370588
0.371442
0.373011
0.375332
0.378402
0.382189
0.386602
0.391499
0.396685
0.401914
0.406908
0.411374
0.415045
0.417651
0.419099
0.380609
0.377369
0.375842
0.374648
0.374293
0.374561
0.375538
0.377209
0.379595
0.382684
0.386438
0.390769
0.395543
0.400574
0.405629
0.410445
0.414745
0.418273
0.420776
0.422154
0.383786
0.380723
0.379218
0.37815
0.377912
0.378311
0.379405
0.381167
0.38361
0.386709
0.390425
0.394673
0.399321
0.404197
0.40908
0.413721
0.417858
0.421247
0.423649
0.424959
0.386667
0.383835
0.38236
0.38143
0.38131
0.381835
0.383037
0.384883
0.387373
0.390476
0.39415
0.398311
0.402835
0.407557
0.41227
0.416741
0.420718
0.423972
0.426276
0.427522
0.38926
0.386708
0.38527
0.384488
0.384485
0.385131
0.386434
0.388356
0.390885
0.393987
0.397615
0.401688
0.406088
0.410658
0.415206
0.419509
0.423332
0.426455
0.428664
0.429849
0.391577
0.389342
0.387952
0.387324
0.387438
0.388202
0.389599
0.391588
0.39415
0.397245
0.400824
0.404809
0.409086
0.413508
0.417894
0.422035
0.425708
0.428705
0.430823
0.431951
0.393635
0.391743
0.390412
0.389944
0.390173
0.39105
0.392535
0.394585
0.397174
0.400258
0.403786
0.407682
0.411838
0.416116
0.420345
0.424329
0.427857
0.430732
0.432762
0.433836
0.395445
0.393915
0.392655
0.39235
0.392693
0.393679
0.395247
0.397352
0.399961
0.403031
0.406506
0.410314
0.414353
0.418491
0.422568
0.4264
0.429789
0.432547
0.434494
0.435517
0.397028
0.395864
0.394691
0.394548
0.395007
0.396097
0.397741
0.399895
0.402522
0.405574
0.408997
0.412718
0.416642
0.420644
0.424575
0.42826
0.431515
0.434162
0.436029
0.437005
0.398402
0.397601
0.39653
0.396548
0.397121
0.398312
0.400027
0.402226
0.404865
0.407898
0.411267
0.414905
0.418717
0.422588
0.426378
0.429924
0.43305
0.435589
0.437381
0.438313
0.399584
0.399134
0.398181
0.398359
0.399046
0.400332
0.402115
0.404353
0.407002
0.410013
0.41333
0.416886
0.420591
0.424337
0.427991
0.431403
0.434406
0.436843
0.438561
0.439453
0.400596
0.400473
0.399657
0.399989
0.400789
0.402167
0.404012
0.406287
0.408943
0.411932
0.415198
0.418674
0.422276
0.425901
0.429427
0.43271
0.435596
0.437934
0.439583
0.440437
0.401453
0.401628
0.400967
0.401449
0.402363
0.403827
0.405731
0.408038
0.4107
0.413666
0.416881
0.420281
0.423785
0.427296
0.430699
0.433859
0.436632
0.438877
0.44046
0.441278
0.402174
0.402611
0.402125
0.402751
0.403776
0.405323
0.407282
0.409618
0.412282
0.415225
0.418393
0.42172
0.425131
0.428533
0.431818
0.434862
0.437528
0.439684
0.441203
0.441988
0.402775
0.403434
0.403141
0.403905
0.405039
0.406664
0.408673
0.411036
0.413701
0.416622
0.419744
0.423003
0.426325
0.429624
0.432799
0.435731
0.438295
0.440366
0.441824
0.442578
0.40327
0.404109
0.404026
0.404922
0.406164
0.407861
0.409917
0.412302
0.414969
0.417868
0.420946
0.42414
0.42738
0.430582
0.433651
0.436478
0.438945
0.440934
0.442334
0.443058
0.403671
0.404649
0.404794
0.405813
0.407159
0.408923
0.411021
0.413427
0.416094
0.418973
0.422011
0.425144
0.428306
0.431417
0.434387
0.437115
0.439489
0.4414
0.442744
0.44344
0.403989
0.405068
0.405453
0.40659
0.408033
0.409858
0.411995
0.41442
0.417087
0.419947
0.422947
0.426025
0.429114
0.43214
0.435017
0.43765
0.439936
0.441773
0.443063
0.443731
0.404234
0.405381
0.406014
0.407261
0.408795
0.410674
0.412847
0.415289
0.417956
0.4208
0.423766
0.426792
0.429815
0.432761
0.43555
0.438094
0.440297
0.442062
0.443301
0.443942
0.404412
0.405604
0.406486
0.407833
0.409449
0.411377
0.413583
0.416042
0.41871
0.42154
0.424475
0.427455
0.430416
0.433288
0.435996
0.438456
0.440578
0.442276
0.443465
0.444081
0.404526
0.405751
0.406875
0.408315
0.410003
0.411976
0.414213
0.416687
0.419358
0.422176
0.425084
0.428022
0.430927
0.433731
0.436363
0.438743
0.44079
0.442423
0.443563
0.444154
0.404581
0.405843
0.407191
0.408715
0.410468
0.412481
0.414747
0.417237
0.419912
0.422721
0.425604
0.428504
0.431357
0.434099
0.436658
0.438964
0.440939
0.442509
0.443603
0.444169
0.404585
0.405895
0.407436
0.409036
0.410846
0.412898
0.41519
0.417697
0.420377
0.423177
0.42604
0.428906
0.431713
0.434397
0.43689
0.439125
0.441031
0.442541
0.44359
0.444131
0.404521
0.405872
0.40756
0.409228
0.411086
0.413173
0.415492
0.418018
0.420708
0.423509
0.426361
0.429205
0.431977
0.434614
0.437051
0.439224
0.441069
0.442523
0.443529
0.444046
0.404261
0.40569
0.407501
0.409244
0.411147
0.413268
0.415615
0.418164
0.420873
0.423685
0.426541
0.429378
0.432132
0.434738
0.437134
0.439258
0.441051
0.442456
0.443425
0.44392
0.40382
0.405628
0.407653
0.409553
0.411552
0.413729
0.416103
0.418657
0.421351
0.424133
0.426945
0.429727
0.432416
0.43495
0.437268
0.439314
0.441033
0.442376
0.443297
0.443766
0.403907
0.407129
0.409898
0.412476
0.414966
0.417444
0.419939
0.422451
0.424963
0.427446
0.429868
0.432194
0.43439
0.436423
0.438262
0.439873
0.441222
0.442275
0.442999
0.443366
0.404862
0.40777
0.410559
0.413262
0.415865
0.418426
0.420968
0.423484
0.425956
0.428353
0.430646
0.432801
0.434788
0.436583
0.438164
0.439515
0.440618
0.441461
0.442031
0.442318
0.40612
0.408742
0.411456
0.414159
0.41676
0.419303
0.421803
0.424247
0.426615
0.428878
0.431008
0.432974
0.434753
0.436325
0.437676
0.438801
0.439696
0.440364
0.440808
0.441028
0.407449
0.409873
0.412523
0.415203
0.417775
0.42027
0.422694
0.42503
0.427257
0.429348
0.431277
0.433022
0.434563
0.435891
0.437001
0.437898
0.438591
0.439093
0.439418
0.439578
0.408614
0.410877
0.413433
0.416048
0.418556
0.420977
0.423307
0.425526
0.42761
0.429533
0.431273
0.432809
0.434131
0.435233
0.436122
0.436811
0.43732
0.437673
0.437892
0.437997
0.409542
0.411678
0.414129
0.416658
0.419085
0.421419
0.423648
0.425749
0.427696
0.429462
0.431027
0.432374
0.433495
0.434393
0.43508
0.435577
0.435916
0.436128
0.436247
0.4363
0.410195
0.412247
0.414607
0.417052
0.4194
0.421649
0.423782
0.425773
0.427593
0.429215
0.43062
0.431791
0.432726
0.433431
0.433924
0.434236
0.434405
0.434476
0.434494
0.434493
0.410554
0.412566
0.414858
0.417233
0.419513
0.42169
0.423741
0.425636
0.427344
0.428838
0.430097
0.431108
0.431868
0.432387
0.432688
0.43281
0.432803
0.432724
0.43263
0.43257
0.410619
0.412633
0.414885
0.417206
0.419436
0.421557
0.423543
0.42536
0.426975
0.428359
0.429491
0.430355
0.430949
0.431286
0.431393
0.431316
0.431117
0.430868
0.430645
0.430516
0.410395
0.412459
0.414701
0.416988
0.419187
0.421271
0.423211
0.424969
0.426511
0.427804
0.428825
0.429557
0.429994
0.43015
0.430055
0.429762
0.429344
0.428894
0.428513
0.428296
0.409896
0.412066
0.414334
0.416605
0.41879
0.420857
0.422769
0.424487
0.425974
0.427196
0.428124
0.428735
0.429023
0.428997
0.428686
0.428149
0.427474
0.426775
0.426189
0.425854
0.409151
0.411496
0.413827
0.416097
0.418284
0.420348
0.422247
0.423942
0.425392
0.42656
0.427409
0.427913
0.428057
0.427843
0.427297
0.426479
0.425487
0.424465
0.423598
0.423096
0.408226
0.410822
0.413246
0.415527
0.417726
0.419797
0.421695
0.423379
0.424805
0.425931
0.426715
0.427122
0.427125
0.426714
0.425904
0.42475
0.423358
0.421897
0.420619
0.419854
0.407249
0.410164
0.412694
0.414992
0.417209
0.419293
0.421195
0.422874
0.424285
0.42538
0.426109
0.426424
0.426284
0.425658
0.424543
0.422977
0.421057
0.418973
0.417053
0.415843
0.406438
0.40969
0.412311
0.414634
0.416875
0.418976
0.420888
0.42257
0.423975
0.425047
0.425729
0.425957
0.425667
0.424802
0.423323
0.421231
0.418599
0.415592
0.4126
0.410548
0.406089
0.409603
0.412268
0.414636
0.416916
0.419049
0.42099
0.422698
0.424121
0.425198
0.425857
0.426017
0.425584
0.424457
0.422543
0.419779
0.416164
0.411749
0.406838
0.403001
0.406478
0.410078
0.412722
0.415173
0.417525
0.419731
0.421751
0.423542
0.425051
0.426207
0.426927
0.427101
0.426597
0.425248
0.422864
0.419258
0.414271
0.407664
0.399237
0.391242
0.407696
0.411144
0.413734
0.416313
0.418786
0.421133
0.423316
0.425294
0.427012
0.428399
0.429358
0.42976
0.429423
0.428092
0.425408
0.420925
0.41418
0.404524
0.390371
0.371932
0.409574
0.41276
0.415355
0.418111
0.420782
0.423374
0.42585
0.428178
0.430316
0.432207
0.43377
0.434894
0.435407
0.435015
0.433193
0.429242
0.42262
0.412034
0.389625
0.33891
0.412108
0.415024
0.417777
0.420793
0.423798
0.426804
0.429785
0.432735
0.435652
0.438535
0.441389
0.444226
0.447055
0.449775
0.452011
0.453505
0.455086
0.452761
0.407629
0.242213
0.400111
0.401179
0.40207
0.403425
0.404703
0.405845
0.406763
0.407407
0.407827
0.408024
0.408055
0.407998
0.407945
0.407999
0.408251
0.408766
0.409517
0.410435
0.411076
0.412351
0.398184
0.399966
0.400928
0.402434
0.403785
0.404989
0.405951
0.406639
0.407106
0.407357
0.40746
0.407497
0.40756
0.407748
0.40814
0.40878
0.409601
0.41053
0.411022
0.412158
0.396624
0.399286
0.400407
0.402086
0.403477
0.404687
0.405621
0.406286
0.406718
0.406937
0.407009
0.40701
0.407026
0.407149
0.407459
0.408016
0.40877
0.409698
0.410264
0.411537
0.395274
0.398624
0.399846
0.401684
0.403114
0.404337
0.405254
0.4059
0.406306
0.4065
0.406547
0.406517
0.406489
0.406552
0.406786
0.407259
0.407935
0.408833
0.409447
0.41082
0.394008
0.397912
0.39919
0.401175
0.402647
0.403893
0.404806
0.405445
0.405836
0.406017
0.406049
0.406001
0.40595
0.405979
0.406167
0.406588
0.407211
0.408079
0.408705
0.410112
0.392823
0.397206
0.398523
0.400643
0.402154
0.403423
0.404337
0.404968
0.405345
0.405513
0.405531
0.405466
0.405393
0.405394
0.405546
0.405927
0.40651
0.407353
0.407982
0.409394
0.391718
0.396515
0.397871
0.400109
0.401656
0.402944
0.403861
0.404483
0.404846
0.404999
0.405
0.404916
0.40482
0.404792
0.404911
0.405255
0.4058
0.406618
0.407247
0.408652
0.390682
0.395828
0.397228
0.39957
0.401146
0.402453
0.403373
0.403986
0.404335
0.404473
0.404457
0.404352
0.404233
0.404179
0.404266
0.404575
0.405085
0.405877
0.406501
0.407889
0.389704
0.395139
0.396594
0.399025
0.400621
0.401953
0.402872
0.403478
0.403813
0.403935
0.403901
0.403777
0.403635
0.403555
0.403614
0.403892
0.40437
0.405135
0.405751
0.40711
0.388772
0.394454
0.39596
0.398472
0.400094
0.401442
0.402361
0.40296
0.403282
0.403388
0.403335
0.403191
0.403027
0.402924
0.402958
0.403207
0.403655
0.404394
0.404998
0.406321
0.387893
0.393778
0.395324
0.397915
0.399564
0.400922
0.401842
0.402434
0.402743
0.402832
0.402761
0.402596
0.402412
0.402287
0.402297
0.40252
0.402942
0.403653
0.404244
0.405524
0.387114
0.39299
0.394743
0.397356
0.399031
0.400397
0.401316
0.401902
0.402197
0.40227
0.402181
0.401996
0.40179
0.401645
0.401634
0.401833
0.402229
0.402913
0.403488
0.404724
0.386359
0.392213
0.394154
0.396791
0.398495
0.399869
0.400787
0.401365
0.401648
0.401704
0.401596
0.401392
0.401166
0.401
0.400969
0.401145
0.401519
0.402175
0.402733
0.403921
0.385632
0.391439
0.393561
0.396222
0.397958
0.399338
0.400256
0.400827
0.401098
0.401137
0.40101
0.400785
0.400539
0.400354
0.400304
0.40046
0.40081
0.401439
0.40198
0.403119
0.384938
0.39065
0.392968
0.395648
0.39742
0.398808
0.399726
0.400289
0.400548
0.40057
0.400424
0.400179
0.399913
0.399709
0.39964
0.399776
0.400105
0.400707
0.40123
0.40232
0.384275
0.389844
0.392375
0.39507
0.396883
0.398278
0.399198
0.399754
0.400001
0.400006
0.39984
0.399575
0.399289
0.399066
0.398979
0.399096
0.399404
0.39998
0.400483
0.401526
0.38364
0.389024
0.39178
0.394489
0.396347
0.397751
0.398674
0.399224
0.399459
0.399448
0.399262
0.398976
0.39867
0.398427
0.398322
0.39842
0.398708
0.399257
0.399742
0.400738
0.383027
0.388189
0.391184
0.393904
0.395813
0.397227
0.398157
0.398702
0.398925
0.398898
0.398691
0.398384
0.398056
0.397794
0.39767
0.397749
0.398017
0.398541
0.399006
0.399958
0.382433
0.38734
0.390587
0.393317
0.395282
0.39671
0.397648
0.398189
0.398401
0.398357
0.39813
0.3978
0.397451
0.397168
0.397025
0.397085
0.397333
0.397832
0.398278
0.399187
0.381854
0.386475
0.389987
0.392728
0.394754
0.396199
0.397149
0.397687
0.39789
0.397829
0.397581
0.397228
0.396856
0.396552
0.396388
0.396428
0.396656
0.397131
0.397557
0.398428
0.381285
0.385595
0.389384
0.392137
0.394231
0.395696
0.396661
0.397198
0.397392
0.397315
0.397045
0.396669
0.396273
0.395946
0.395761
0.39578
0.395989
0.39644
0.396851
0.397677
0.380722
0.384698
0.388779
0.391544
0.393714
0.395203
0.396186
0.396725
0.396911
0.396818
0.396526
0.396125
0.395703
0.395351
0.395144
0.395141
0.39533
0.395758
0.396154
0.39694
0.380158
0.383785
0.38817
0.390951
0.393202
0.39472
0.395726
0.396269
0.396449
0.396339
0.396026
0.395598
0.395148
0.394769
0.394537
0.394512
0.39468
0.395086
0.395467
0.396219
0.379588
0.382853
0.387556
0.390356
0.392697
0.394249
0.395281
0.395832
0.396007
0.395882
0.395545
0.395089
0.39461
0.394202
0.393943
0.393893
0.394041
0.394425
0.394794
0.395514
0.379004
0.381901
0.386935
0.389759
0.392198
0.39379
0.394853
0.395415
0.395587
0.395448
0.395088
0.394602
0.39409
0.39365
0.393361
0.393286
0.393412
0.393778
0.394135
0.394825
0.378398
0.380929
0.386303
0.389161
0.391704
0.393343
0.394443
0.395019
0.395191
0.395038
0.394654
0.394137
0.393589
0.393114
0.392793
0.392691
0.392796
0.393143
0.393491
0.394154
0.377762
0.379937
0.385659
0.388561
0.391216
0.39291
0.39405
0.394645
0.394819
0.394654
0.394245
0.393695
0.39311
0.392596
0.39224
0.392108
0.392191
0.392522
0.392865
0.393503
0.377086
0.378924
0.384998
0.387958
0.390732
0.392489
0.393677
0.394294
0.394474
0.394297
0.393864
0.39328
0.392653
0.392097
0.391701
0.391537
0.391599
0.391915
0.392257
0.392874
0.376359
0.377892
0.384316
0.387353
0.390252
0.392081
0.393321
0.393967
0.394155
0.393969
0.393512
0.39289
0.39222
0.391617
0.391178
0.39098
0.39102
0.391324
0.391669
0.392269
0.375567
0.376841
0.383608
0.386744
0.389776
0.391686
0.392984
0.393663
0.393863
0.39367
0.393189
0.39253
0.391811
0.391157
0.390671
0.390435
0.390453
0.390749
0.391102
0.39169
0.374696
0.375776
0.382869
0.386132
0.3893
0.391302
0.392665
0.393382
0.393599
0.393401
0.392897
0.392198
0.391429
0.390719
0.390181
0.389903
0.389899
0.390191
0.39056
0.39114
0.373728
0.374701
0.382096
0.385515
0.388824
0.390927
0.392362
0.393124
0.393362
0.393164
0.392638
0.391898
0.391074
0.390302
0.389706
0.389384
0.389358
0.389649
0.390043
0.390624
0.372642
0.373621
0.381282
0.384892
0.388344
0.39056
0.392073
0.392888
0.393152
0.392957
0.392411
0.39163
0.390748
0.389909
0.389249
0.388877
0.388829
0.389126
0.389554
0.390147
0.371409
0.372542
0.380425
0.38426
0.387857
0.390198
0.391797
0.392672
0.392969
0.392782
0.392219
0.391396
0.390452
0.38954
0.388808
0.388382
0.388311
0.38862
0.389096
0.389714
0.369995
0.371465
0.379516
0.383612
0.387359
0.389836
0.39153
0.392474
0.392812
0.392638
0.39206
0.391197
0.390189
0.389198
0.388386
0.3879
0.387805
0.388133
0.388672
0.389333
0.368382
0.370392
0.378554
0.382941
0.386843
0.389468
0.391268
0.39229
0.392676
0.392523
0.391936
0.391035
0.389962
0.388887
0.387989
0.387435
0.387316
0.38767
0.388288
0.389014
0.366593
0.369343
0.377556
0.382258
0.38632
0.389106
0.39102
0.392128
0.392571
0.392443
0.391851
0.390911
0.389769
0.388602
0.387607
0.386977
0.386832
0.387224
0.387943
0.388767
0.364585
0.368289
0.376521
0.381578
0.38582
0.388782
0.39082
0.39202
0.392519
0.392415
0.391809
0.390817
0.389585
0.388298
0.387175
0.386448
0.386277
0.386734
0.387608
0.388596
0.36189
0.366942
0.375247
0.380748
0.385229
0.388408
0.390598
0.39191
0.392479
0.392406
0.391791
0.390745
0.389412
0.387986
0.386709
0.385854
0.385638
0.386174
0.387259
0.388511
0.358273
0.365086
0.373438
0.379362
0.384095
0.387527
0.389927
0.391422
0.392149
0.392215
0.391724
0.390789
0.38955
0.388193
0.386953
0.386092
0.385835
0.386309
0.387371
0.388678
0.353167
0.362033
0.369574
0.375583
0.380479
0.384315
0.387208
0.389266
0.390609
0.391361
0.391655
0.391633
0.39144
0.391213
0.391063
0.391041
0.391106
0.391107
0.390854
0.390347
0.355967
0.363858
0.370761
0.376471
0.381139
0.384812
0.387568
0.389498
0.390702
0.39129
0.391383
0.391116
0.390634
0.3901
0.389663
0.389432
0.389421
0.38953
0.389576
0.389421
0.358375
0.365643
0.37202
0.377405
0.381843
0.385353
0.387985
0.38981
0.39091
0.391379
0.391329
0.390889
0.390204
0.389434
0.388734
0.388232
0.387991
0.387994
0.388128
0.388224
0.360201
0.366903
0.372876
0.378005
0.382283
0.385701
0.388283
0.390077
0.391148
0.391583
0.391488
0.390995
0.390254
0.389427
0.388667
0.388095
0.387772
0.387673
0.387689
0.387678
0.36192
0.368197
0.373853
0.378772
0.382918
0.386259
0.388797
0.390556
0.391589
0.391973
0.391817
0.391255
0.390446
0.38956
0.388757
0.388158
0.387816
0.387692
0.387641
0.387509
0.363598
0.369569
0.374983
0.379734
0.383773
0.387049
0.38954
0.391256
0.392232
0.392542
0.392293
0.391628
0.39072
0.389748
0.388882
0.388245
0.38789
0.387764
0.387699
0.387503
0.365214
0.370973
0.37621
0.380837
0.384798
0.388026
0.390479
0.392148
0.393054
0.393265
0.392892
0.392091
0.391054
0.389979
0.389049
0.388392
0.388054
0.387968
0.387928
0.387696
0.366789
0.372404
0.377519
0.382064
0.385981
0.389183
0.391608
0.393226
0.394046
0.394126
0.393587
0.392604
0.391397
0.390198
0.389212
0.388579
0.388335
0.388378
0.388436
0.3882
0.368336
0.37386
0.378903
0.38341
0.387316
0.390517
0.392928
0.394495
0.395207
0.395116
0.394351
0.39312
0.391687
0.390333
0.389307
0.38877
0.388744
0.389068
0.389352
0.389163
0.369852
0.375331
0.38035
0.384863
0.388798
0.392029
0.394445
0.395961
0.396542
0.396229
0.395164
0.393597
0.39186
0.390314
0.38928
0.388955
0.389349
0.3902
0.390913
0.390844
0.371327
0.376802
0.381843
0.386411
0.390419
0.39372
0.396168
0.397643
0.398072
0.39748
0.396021
0.394006
0.391869
0.390089
0.389109
0.389193
0.390327
0.392093
0.393552
0.393706
0.372746
0.378252
0.383362
0.388036
0.392171
0.395593
0.398119
0.399576
0.399844
0.398916
0.396962
0.394366
0.391708
0.389673
0.388866
0.389669
0.392047
0.395332
0.398027
0.398542
0.374088
0.37966
0.384884
0.389719
0.394043
0.397655
0.400325
0.401817
0.401944
0.40065
0.398114
0.39482
0.391551
0.389262
0.388829
0.390824
0.3952
0.400927
0.405608
0.406668
0.375332
0.380999
0.386383
0.391435
0.396021
0.399911
0.402825
0.404453
0.404518
0.402896
0.399763
0.395721
0.391821
0.389389
0.389664
0.39354
0.401001
0.410538
0.418363
0.42023
0.376456
0.382243
0.387825
0.393152
0.398077
0.402354
0.405654
0.407587
0.407776
0.406
0.402417
0.397759
0.393379
0.391059
0.392627
0.399344
0.411377
0.426713
0.439542
0.442703
0.37744
0.383362
0.389171
0.394819
0.400162
0.404946
0.408811
0.411301
0.411936
0.410392
0.406785
0.401959
0.397598
0.39602
0.399691
0.410496
0.42902
0.452984
0.474012
0.47981
0.378262
0.384324
0.390373
0.396369
0.402185
0.407582
0.412201
0.415548
0.417073
0.416364
0.413487
0.409362
0.405972
0.406182
0.413144
0.429608
0.456951
0.493458
0.528566
0.541641
0.378903
0.385095
0.39137
0.397704
0.404
0.410058
0.415552
0.420003
0.422848
0.423635
0.422396
0.420093
0.418936
0.422285
0.433994
0.457845
0.496629
0.550851
0.611183
0.647374
0.379344
0.385638
0.392093
0.398705
0.405408
0.412056
0.418377
0.423949
0.428255
0.430868
0.431831
0.432137
0.434149
0.441687
0.459429
0.492015
0.544932
0.623777
0.731035
0.836668
0.379566
0.385918
0.392475
0.399244
0.406187
0.413192
0.420032
0.426343
0.431665
0.435628
0.438331
0.440832
0.445643
0.457188
0.481672
0.525209
0.594367
0.707112
0.898668
1.1664
0.346721
0.35221
0.354069
0.356223
0.358213
0.360173
0.362035
0.363824
0.365532
0.367151
0.368667
0.370065
0.371329
0.372443
0.373396
0.37418
0.374793
0.375239
0.37553
0.37566
0.342903
0.349992
0.351838
0.354354
0.356526
0.358632
0.360595
0.362461
0.36422
0.365867
0.367392
0.368781
0.37002
0.371096
0.372
0.372729
0.373286
0.373679
0.373927
0.374022
0.340478
0.348501
0.350263
0.353038
0.355276
0.357428
0.359399
0.361258
0.362996
0.364614
0.366101
0.367446
0.36864
0.369669
0.370528
0.371215
0.371736
0.372098
0.372323
0.372397
0.33867
0.347126
0.348798
0.351775
0.354045
0.356228
0.358197
0.360043
0.361757
0.363342
0.36479
0.366093
0.367242
0.368227
0.369044
0.369693
0.370183
0.37052
0.370726
0.370783
0.33697
0.345622
0.347247
0.350411
0.352716
0.354942
0.35692
0.358765
0.360465
0.362027
0.363446
0.364715
0.365827
0.366774
0.367555
0.368172
0.368634
0.368948
0.369137
0.369179
0.335367
0.344047
0.345657
0.34899
0.351327
0.3536
0.355588
0.357438
0.359128
0.360674
0.36207
0.363309
0.36439
0.365306
0.366056
0.366646
0.367085
0.36738
0.367555
0.367586
0.33387
0.342438
0.344067
0.347539
0.349904
0.352221
0.354217
0.356074
0.357757
0.359288
0.360664
0.361879
0.362933
0.363823
0.364547
0.365114
0.365535
0.365815
0.365981
0.366003
0.332432
0.340772
0.342518
0.346062
0.348443
0.350807
0.352809
0.354676
0.356353
0.357873
0.359232
0.360425
0.361459
0.362326
0.363029
0.363579
0.363985
0.364255
0.364413
0.364429
0.331026
0.33908
0.340969
0.344569
0.346946
0.349362
0.351361
0.353245
0.354918
0.35643
0.357776
0.358952
0.359967
0.360817
0.361503
0.36204
0.362436
0.362697
0.362851
0.362864
0.329639
0.337382
0.339412
0.343012
0.345455
0.3479
0.349871
0.351783
0.353453
0.354961
0.356297
0.357459
0.358462
0.359298
0.359971
0.360498
0.360887
0.361144
0.361295
0.361307
0.328262
0.335675
0.337854
0.341442
0.343928
0.346366
0.348396
0.350299
0.351962
0.353469
0.354799
0.355949
0.356943
0.357769
0.358433
0.358955
0.359339
0.359594
0.359745
0.359758
0.326891
0.333961
0.336293
0.339861
0.342378
0.34482
0.346881
0.348781
0.350453
0.351957
0.353284
0.354422
0.355413
0.356233
0.35689
0.357409
0.357792
0.358048
0.3582
0.358217
0.325522
0.332244
0.334727
0.338266
0.340812
0.343259
0.345339
0.347243
0.348922
0.350425
0.351747
0.352889
0.353873
0.354691
0.355342
0.355863
0.356247
0.356505
0.35666
0.356683
0.324154
0.330531
0.333155
0.336659
0.33923
0.341682
0.343778
0.345686
0.347372
0.348876
0.350198
0.351342
0.352323
0.353139
0.353795
0.354316
0.354703
0.354966
0.355126
0.355154
0.322786
0.328823
0.331579
0.335042
0.337635
0.340089
0.342199
0.344112
0.345806
0.347312
0.348637
0.349784
0.350766
0.351583
0.352244
0.352769
0.353161
0.35343
0.353595
0.353633
0.321416
0.327125
0.329998
0.333417
0.336029
0.338484
0.340606
0.342524
0.344225
0.345737
0.347066
0.348217
0.349202
0.350024
0.350691
0.351221
0.35162
0.351897
0.352069
0.352117
0.320044
0.325439
0.328412
0.331788
0.334413
0.336868
0.338999
0.340924
0.342633
0.34415
0.345486
0.346642
0.347633
0.348461
0.349136
0.349674
0.350081
0.350367
0.350547
0.350605
0.318667
0.323768
0.326823
0.330155
0.33279
0.335244
0.337383
0.339313
0.34103
0.342555
0.343897
0.345061
0.346059
0.346896
0.34758
0.348128
0.348544
0.34884
0.349028
0.349098
0.317282
0.322112
0.32523
0.328521
0.331162
0.333613
0.335758
0.337694
0.339419
0.340951
0.342302
0.343475
0.344482
0.345329
0.346024
0.346582
0.347008
0.347316
0.347513
0.347595
0.315883
0.320474
0.323634
0.326887
0.329529
0.331976
0.334126
0.336067
0.3378
0.339341
0.340701
0.341884
0.342901
0.34376
0.344467
0.345036
0.345475
0.345793
0.346
0.346096
0.242186
0.249244
0.253509
0.257789
0.261594
0.264941
0.267859
0.270375
0.27252
0.274328
0.27583
0.277058
0.278041
0.278808
0.279381
0.279771
0.279986
0.280091
0.279666
0.276537
0.239631
0.247203
0.251685
0.256145
0.26007
0.263489
0.266442
0.26896
0.27108
0.272837
0.274264
0.275389
0.276239
0.276831
0.277169
0.277238
0.277027
0.276492
0.274912
0.271178
0.237047
0.245153
0.249854
0.25449
0.258531
0.262016
0.264997
0.267512
0.2696
0.2713
0.272646
0.273667
0.274385
0.274815
0.274955
0.274791
0.274322
0.273509
0.271711
0.268521
0.234459
0.24311
0.248026
0.252835
0.256985
0.26053
0.263532
0.266036
0.268087
0.269726
0.270989
0.271905
0.272499
0.272783
0.272759
0.27242
0.271781
0.270815
0.268995
0.266283
0.231887
0.241088
0.246214
0.251188
0.255439
0.259036
0.262053
0.26454
0.266548
0.268122
0.269301
0.270116
0.270593
0.270748
0.270589
0.270118
0.269365
0.268318
0.266546
0.264212
0.229355
0.239102
0.24443
0.249561
0.253904
0.257545
0.260568
0.263032
0.264993
0.2665
0.267594
0.268312
0.26868
0.268721
0.268449
0.267878
0.267047
0.265958
0.264255
0.26221
0.226887
0.23717
0.24269
0.247966
0.252391
0.256066
0.259088
0.261523
0.263433
0.26487
0.265881
0.266504
0.266772
0.266712
0.266344
0.265691
0.264801
0.263684
0.262042
0.260204
0.22451
0.235312
0.24101
0.246418
0.250913
0.254611
0.257624
0.260025
0.261879
0.263246
0.264174
0.264707
0.264881
0.264728
0.264276
0.263553
0.262612
0.261465
0.259867
0.258169
0.222252
0.233548
0.239407
0.244931
0.249483
0.253195
0.256191
0.25855
0.260347
0.261642
0.262489
0.262935
0.263021
0.262783
0.262253
0.261466
0.260473
0.259291
0.257718
0.256106
0.220143
0.231901
0.237902
0.243524
0.248117
0.251833
0.254803
0.257116
0.258851
0.260073
0.260841
0.261204
0.261206
0.260888
0.260285
0.259435
0.258388
0.257161
0.255593
0.254024
0.218213
0.230393
0.236513
0.242213
0.246834
0.25054
0.253477
0.255739
0.25741
0.25856
0.25925
0.259532
0.259454
0.259059
0.258385
0.257471
0.256365
0.255084
0.253504
0.25194
0.216494
0.229047
0.235262
0.241019
0.245651
0.249337
0.252233
0.25444
0.256045
0.257122
0.257735
0.257939
0.257784
0.257314
0.256569
0.255588
0.254417
0.253073
0.251464
0.249874
0.21502
0.22789
0.234173
0.239962
0.244589
0.248244
0.251091
0.253238
0.254776
0.25578
0.256318
0.256447
0.256216
0.255673
0.254856
0.253806
0.252564
0.251148
0.249494
0.247852
0.213822
0.226946
0.233267
0.239066
0.24367
0.247282
0.250074
0.252157
0.253626
0.254559
0.255023
0.255077
0.254773
0.254156
0.253267
0.252144
0.250826
0.249331
0.247619
0.245904
0.212933
0.22624
0.23257
0.238353
0.242916
0.246474
0.249204
0.251221
0.25262
0.253481
0.253873
0.253855
0.253478
0.252788
0.251826
0.250626
0.249227
0.247647
0.245864
0.24406
0.212382
0.225797
0.232103
0.237845
0.242352
0.245845
0.248507
0.250453
0.251782
0.252573
0.252894
0.252805
0.252357
0.251594
0.250556
0.249277
0.247793
0.246123
0.24426
0.242353
0.212196
0.225642
0.231892
0.237568
0.242001
0.245419
0.248006
0.24988
0.251138
0.251859
0.252111
0.251952
0.251433
0.250597
0.249482
0.248123
0.246551
0.244786
0.242835
0.240816
0.21241
0.225809
0.231968
0.23755
0.241892
0.245223
0.247731
0.249529
0.250714
0.251365
0.251549
0.251321
0.250732
0.249823
0.24863
0.247188
0.245526
0.243664
0.241618
0.239481
0.21305
0.226331
0.232366
0.237826
0.242056
0.245289
0.247709
0.249427
0.250539
0.25112
0.251235
0.250939
0.250279
0.249296
0.248025
0.246499
0.244745
0.242784
0.240638
0.23838
0.214003
0.227147
0.233041
0.238366
0.242478
0.24561
0.247941
0.249581
0.250621
0.251135
0.251184
0.250822
0.250092
0.249036
0.247687
0.246076
0.24423
0.242171
0.239921
0.237541
0.214955
0.228023
0.233821
0.23904
0.243058
0.246109
0.24837
0.249949
0.250933
0.251391
0.251385
0.250964
0.250173
0.249049
0.247625
0.245933
0.243998
0.241842
0.239488
0.23699
0.216734
0.229553
0.235168
0.240216
0.244094
0.24703
0.249198
0.250697
0.251609
0.252002
0.251931
0.251445
0.250585
0.249388
0.247886
0.246109
0.244083
0.241829
0.239369
0.236754
0.219144
0.231574
0.236955
0.241793
0.245506
0.248313
0.250375
0.251787
0.252624
0.252948
0.252811
0.252258
0.251327
0.250056
0.248476
0.246614
0.244497
0.242145
0.23958
0.236854
0.222087
0.234021
0.239137
0.243744
0.247278
0.249947
0.2519
0.253224
0.253984
0.254238
0.254034
0.253412
0.252411
0.251066
0.249406
0.247461
0.245254
0.242807
0.240137
0.237306
0.225572
0.236914
0.241736
0.246087
0.249429
0.251952
0.253792
0.255023
0.255705
0.255887
0.255612
0.254921
0.253848
0.252428
0.25069
0.248661
0.246367
0.243825
0.241054
0.238125
0.229613
0.240271
0.244766
0.248839
0.251975
0.254343
0.256063
0.257197
0.257796
0.257903
0.257556
0.256792
0.255646
0.25415
0.252334
0.250222
0.247842
0.24521
0.24234
0.239322
0.234212
0.244095
0.248237
0.252008
0.254923
0.257128
0.258721
0.259754
0.260265
0.260292
0.259869
0.25903
0.257809
0.256237
0.254342
0.25215
0.249686
0.246966
0.244002
0.240905
0.239363
0.248388
0.252149
0.255598
0.258279
0.26031
0.26177
0.262694
0.263113
0.263055
0.262552
0.261636
0.260338
0.258688
0.256715
0.254443
0.251899
0.249094
0.246042
0.242879
0.245055
0.253145
0.256501
0.259607
0.262041
0.26389
0.265209
0.266019
0.266338
0.26619
0.265603
0.264606
0.263229
0.261501
0.259449
0.2571
0.254478
0.251593
0.24846
0.245244
0.251274
0.258357
0.261285
0.264032
0.266206
0.267863
0.269033
0.26972
0.269934
0.26969
0.269014
0.267933
0.266475
0.264668
0.262538
0.260113
0.257416
0.254457
0.25125
0.247996
0.257998
0.264009
0.266491
0.268861
0.270765
0.272221
0.273233
0.273789
0.273889
0.273545
0.272776
0.271607
0.270065
0.268177
0.26597
0.26347
0.260703
0.257673
0.254403
0.251131
0.2652
0.270081
0.272101
0.274081
0.275703
0.276948
0.277793
0.278211
0.278191
0.277739
0.276873
0.275613
0.273985
0.272015
0.269729
0.267157
0.264322
0.261226
0.257902
0.254631
0.272846
0.276549
0.278093
0.279672
0.281002
0.282026
0.282695
0.282966
0.28282
0.282256
0.281287
0.279933
0.278216
0.276162
0.273799
0.271155
0.268254
0.265095
0.261725
0.258479
0.280897
0.283383
0.284442
0.285608
0.286637
0.287432
0.287916
0.288033
0.287753
0.287073
0.285998
0.284546
0.282738
0.280599
0.278157
0.27544
0.272473
0.269251
0.265841
0.262643
0.28931
0.290549
0.291115
0.291861
0.29258
0.293137
0.293429
0.293384
0.292967
0.292164
0.290981
0.289428
0.287528
0.285303
0.28278
0.279988
0.276949
0.273658
0.270207
0.267083
0.298035
0.298009
0.298077
0.298396
0.298799
0.299111
0.299203
0.298991
0.298431
0.297504
0.296209
0.294556
0.292563
0.290251
0.287645
0.284772
0.281653
0.278278
0.274768
0.271728
0.30702
0.305719
0.305288
0.305178
0.305259
0.305319
0.305205
0.304821
0.304114
0.303061
0.301654
0.299902
0.297818
0.295422
0.29273
0.289769
0.286559
0.283077
0.279462
0.276464
0.316211
0.313638
0.312709
0.312166
0.31192
0.311722
0.311398
0.310838
0.309983
0.308802
0.307286
0.305439
0.30327
0.300793
0.298017
0.294962
0.291644
0.288007
0.284143
0.281053
0.325547
0.321714
0.320291
0.319315
0.31874
0.318281
0.317742
0.317004
0.315999
0.314693
0.313073
0.311138
0.308896
0.306349
0.303498
0.30035
0.296898
0.292982
0.288498
0.284952
0.334932
0.329877
0.327976
0.326575
0.325672
0.324951
0.324196
0.323279
0.322126
0.320698
0.31898
0.31697
0.314671
0.312081
0.309193
0.306003
0.302471
0.298263
0.292936
0.288407
0.344269
0.338052
0.335705
0.333897
0.332674
0.331694
0.330723
0.329627
0.328328
0.326782
0.324974
0.322901
0.320566
0.31797
0.315112
0.312008
0.308651
0.304744
0.300046
0.297662
0.35382
0.346366
0.343531
0.341289
0.339729
0.338477
0.337283
0.336005
0.334558
0.332897
0.331006
0.32888
0.326524
0.323942
0.321142
0.318155
0.314997
0.311459
0.307535
0.305948
0.363327
0.354645
0.351327
0.348657
0.34676
0.345238
0.343822
0.342362
0.34077
0.339
0.337031
0.33486
0.33249
0.329929
0.327188
0.324303
0.321291
0.317986
0.314427
0.312919
0.372655
0.3628
0.359022
0.355939
0.353716
0.351928
0.350293
0.348656
0.346924
0.345047
0.343004
0.340792
0.338413
0.335874
0.333189
0.33039
0.327494
0.32435
0.320982
0.319437
0.381736
0.370781
0.366567
0.363088
0.360549
0.358503
0.356655
0.354845
0.352976
0.350997
0.348886
0.346635
0.344249
0.341732
0.339097
0.336372
0.333574
0.330556
0.327321
0.325734
0.390508
0.378534
0.373912
0.370057
0.367214
0.364918
0.362865
0.360887
0.358888
0.356812
0.354636
0.352351
0.349958
0.347463
0.344874
0.342218
0.339506
0.336597
0.333476
0.331861
0.398908
0.386007
0.381007
0.376799
0.373668
0.371134
0.368883
0.366746
0.364622
0.362455
0.360219
0.357904
0.355508
0.353034
0.350491
0.347899
0.345268
0.342463
0.339457
0.337831
0.406881
0.39315
0.387805
0.383271
0.37987
0.377111
0.374673
0.372385
0.370145
0.367894
0.365604
0.363263
0.360867
0.358417
0.35592
0.353392
0.350842
0.348142
0.345256
0.343633
0.414376
0.399919
0.394264
0.389432
0.385782
0.382814
0.380202
0.377774
0.375425
0.373098
0.370762
0.3684
0.366008
0.363586
0.361137
0.358676
0.356209
0.353616
0.350858
0.349247
0.421348
0.406273
0.400345
0.395248
0.391371
0.388212
0.38544
0.382884
0.380438
0.378043
0.375666
0.373291
0.370909
0.368519
0.366122
0.36373
0.361348
0.358867
0.356241
0.354651
0.427761
0.412178
0.406016
0.400686
0.396607
0.393275
0.390361
0.38769
0.385158
0.382705
0.380297
0.377915
0.375549
0.373195
0.370854
0.368536
0.366241
0.363875
0.361386
0.359821
0.433583
0.417603
0.411248
0.405719
0.401465
0.397982
0.394942
0.392172
0.389568
0.387067
0.384636
0.382254
0.379911
0.3776
0.375319
0.373076
0.370873
0.368623
0.366276
0.364744
0.438792
0.422526
0.416018
0.410327
0.405925
0.402313
0.399166
0.396313
0.393649
0.391113
0.388669
0.386295
0.383981
0.381717
0.379501
0.377338
0.375229
0.373098
0.370893
0.369399
0.443369
0.426927
0.420308
0.414491
0.409971
0.406253
0.403018
0.400099
0.397391
0.394831
0.392384
0.390027
0.387748
0.385537
0.38339
0.38131
0.379296
0.377285
0.375226
0.373774
0.447305
0.430795
0.424106
0.418201
0.413592
0.409793
0.406491
0.403523
0.400785
0.398214
0.395774
0.393442
0.391205
0.389052
0.386978
0.384983
0.383067
0.381176
0.379262
0.377858
0.450597
0.434124
0.427404
0.421449
0.416782
0.412927
0.409579
0.406578
0.403825
0.401256
0.398835
0.396537
0.394348
0.392258
0.390261
0.388354
0.386536
0.384764
0.382996
0.381643
0.45325
0.436913
0.430202
0.424233
0.419537
0.415652
0.412278
0.409264
0.406511
0.403957
0.401564
0.399309
0.397176
0.395155
0.393237
0.39142
0.389701
0.388047
0.386422
0.385126
0.455275
0.439168
0.432503
0.426555
0.42186
0.417969
0.414592
0.411581
0.408843
0.406317
0.403963
0.40176
0.399689
0.397741
0.395906
0.394181
0.392562
0.391024
0.38954
0.388305
0.456685
0.440898
0.434314
0.42842
0.423754
0.419882
0.416523
0.413534
0.410825
0.408338
0.406035
0.403891
0.40189
0.40002
0.398272
0.39664
0.395121
0.393698
0.392352
0.391183
0.457493
0.442107
0.435643
0.429838
0.42523
0.421401
0.41808
0.415131
0.412466
0.410031
0.407788
0.405712
0.403787
0.401999
0.40034
0.398804
0.397385
0.396074
0.394864
0.393764
0.45772
0.442808
0.436506
0.430827
0.426307
0.422546
0.419284
0.416392
0.413787
0.411416
0.409242
0.407241
0.405395
0.403694
0.402127
0.400686
0.399366
0.398166
0.397085
0.396058
0.45747
0.443066
0.436938
0.431403
0.426988
0.423311
0.420126
0.417307
0.414775
0.412479
0.410385
0.408467
0.406709
0.405099
0.403627
0.402285
0.401066
0.399974
0.399019
0.39807
0.456739
0.442883
0.436951
0.431583
0.427294
0.42372
0.420627
0.417897
0.415452
0.413245
0.411239
0.409413
0.407749
0.406234
0.40486
0.403618
0.402499
0.401513
0.40068
0.399814
0.455548
0.442282
0.43657
0.431391
0.427246
0.423793
0.420809
0.418182
0.415838
0.413729
0.411822
0.410094
0.408528
0.407112
0.405839
0.404697
0.403679
0.402797
0.402082
0.401302
0.453931
0.441292
0.435818
0.430848
0.426866
0.423549
0.420689
0.418178
0.415946
0.413946
0.412146
0.410523
0.409061
0.407749
0.406577
0.405538
0.40462
0.40384
0.403238
0.402548
0.451924
0.439942
0.434721
0.429978
0.426174
0.423008
0.420285
0.417903
0.415794
0.413912
0.412227
0.410715
0.409362
0.408156
0.40709
0.406154
0.405336
0.404657
0.404163
0.403567
0.449563
0.43826
0.433307
0.428804
0.425193
0.422192
0.419618
0.417376
0.415399
0.413645
0.412081
0.410686
0.409446
0.408351
0.407392
0.40656
0.405843
0.405262
0.404872
0.404373
0.446884
0.436278
0.431603
0.427352
0.423945
0.421121
0.418709
0.416616
0.414781
0.41316
0.411724
0.410451
0.409329
0.408348
0.407498
0.406771
0.406156
0.405671
0.405381
0.404981
0.443927
0.434027
0.429636
0.425647
0.422455
0.419819
0.417577
0.415644
0.413957
0.412477
0.411173
0.410028
0.409027
0.408162
0.407424
0.406803
0.406288
0.4059
0.405704
0.405406
0.440725
0.431535
0.427435
0.423714
0.420746
0.418306
0.416244
0.414477
0.412946
0.411611
0.410445
0.409431
0.408556
0.407809
0.407184
0.40667
0.406256
0.405963
0.405856
0.40566
0.437316
0.428834
0.425026
0.421579
0.418841
0.416605
0.414729
0.413134
0.411764
0.410579
0.409556
0.408677
0.40793
0.407304
0.406792
0.406386
0.406074
0.405873
0.405851
0.405758
0.433733
0.425952
0.422437
0.419266
0.416762
0.414735
0.413051
0.411633
0.410428
0.409398
0.408521
0.40778
0.407164
0.406661
0.406264
0.405965
0.405754
0.405645
0.405703
0.405711
0.430007
0.422916
0.419693
0.416799
0.414532
0.412718
0.411229
0.409991
0.408954
0.408082
0.407355
0.406755
0.406271
0.405892
0.405611
0.40542
0.405311
0.405292
0.405424
0.40553
0.426171
0.419752
0.416818
0.4142
0.412172
0.410571
0.409279
0.408224
0.407358
0.406648
0.406072
0.405616
0.405265
0.405011
0.404847
0.404765
0.404757
0.404827
0.405027
0.405228
0.422251
0.416485
0.413836
0.411492
0.409701
0.408314
0.407219
0.406348
0.405655
0.405108
0.404686
0.404373
0.404158
0.404031
0.403985
0.404013
0.404105
0.404263
0.404525
0.404814
0.418277
0.413139
0.410768
0.408694
0.407138
0.405964
0.405065
0.404378
0.403858
0.403475
0.403208
0.403041
0.402962
0.402963
0.403036
0.403174
0.403368
0.403614
0.403933
0.4043
0.414271
0.409736
0.407637
0.405826
0.404502
0.403537
0.402833
0.402329
0.401982
0.401763
0.401651
0.401629
0.401688
0.401817
0.402011
0.40226
0.402558
0.402895
0.403268
0.403702
0.410258
0.406295
0.404459
0.402906
0.401808
0.401048
0.400536
0.400214
0.400039
0.399983
0.400025
0.400149
0.400345
0.400605
0.40092
0.401283
0.401688
0.402121
0.402549
0.403034
0.406257
0.402835
0.401253
0.39995
0.399072
0.398513
0.39819
0.398046
0.398041
0.398146
0.39834
0.398609
0.398943
0.399333
0.399771
0.40025
0.400765
0.401299
0.401788
0.402289
0.402306
0.399385
0.398042
0.396977
0.39631
0.395946
0.395805
0.395835
0.395997
0.39626
0.396605
0.397018
0.397488
0.398008
0.398571
0.399172
0.399806
0.400464
0.401099
0.401657
0.398441
0.395974
0.394847
0.394002
0.393534
0.393355
0.39339
0.393589
0.393913
0.394331
0.394824
0.395378
0.395982
0.396631
0.397321
0.398051
0.398821
0.399695
0.400859
0.4019
0.394502
0.392513
0.391619
0.391001
0.390734
0.390741
0.390951
0.391317
0.3918
0.39237
0.393007
0.393698
0.394432
0.395203
0.396008
0.396844
0.397705
0.398653
0.399884
0.400831
0.390599
0.389078
0.38841
0.388011
0.387938
0.388124
0.388503
0.38903
0.389666
0.390384
0.391161
0.391984
0.392842
0.393727
0.394635
0.395561
0.396493
0.397483
0.398708
0.399556
0.386782
0.385698
0.385241
0.385048
0.385159
0.385514
0.386055
0.386736
0.38752
0.388379
0.389291
0.390241
0.391217
0.39221
0.393216
0.394225
0.395224
0.396264
0.39751
0.398319
0.383059
0.38238
0.38212
0.38212
0.382404
0.382919
0.383614
0.384442
0.385368
0.386362
0.387404
0.388475
0.389565
0.390662
0.39176
0.39285
0.393915
0.395009
0.396288
0.39709
0.379439
0.379131
0.379054
0.379233
0.379679
0.380346
0.381185
0.382154
0.383215
0.384339
0.385504
0.386693
0.38789
0.389087
0.390276
0.391444
0.392577
0.393727
0.395046
0.395863
0.375928
0.375958
0.376048
0.376394
0.376991
0.377799
0.378775
0.379877
0.381067
0.382316
0.383599
0.384899
0.386201
0.387494
0.38877
0.390017
0.391218
0.392427
0.393792
0.394639
0.372532
0.372864
0.373109
0.373608
0.374344
0.375285
0.376389
0.377616
0.378928
0.380295
0.381692
0.3831
0.384502
0.385888
0.38725
0.388574
0.389845
0.391115
0.392527
0.393418
0.369254
0.369856
0.37024
0.370879
0.371744
0.372808
0.374031
0.375375
0.376802
0.378282
0.379788
0.381298
0.382798
0.384274
0.385719
0.38712
0.388461
0.389793
0.391254
0.392202
0.366094
0.366934
0.367445
0.368211
0.369193
0.37037
0.371706
0.373159
0.374694
0.37628
0.377888
0.379498
0.381091
0.382655
0.384181
0.385658
0.387069
0.388463
0.389973
0.391002
0.363052
0.364102
0.364725
0.365605
0.366695
0.367976
0.369414
0.37097
0.372607
0.374292
0.375998
0.377702
0.379385
0.381034
0.382639
0.384189
0.38567
0.387124
0.388677
0.389756
0.360126
0.361358
0.362082
0.363065
0.364251
0.365627
0.36716
0.368812
0.370543
0.372322
0.374119
0.375913
0.377682
0.379412
0.381095
0.382717
0.384265
0.38578
0.387371
0.388492
0.357316
0.358704
0.359517
0.36059
0.361863
0.363324
0.364945
0.366684
0.368504
0.370371
0.372255
0.374132
0.375983
0.377792
0.379549
0.381241
0.382856
0.38443
0.386061
0.387242
0.354617
0.356139
0.357029
0.358182
0.359532
0.36107
0.362769
0.364589
0.366491
0.36844
0.370405
0.372362
0.374291
0.376175
0.378003
0.379763
0.381443
0.383075
0.384744
0.385994
0.352029
0.353662
0.354618
0.355841
0.357258
0.358865
0.360635
0.362528
0.364506
0.36653
0.368572
0.370604
0.372606
0.374561
0.376458
0.378283
0.380026
0.381714
0.38342
0.384744
0.349548
0.351271
0.352284
0.353565
0.355042
0.35671
0.358543
0.360502
0.362548
0.364643
0.366755
0.368857
0.370929
0.372952
0.374913
0.376802
0.378606
0.380348
0.382087
0.38349
0.347174
0.348965
0.350023
0.351353
0.352881
0.354604
0.356493
0.358511
0.360619
0.362778
0.364955
0.367123
0.369259
0.371346
0.37337
0.375319
0.377182
0.378976
0.380747
0.38223
0.344899
0.346735
0.34783
0.3492
0.350773
0.352543
0.354483
0.356554
0.358718
0.360935
0.363172
0.3654
0.367597
0.369744
0.371827
0.373834
0.375754
0.377598
0.379398
0.380964
0.342719
0.34457
0.345695
0.347099
0.34871
0.350523
0.352508
0.354627
0.356841
0.359111
0.361403
0.363688
0.365941
0.368145
0.370283
0.372345
0.37432
0.376212
0.37804
0.37969
0.340736
0.342533
0.343662
0.345081
0.346716
0.348559
0.350579
0.352738
0.354994
0.357311
0.359651
0.361986
0.364292
0.366547
0.368738
0.370852
0.37288
0.374817
0.37667
0.378406
0.339192
0.340808
0.341871
0.343253
0.344871
0.346713
0.348744
0.350922
0.353205
0.355553
0.35793
0.360306
0.362655
0.364956
0.367193
0.369355
0.371432
0.373413
0.375288
0.377109
0.337439
0.338951
0.339994
0.341371
0.342995
0.34485
0.346901
0.349104
0.351417
0.353799
0.356213
0.358629
0.361019
0.363363
0.365645
0.367852
0.369976
0.371998
0.373893
0.375799
0.33565
0.337095
0.338134
0.339511
0.341143
0.343012
0.345082
0.347308
0.349648
0.35206
0.354508
0.356959
0.359387
0.36177
0.364092
0.366341
0.36851
0.370571
0.372482
0.37447
0.333909
0.335297
0.336327
0.3377
0.339335
0.341213
0.343296
0.34554
0.347902
0.350339
0.352815
0.355297
0.357757
0.360176
0.362534
0.364821
0.367031
0.369128
0.371052
0.37312
0.332215
0.333548
0.334567
0.335933
0.337567
0.339448
0.341539
0.343797
0.346175
0.348633
0.351132
0.35364
0.356129
0.358577
0.360968
0.363289
0.365536
0.367667
0.3696
0.371745
0.330558
0.331838
0.332845
0.334202
0.335831
0.337712
0.339809
0.342076
0.344467
0.346941
0.349459
0.351988
0.3545
0.356974
0.359392
0.361744
0.364025
0.366185
0.368124
0.37034
0.328935
0.330164
0.331157
0.332502
0.334126
0.336005
0.338104
0.340376
0.342776
0.345262
0.347794
0.350339
0.35287
0.355365
0.357806
0.360183
0.362494
0.36468
0.36662
0.368901
0.327344
0.328522
0.329501
0.330834
0.332449
0.334324
0.336422
0.338696
0.341102
0.343595
0.346137
0.348694
0.351239
0.35375
0.356209
0.358606
0.360941
0.36315
0.365086
0.367423
0.325781
0.32691
0.327873
0.329193
0.330798
0.332667
0.334762
0.337036
0.339444
0.34194
0.344487
0.347051
0.349605
0.352127
0.354599
0.357011
0.359366
0.361592
0.363518
0.365899
0.324244
0.325325
0.326272
0.327577
0.329172
0.331034
0.333124
0.335395
0.337801
0.340296
0.342844
0.345411
0.34797
0.350498
0.352977
0.355398
0.357766
0.360004
0.361912
0.364322
0.322728
0.323764
0.324695
0.325985
0.32757
0.329423
0.331506
0.333772
0.336172
0.338664
0.341209
0.343774
0.346334
0.348863
0.351343
0.353767
0.356142
0.358384
0.360266
0.362684
0.32123
0.322223
0.323139
0.324415
0.325988
0.327833
0.329908
0.332165
0.334558
0.337043
0.339582
0.342143
0.344698
0.347223
0.349699
0.352119
0.354493
0.356733
0.358578
0.360976
0.319745
0.3207
0.321602
0.322864
0.324427
0.326262
0.328327
0.330575
0.332957
0.335433
0.337963
0.340517
0.343064
0.345581
0.348048
0.350457
0.352822
0.355052
0.356849
0.359198
0.31827
0.319192
0.320081
0.321331
0.322883
0.324708
0.326763
0.328999
0.33137
0.333835
0.336355
0.338898
0.341434
0.343939
0.346392
0.348786
0.351134
0.353343
0.355081
0.357365
0.316802
0.317695
0.318574
0.319814
0.321357
0.323171
0.325215
0.327438
0.329797
0.332248
0.334757
0.337287
0.339811
0.342303
0.34474
0.347113
0.349438
0.351616
0.353284
0.355506
0.315339
0.316208
0.317079
0.318311
0.319845
0.32165
0.323681
0.325892
0.328236
0.330675
0.33317
0.335688
0.338199
0.340677
0.343097
0.345449
0.347746
0.349881
0.351466
0.353623
0.313878
0.31473
0.315596
0.316822
0.318348
0.320143
0.322162
0.324359
0.32669
0.329115
0.331597
0.334102
0.336601
0.339067
0.341473
0.343805
0.346073
0.348163
0.34965
0.3517
0.312417
0.313258
0.314121
0.315344
0.316865
0.318651
0.320658
0.322841
0.325157
0.327568
0.330037
0.332531
0.335021
0.337479
0.339877
0.342196
0.344444
0.346494
0.347862
0.34971
0.310956
0.31179
0.312655
0.313878
0.315395
0.317173
0.319168
0.321337
0.323639
0.326035
0.328491
0.330976
0.33346
0.335918
0.338318
0.340639
0.342876
0.344879
0.346067
0.347476
0.309509
0.310337
0.311204
0.312427
0.31394
0.315709
0.317693
0.319847
0.322134
0.324515
0.326959
0.329435
0.331918
0.334385
0.33681
0.33917
0.341445
0.343484
0.344719
0.345711
0.308092
0.308911
0.309774
0.310993
0.3125
0.314258
0.316228
0.318366
0.320636
0.323001
0.325431
0.327899
0.330384
0.332869
0.335343
0.337806
0.340264
0.342827
0.345946
0.349351
0.306564
0.307424
0.308306
0.30954
0.311052
0.312808
0.314769
0.316895
0.319149
0.321497
0.323912
0.326368
0.328847
0.331337
0.333833
0.336336
0.338837
0.341453
0.344733
0.348019
0.305005
0.305929
0.30684
0.308093
0.309614
0.31137
0.313324
0.315436
0.317674
0.320003
0.322398
0.324836
0.327299
0.329775
0.332259
0.334745
0.337209
0.339739
0.342782
0.345509
0.303446
0.304444
0.305386
0.30666
0.308191
0.309947
0.311893
0.313992
0.31621
0.318518
0.320889
0.323302
0.32574
0.328188
0.330641
0.333087
0.335497
0.337951
0.340793
0.343073
0.301889
0.302968
0.303942
0.30524
0.306782
0.308539
0.310477
0.312561
0.314759
0.317043
0.319386
0.321769
0.324174
0.326586
0.328997
0.331392
0.333742
0.33612
0.338807
0.340838
0.300335
0.3015
0.302509
0.303832
0.305387
0.307146
0.309076
0.311146
0.313323
0.315579
0.317892
0.32024
0.322607
0.324977
0.32734
0.329678
0.331965
0.334267
0.336822
0.338701
0.298787
0.300041
0.301087
0.302438
0.304007
0.305769
0.307692
0.309746
0.311901
0.31413
0.31641
0.31872
0.321045
0.323369
0.32568
0.327961
0.330186
0.332417
0.334858
0.336635
0.297246
0.298592
0.299678
0.301059
0.302643
0.304408
0.306325
0.308364
0.310496
0.312697
0.314942
0.317214
0.319494
0.321769
0.324027
0.326251
0.328417
0.330582
0.332923
0.33463
0.295714
0.297155
0.298282
0.299694
0.301296
0.303066
0.304977
0.307001
0.30911
0.311281
0.313492
0.315723
0.317958
0.320183
0.322388
0.324555
0.326664
0.328768
0.331018
0.332673
0.294193
0.295731
0.2969
0.298345
0.299966
0.301742
0.303648
0.305658
0.307745
0.309886
0.312061
0.314251
0.316441
0.318616
0.320767
0.322879
0.324933
0.326978
0.329144
0.330757
0.292682
0.294319
0.295532
0.297012
0.298653
0.300437
0.30234
0.304337
0.306402
0.308514
0.310653
0.312802
0.314946
0.317071
0.319169
0.321226
0.323226
0.325213
0.327299
0.328877
0.291184
0.292921
0.294179
0.295695
0.297358
0.299151
0.301053
0.303038
0.305083
0.307166
0.30927
0.311378
0.313475
0.315551
0.317595
0.319598
0.321545
0.323474
0.325482
0.327031
0.289697
0.291535
0.292841
0.294395
0.296081
0.297885
0.299788
0.301763
0.303789
0.305845
0.307914
0.309981
0.312032
0.314058
0.316049
0.317998
0.319891
0.321763
0.323694
0.325215
0.288223
0.290163
0.291517
0.293111
0.294824
0.296641
0.298546
0.300514
0.302522
0.304552
0.306587
0.308613
0.310618
0.312594
0.314533
0.316427
0.318267
0.32008
0.321935
0.32343
0.286763
0.288803
0.290208
0.291844
0.293585
0.295419
0.297328
0.29929
0.301283
0.303288
0.305289
0.307275
0.309236
0.311162
0.313048
0.314888
0.316672
0.318427
0.320206
0.321675
0.285316
0.287457
0.288913
0.290594
0.292366
0.294219
0.296135
0.298093
0.300071
0.302053
0.304023
0.30597
0.307886
0.309763
0.311596
0.313381
0.31511
0.316804
0.318507
0.319949
0.283886
0.286123
0.287633
0.28936
0.291167
0.293041
0.294967
0.296922
0.298888
0.300848
0.302788
0.304698
0.306569
0.308398
0.310178
0.311907
0.31358
0.315212
0.31684
0.318253
0.282467
0.284796
0.286361
0.288137
0.289982
0.291881
0.293819
0.295776
0.297732
0.299673
0.301584
0.303457
0.305287
0.307067
0.308795
0.310467
0.312083
0.313653
0.315204
0.316584
0.281059
0.283469
0.285092
0.286921
0.288806
0.290734
0.292689
0.29465
0.2966
0.298523
0.300408
0.302247
0.304035
0.305768
0.307443
0.309061
0.310618
0.312125
0.313599
0.314944
0.279733
0.282187
0.283857
0.285732
0.287656
0.289612
0.291584
0.293552
0.295496
0.297403
0.299263
0.301069
0.302816
0.304502
0.306126
0.307687
0.309186
0.310629
0.312026
0.313329
)
;

boundaryField
{
    inlet
    {
        type            zeroGradient;
    }
    outlet
    {
        type            fixedValue;
        value           uniform 0;
    }
    cylinder
    {
        type            zeroGradient;
    }
    top
    {
        type            symmetryPlane;
    }
    bottom
    {
        type            symmetryPlane;
    }
    defaultFaces
    {
        type            empty;
    }
}


// ************************************************************************* //
