/*--------------------------------*- C++ -*----------------------------------*\
  =========                 |
  \\      /  F ield         | OpenFOAM: The Open Source CFD Toolbox
   \\    /   O peration     | Website:  https://openfoam.org
    \\  /    A nd           | Version:  7
     \\/     M anipulation  |
\*---------------------------------------------------------------------------*/
FoamFile
{
    version     2.0;
    format      ascii;
    class       volVectorField;
    location    "20.3";
    object      U;
}
// * * * * * * * * * * * * * * * * * * * * * * * * * * * * * * * * * * * * * //

dimensions      [0 1 -1 0 0 0 0];

internalField   nonuniform List<vector> 
2000
(
(0.00503849 0.019184 3.36852e-22)
(0.029691 0.0843967 0)
(0.0716979 0.157318 0)
(0.112956 0.226224 4.90199e-22)
(0.146905 0.284177 2.07379e-22)
(0.170777 0.328818 2.7365e-22)
(0.18482 0.360897 -3.76138e-22)
(0.19089 0.382599 0)
(0.191188 0.396461 0)
(0.188622 0.404606 0)
(0.0031267 0.011698 0)
(0.0203429 0.0649646 6.90704e-22)
(0.0542223 0.130138 -6.36784e-22)
(0.0907743 0.196602 -5.61815e-22)
(0.124127 0.257108 0)
(0.150444 0.307572 5.94385e-22)
(0.168369 0.346778 -5.52714e-22)
(0.178424 0.375383 0)
(0.181909 0.395045 3.51351e-21)
(0.18155 0.407696 -7.38564e-21)
(0.00224071 0.00552297 0)
(0.0137216 0.0473386 -5.46612e-21)
(0.0397987 0.103352 0)
(0.0703614 0.164578 -2.11637e-21)
(0.10096 0.22459 0)
(0.127723 0.278678 -6.03304e-22)
(0.14833 0.32418 0)
(0.1621 0.360172 4.38873e-21)
(0.169214 0.386994 -4.11042e-21)
(0.171761 0.405985 -5.3716e-21)
(0.00207876 0.000669049 1.63512e-21)
(0.00940996 0.0320402 2.784e-21)
(0.0285952 0.0783029 1.04091e-21)
(0.0527722 0.132148 1.38014e-21)
(0.0790154 0.188537 6.80094e-22)
(0.104124 0.243146 1.20855e-22)
(0.125572 0.292737 4.48622e-22)
(0.141933 0.335262 -1.10253e-21)
(0.152425 0.369692 3.00707e-21)
(0.158031 0.396499 5.36318e-21)
(0.00234434 -0.00291023 1.65858e-21)
(0.00685325 0.0193291 2.0442e-21)
(0.0203509 0.0559628 2.54842e-21)
(0.0385273 0.101178 -1.23768e-21)
(0.0596858 0.151373 0)
(0.0815268 0.203189 0)
(0.101872 0.253651 -1.30453e-21)
(0.119087 0.300341 -2.18582e-21)
(0.131958 0.341324 1.97548e-21)
(0.139707 0.375967 1.04182e-20)
(0.00276318 -0.00531594 -1.28204e-21)
(0.00545483 0.00922696 -6.42962e-22)
(0.0145101 0.0368609 4.33484e-21)
(0.0275655 0.0730684 -4.38728e-21)
(0.0437494 0.115433 6.76933e-22)
(0.0615545 0.161677 0)
(0.0793646 0.20958 0)
(0.0956952 0.257021 5.13542e-21)
(0.109643 0.302021 -7.89503e-21)
(0.117571 0.34228 2.99963e-21)
(0.00309895 -0.00668011 -9.46637e-21)
(0.00466003 0.00159445 0)
(0.0104005 0.0211547 -5.71027e-21)
(0.0194012 0.0486414 3.65488e-21)
(0.0312783 0.0824997 0)
(0.0450923 0.121359 -1.75884e-22)
(0.0597544 0.163848 2.50221e-22)
(0.0741094 0.208479 -2.49764e-21)
(0.0881392 0.254159 1.08426e-21)
(0.0941005 0.295608 2.73668e-21)
(0.00317063 -0.00715141 1.77967e-20)
(0.00402994 -0.00379409 1.58213e-21)
(0.00741262 0.00876993 2.45819e-21)
(0.0134004 0.0282596 4.44579e-21)
(0.0218674 0.0536966 7.94926e-22)
(0.0322458 0.0843478 3.44698e-22)
(0.0438648 0.119522 3.09371e-22)
(0.0560566 0.158434 0)
(0.0697097 0.201367 0)
(0.0727081 0.239375 -1.82905e-21)
(0.00285917 -0.00687464 -8.33043e-21)
(0.00331057 -0.00721035 6.37941e-21)
(0.00514434 -0.000456413 -3.96061e-21)
(0.00905796 0.0120591 -5.82597e-21)
(0.0150174 0.0297079 1.31066e-21)
(0.0226924 0.0521225 -3.163e-22)
(0.0317597 0.0790073 -7.69153e-25)
(0.0422287 0.110193 0)
(0.0556103 0.146987 0)
(0.0569463 0.176754 4.46503e-22)
(0.00212922 -0.00602793 8.87245e-22)
(0.00244331 -0.00892472 -7.80415e-21)
(0.00349131 -0.00666913 1.3127e-21)
(0.00618755 0.000164113 0)
(0.0104745 0.0111222 0)
(0.0161288 0.0259556 -1.1907e-21)
(0.0230624 0.0444525 0)
(0.0319257 0.0666035 2.69156e-22)
(0.044933 0.0930634 1.31263e-21)
(0.0508004 0.110386 -1.48155e-21)
(0.172561 0.412936 5.59601e-22)
(0.141467 0.405285 -5.69851e-22)
(0.112901 0.393723 -8.0652e-22)
(0.0886662 0.382996 -9.19793e-22)
(0.0643244 0.372791 -1.04118e-21)
(0.0443854 0.366958 2.12503e-24)
(0.0218245 0.38063 5.19594e-22)
(0.0104477 0.451144 1.61597e-21)
(-0.00540548 0.608801 0)
(0.0042645 0.80306 -1.0911e-21)
(0.169475 0.420827 1.23022e-21)
(0.138346 0.413493 -2.81038e-21)
(0.109826 0.401381 5.17111e-21)
(0.0858586 0.39049 9.21431e-22)
(0.0616574 0.379794 1.91063e-21)
(0.0416305 0.373265 3.05819e-21)
(0.0190282 0.385942 -1.06146e-21)
(0.00761252 0.454251 -1.0679e-21)
(-0.00715692 0.609365 2.01611e-21)
(0.00344424 0.802254 1.08851e-21)
(0.165793 0.427704 0)
(0.135399 0.421675 -2.22847e-21)
(0.107183 0.409316 -1.53656e-21)
(0.0834441 0.398189 0)
(0.0592508 0.38686 -5.7393e-21)
(0.0390754 0.379531 1.84081e-21)
(0.0162889 0.390882 1.90764e-21)
(0.00462841 0.456514 5.89363e-21)
(-0.00914908 0.608995 -2.00958e-21)
(0.00262688 0.800698 3.96527e-21)
(0.160772 0.432137 0)
(0.132318 0.42889 2.24807e-21)
(0.104855 0.417042 0)
(0.0813498 0.405827 6.82854e-21)
(0.0570958 0.393892 -6.86229e-21)
(0.0367528 0.385778 -3.77814e-21)
(0.013658 0.395518 -8.84792e-23)
(0.00155658 0.45805 -5.72443e-21)
(-0.011372 0.607675 -9.45078e-22)
(0.00182477 0.798531 -4.89153e-21)
(0.153469 0.432398 3.35801e-21)
(0.128875 0.43552 -3.11471e-21)
(0.102945 0.425346 1.10162e-21)
(0.079611 0.413752 -5.77008e-21)
(0.0551958 0.40101 0)
(0.0346442 0.392048 -3.6254e-21)
(0.0111132 0.399926 4.99352e-24)
(-0.00164654 0.458995 7.34584e-21)
(-0.013903 0.605478 9.02743e-22)
(0.000940175 0.7955 -9.06033e-22)
(0.143383 0.425556 -6.58203e-21)
(0.124498 0.438763 6.97618e-21)
(0.101038 0.43244 5.44281e-21)
(0.078054 0.421104 -5.43703e-21)
(0.0535851 0.407962 -3.20876e-21)
(0.0328725 0.398327 0)
(0.00883015 0.404218 -6.89784e-21)
(-0.00478353 0.459451 3.43639e-21)
(-0.0166283 0.602304 3.43096e-21)
(7.9117e-05 0.791931 3.42037e-21)
(0.130296 0.411115 -3.92303e-22)
(0.119498 0.44184 0)
(0.0995025 0.440891 0)
(0.0767294 0.429028 0)
(0.0521307 0.415108 -3.27147e-21)
(0.031185 0.404613 6.46861e-21)
(0.0065374 0.408403 6.74855e-21)
(-0.00814096 0.459631 -9.93796e-21)
(-0.0197967 0.598522 1.64103e-21)
(-0.000981832 0.787372 -5.01297e-21)
(0.115024 0.383775 8.73131e-22)
(0.112631 0.436528 7.35379e-21)
(0.0972024 0.445171 -7.27984e-21)
(0.075503 0.435275 1.14156e-20)
(0.0512368 0.421857 -1.4249e-20)
(0.0302252 0.410986 0)
(0.00498988 0.412718 -3.15314e-21)
(-0.0109467 0.459491 1.20896e-22)
(-0.0229096 0.59365 -3.03268e-21)
(-0.00199023 0.782402 -3.10409e-21)
(0.0987492 0.354291 -1.388e-23)
(0.106494 0.436792 0)
(0.0952388 0.453094 -9.9901e-21)
(0.0740094 0.443145 1.9849e-20)
(0.0497895 0.428988 -7.79373e-21)
(0.028485 0.417079 -1.50684e-21)
(0.0026149 0.416815 3.14642e-21)
(-0.014603 0.459617 7.78366e-23)
(-0.0268687 0.58896 4.46664e-21)
(-0.00329489 0.776297 4.53367e-21)
(0.0812191 0.29678 -2.44396e-21)
(0.0961627 0.415823 2.36486e-21)
(0.091688 0.450657 8.99385e-22)
(0.0734977 0.447563 0)
(0.0503952 0.435555 0)
(0.0293745 0.423901 1.45642e-21)
(0.00302487 0.421593 5.71591e-21)
(-0.0159752 0.45902 -5.59351e-21)
(-0.0298616 0.582325 -1.35805e-21)
(-0.00464358 0.770008 1.30831e-21)
(0.0497941 0.254057 0)
(0.0807656 0.417601 0)
(0.0799244 0.467651 0)
(0.0632155 0.467583 0)
(0.0402177 0.452202 0)
(0.0179268 0.43653 0)
(-0.00927288 0.430847 0)
(-0.0292148 0.462463 0)
(-0.0424535 0.571945 0)
(-0.00804019 0.751887 0)
(0.0273611 0.239079 0)
(0.0529354 0.40779 0)
(0.0520203 0.469118 0)
(0.0431002 0.480532 0)
(0.0288916 0.474931 0)
(0.0125741 0.466504 0)
(-0.01177 0.464259 0)
(-0.0337425 0.4902 0)
(-0.0508197 0.575501 0)
(-0.0163271 0.73088 0)
(0.0154566 0.244173 0)
(0.0334663 0.407595 0)
(0.0325168 0.477453 0)
(0.0257086 0.492897 0)
(0.0114775 0.487723 0)
(-0.00574027 0.478914 0)
(-0.0277826 0.475562 0)
(-0.0458387 0.494573 0)
(-0.0585931 0.556461 0)
(-0.0253071 0.675915 0)
(-0.000209931 0.247477 0)
(0.0111099 0.391588 0)
(0.010614 0.465376 0)
(0.0148834 0.495129 0)
(0.0108315 0.504369 0)
(0.000703234 0.506235 0)
(-0.0170582 0.507756 0)
(-0.0337727 0.52218 0)
(-0.047287 0.563545 0)
(-0.0246099 0.644158 0)
(-0.0080339 0.270117 0)
(0.00429923 0.399806 0)
(0.000644096 0.47121 0)
(-0.00182132 0.495051 0)
(-0.00907365 0.501414 0)
(-0.0158684 0.504523 0)
(-0.0262446 0.50869 0)
(-0.0343767 0.520903 0)
(-0.0403204 0.548163 0)
(-0.0209941 0.597979 0)
(-0.0169933 0.271616 0)
(-0.0107644 0.377607 0)
(0.00223055 0.46465 0)
(0.00957737 0.501852 0)
(0.00827217 0.51665 0)
(0.00456992 0.523397 0)
(-0.00402439 0.528613 0)
(-0.0120269 0.538465 0)
(-0.0197417 0.556719 0)
(-0.0116778 0.586385 0)
(-0.00231166 0.315671 0)
(-0.0150574 0.386691 0)
(-0.00958058 0.460201 0)
(-0.00865208 0.492323 0)
(-0.0112631 0.505431 0)
(-0.0112157 0.514255 0)
(-0.0127388 0.522571 0)
(-0.012798 0.532829 0)
(-0.014043 0.5462 0)
(-0.00701767 0.563813 0)
(0.0130906 0.321153 0)
(-0.00550728 0.375392 0)
(0.0100531 0.456249 0)
(0.0222515 0.504174 0)
(0.021031 0.521736 0)
(0.015874 0.528083 0)
(0.00814174 0.533761 0)
(0.00304875 0.54248 0)
(-0.00223778 0.554061 0)
(-0.00168208 0.567253 0)
(0.0499789 0.382243 0)
(-0.00105938 0.394393 0)
(-0.0185663 0.433205 0)
(-0.00871987 0.478793 0)
(0.00026293 0.508294 0)
(0.00546184 0.523917 0)
(0.00379441 0.532773 0)
(0.00175675 0.540759 0)
(-0.00233749 0.549253 0)
(-0.00136692 0.557913 0)
(0.0888877 0.387412 0)
(0.0672641 0.43925 0)
(0.0396679 0.468406 0)
(0.0266522 0.492677 0)
(0.0209813 0.512115 0)
(0.0195238 0.527217 0)
(0.0155316 0.5391 0)
(0.011782 0.54964 0)
(0.00550775 0.558244 0)
(0.00189984 0.564321 0)
(0.0331761 0.0879065 7.85256e-22)
(0.0344403 0.124497 -7.72586e-22)
(0.0323828 0.169789 8.32362e-23)
(0.0206385 0.203046 0)
(0.0131606 0.241598 0)
(0.00922909 0.261891 8.58263e-23)
(0.0221581 0.306153 -6.41869e-22)
(0.037119 0.313016 6.28881e-22)
(0.0632002 0.352372 1.2671e-22)
(0.077752 0.313234 -1.22295e-22)
(0.0452348 0.0497829 -4.21024e-22)
(0.0481735 0.101472 0)
(0.0429242 0.156852 3.72343e-22)
(0.0294742 0.197118 -7.54235e-22)
(0.0205305 0.237941 3.49624e-22)
(0.0175516 0.262017 -8.35458e-23)
(0.0293176 0.301466 2.15743e-22)
(0.0426094 0.304313 6.09297e-22)
(0.062184 0.32942 1.17445e-22)
(0.0711347 0.27784 -9.49318e-24)
(0.0605847 0.0449108 5.12184e-22)
(0.0641564 0.105999 -6.84407e-22)
(0.0544257 0.16261 6.77797e-22)
(0.038608 0.20297 -3.08006e-23)
(0.0281425 0.240741 -1.45081e-23)
(0.0253036 0.263342 0)
(0.0345609 0.293526 -2.16246e-22)
(0.0448995 0.288552 -4.35462e-23)
(0.0579196 0.298401 -3.28285e-22)
(0.0631642 0.239266 -1.02901e-22)
(0.0789128 0.0646496 -1.89729e-22)
(0.0802592 0.128168 0)
(0.0653513 0.179435 0)
(0.0469866 0.214489 0)
(0.0349679 0.244897 -2.03213e-22)
(0.0314116 0.261383 7.5245e-23)
(0.0372285 0.2794 -7.32499e-23)
(0.0438903 0.264869 -2.67107e-22)
(0.0509934 0.261097 -9.15567e-23)
(0.0542509 0.198773 2.28595e-23)
(0.100167 0.0980428 5.3736e-22)
(0.0950594 0.156294 -4.71918e-22)
(0.0743291 0.197789 2.94434e-22)
(0.053264 0.224001 -2.94201e-22)
(0.0395884 0.244432 1.26939e-22)
(0.0346141 0.25195 0)
(0.0366339 0.257056 -1.05922e-22)
(0.0395572 0.233472 4.23401e-22)
(0.0420363 0.219269 -2.21754e-22)
(0.0449637 0.157728 6.85744e-23)
(0.121733 0.133535 1.62281e-22)
(0.106782 0.180106 3.29499e-22)
(0.0803241 0.209291 2.72227e-22)
(0.0567122 0.225048 -5.74618e-22)
(0.0413759 0.234755 0)
(0.0345501 0.232624 0)
(0.0328824 0.226102 0)
(0.0325497 0.195655 1.12417e-22)
(0.0320314 0.174923 0)
(0.03587 0.117542 0)
(0.140254 0.161865 0)
(0.114214 0.192793 -9.64307e-22)
(0.0828898 0.208713 6.40346e-22)
(0.0572321 0.214087 8.56647e-22)
(0.0403631 0.2139 -8.6102e-22)
(0.0315187 0.20323 -1.39455e-22)
(0.0266255 0.187737 2.35882e-22)
(0.0238725 0.153528 -2.79053e-22)
(0.0219725 0.130202 4.39754e-23)
(0.0274475 0.0795233 -9.8025e-25)
(0.152817 0.177013 0)
(0.116946 0.191183 3.24368e-22)
(0.0821886 0.194362 3.2686e-22)
(0.0551754 0.190687 0)
(0.0369914 0.182471 -1.3236e-22)
(0.0261955 0.165439 5.77874e-22)
(0.0187828 0.144254 -8.59616e-23)
(0.0146156 0.10959 8.25071e-23)
(0.0127061 0.0871177 -8.00715e-23)
(0.0200889 0.0447295 3.18588e-23)
(0.158153 0.176259 -2.97383e-22)
(0.115329 0.175167 -6.66721e-22)
(0.0788571 0.167383 1.48576e-22)
(0.051163 0.156751 -1.93033e-22)
(0.0319296 0.142827 -2.68102e-22)
(0.019454 0.122001 -2.77356e-22)
(0.0103623 0.0984345 4.54088e-23)
(0.00579498 0.0663109 3.53418e-24)
(0.00481485 0.0473001 8.03333e-23)
(0.0140654 0.0138575 2.90006e-24)
(0.156864 0.160155 1.60599e-22)
(0.110274 0.147029 -1.63353e-22)
(0.0737642 0.130734 1.97677e-22)
(0.0459124 0.115449 1.92736e-22)
(0.0259282 0.0981304 -1.37299e-22)
(0.012221 0.0760201 2.41863e-22)
(0.00230682 0.053042 -6.03634e-23)
(-0.00176813 0.0258094 1.15367e-23)
(-0.00149167 0.0118017 0)
(0.00905213 -0.0128226 -2.89532e-24)
(0.150643 0.131832 -1.89221e-22)
(0.102932 0.110445 1.92248e-22)
(0.067743 0.0881223 2.4317e-22)
(0.0401116 0.0702942 2.29602e-22)
(0.0196988 0.0516274 1.50634e-22)
(0.00529272 0.0304453 -2.47233e-23)
(-0.00464475 0.0104471 -4.64265e-23)
(-0.0075589 -0.0103601 -3.98438e-23)
(-0.00588966 -0.0189066 0)
(0.00586867 -0.0355303 -3.32306e-24)
(0.14134 0.0955203 0)
(0.0944789 0.0693534 9.83915e-22)
(0.0614153 0.0431726 -1.74073e-21)
(0.0343423 0.0245187 -2.29937e-22)
(0.013851 0.00621299 -3.84577e-22)
(-0.000749533 -0.0122616 -3.96168e-22)
(-0.00996937 -0.0276452 6.59759e-23)
(-0.0114338 -0.0414559 2.00695e-23)
(-0.00829561 -0.044851 1.97371e-23)
(0.00353867 -0.0549575 3.31413e-24)
(0.130329 0.055198 0)
(0.0859788 0.0272037 1.00712e-21)
(0.0551582 -0.0010376 5.07154e-22)
(0.029023 -0.0192644 0)
(0.00881825 -0.035822 1.0483e-21)
(-0.0053078 -0.050376 -3.98784e-22)
(-0.013396 -0.0603285 -2.08337e-22)
(-0.0135055 -0.0674333 -2.31862e-22)
(-0.00919695 -0.066558 -1.96726e-23)
(0.00199742 -0.0718682 9.11466e-24)
(0.118541 0.0141058 0)
(0.077932 -0.0133281 -1.01542e-21)
(0.0494088 -0.0421671 0)
(0.0244888 -0.059185 -1.75248e-21)
(0.00495517 -0.0729789 1.76163e-21)
(-0.00811315 -0.0829782 4.39539e-22)
(-0.0149893 -0.087417 -1.28787e-22)
(-0.0140396 -0.0888307 2.35559e-22)
(-0.00907657 -0.0848858 3.43127e-23)
(0.0010865 -0.0869844 -1.03777e-23)
(0.106874 -0.0251689 -5.26908e-21)
(0.0706099 -0.0504027 2.18211e-21)
(0.0445296 -0.0786645 2.76411e-23)
(0.0209974 -0.0940693 1.95601e-21)
(0.00246461 -0.10448 0)
(-0.00933627 -0.109921 4.45957e-22)
(-0.0150437 -0.10943 -2.06535e-22)
(-0.0134457 -0.106561 -3.83527e-22)
(-0.00834083 -0.100775 -1.72892e-24)
(0.000589494 -0.100921 1.72865e-24)
(0.0959527 -0.0607999 1.17163e-21)
(0.0642887 -0.0831356 -3.89041e-21)
(0.0405297 -0.10969 -1.88657e-21)
(0.0186287 -0.123497 1.8856e-21)
(0.0013403 -0.130266 7.55483e-22)
(-0.00919893 -0.131712 0)
(-0.0139631 -0.127316 5.89197e-22)
(-0.012158 -0.121661 -3.19334e-22)
(-0.00730889 -0.115069 -9.69212e-23)
(0.000335909 -0.114154 -5.41846e-24)
(0.0862003 -0.0915091 3.86328e-22)
(0.0592012 -0.111477 0)
(0.0374257 -0.135002 0)
(0.0173095 -0.14768 0)
(0.00143017 -0.150857 5.36702e-22)
(-0.00805812 -0.149282 -1.29094e-21)
(-0.012176 -0.142195 -5.94706e-22)
(-0.0105451 -0.135088 5.95357e-22)
(-0.00620034 -0.12843 -1.3488e-23)
(0.000218151 -0.127027 1.87419e-23)
(0.0776808 -0.116572 2.94249e-22)
(0.0553373 -0.135986 -3.27946e-21)
(0.035264 -0.154864 3.24915e-21)
(0.0168762 -0.16727 -3.14515e-21)
(0.0024427 -0.167145 3.82298e-21)
(-0.00632315 -0.163729 0)
(-0.0100565 -0.155126 3.40197e-22)
(-0.00886457 -0.147597 7.49547e-24)
(-0.00513939 -0.141314 6.27006e-23)
(0.000177475 -0.139767 1.39034e-23)
(0.0697 -0.135585 2.74088e-22)
(0.0521432 -0.157631 0)
(0.0339264 -0.169979 3.61029e-21)
(0.0171504 -0.183132 -6.19212e-21)
(0.00411429 -0.180155 2.25625e-21)
(-0.00431654 -0.1761 2.57652e-22)
(-0.00782338 -0.166962 -3.39422e-22)
(-0.00723317 -0.159707 -5.41991e-23)
(-0.0041663 -0.15401 -1.65414e-22)
(0.000188499 -0.15252 -3.41086e-23)
(0.0629776 -0.148012 1.39039e-21)
(0.0486475 -0.177556 -1.35308e-21)
(0.0327846 -0.181537 -4.01139e-22)
(0.0173612 -0.196243 0)
(0.0061265 -0.190864 0)
(-0.00215258 -0.187232 -2.64849e-22)
(-0.00561071 -0.178283 -5.3986e-22)
(-0.00571492 -0.171718 5.29994e-22)
(-0.00326786 -0.166675 2.39557e-23)
(0.000229554 -0.165377 -2.34507e-23)
(0.0646693 -0.160006 0)
(0.0431131 -0.220463 0)
(0.0302495 -0.203554 0)
(0.0153629 -0.222942 0)
(0.00876815 -0.213134 0)
(0.000726152 -0.212307 0)
(-0.00192436 -0.204988 0)
(-0.00304897 -0.200833 0)
(-0.0014171 -0.197201 0)
(0.000288357 -0.1963 0)
(0.0405067 -0.234176 0)
(0.0314333 -0.270072 0)
(0.0261151 -0.253368 0)
(0.0135286 -0.268091 0)
(0.0131983 -0.257406 0)
(0.0039695 -0.261777 0)
(0.00348703 -0.254652 0)
(0.00013366 -0.254668 0)
(0.000913427 -0.251159 0)
(0.000167924 -0.251476 0)
(0.0389576 -0.28211 0)
(0.0273601 -0.315529 0)
(0.0230343 -0.301451 0)
(0.0144795 -0.314276 0)
(0.0129506 -0.306057 0)
(0.00574083 -0.312012 0)
(0.00550734 -0.305942 0)
(0.00128751 -0.308507 0)
(0.00217773 -0.30434 0)
(-0.000133453 -0.306093 0)
(0.03152 -0.338829 0)
(0.023581 -0.369734 0)
(0.0211378 -0.352015 0)
(0.0135176 -0.368581 0)
(0.0118389 -0.358864 0)
(0.00663931 -0.367764 0)
(0.00564497 -0.361364 0)
(0.00247859 -0.365265 0)
(0.00235206 -0.360748 0)
(-0.000342412 -0.363381 0)
(0.0274494 -0.400614 0)
(0.0206705 -0.43206 0)
(0.0174491 -0.413768 0)
(0.0122222 -0.432389 0)
(0.0103924 -0.420938 0)
(0.00640968 -0.432734 0)
(0.00540774 -0.424145 0)
(0.00295112 -0.430406 0)
(0.00223888 -0.424155 0)
(-2.82974e-05 -0.427612 0)
(0.0230773 -0.475178 0)
(0.0170565 -0.507199 0)
(0.0146754 -0.487367 0)
(0.0101463 -0.508323 0)
(0.00893788 -0.495338 0)
(0.00593656 -0.508902 0)
(0.00536344 -0.49884 0)
(0.00328882 -0.506775 0)
(0.00239384 -0.498354 0)
(8.95283e-05 -0.503955 0)
(0.017907 -0.569318 0)
(0.0135322 -0.600873 0)
(0.0117129 -0.581155 0)
(0.00847713 -0.60333 0)
(0.00750429 -0.589436 0)
(0.00529996 -0.604972 0)
(0.00473321 -0.593954 0)
(0.00281515 -0.60347 0)
(0.00184253 -0.594176 0)
(6.90781e-05 -0.601911 0)
(0.0138032 -0.689974 0)
(0.00996295 -0.717522 0)
(0.00838825 -0.701581 0)
(0.00582713 -0.722249 0)
(0.00521672 -0.710206 0)
(0.00353303 -0.72527 0)
(0.00298539 -0.715008 0)
(0.00131829 -0.724831 0)
(0.000774701 -0.715918 0)
(-0.000201832 -0.7247 0)
(0.00716544 -0.820109 0)
(0.0047929 -0.836473 0)
(0.00409713 -0.829611 0)
(0.00288637 -0.843232 0)
(0.00256471 -0.836932 0)
(0.00140929 -0.84674 0)
(0.000906759 -0.840092 0)
(-0.000234878 -0.846541 0)
(-0.000309775 -0.840402 0)
(-0.000379327 -0.846912 0)
(0.00134236 -0.903995 0)
(0.000909507 -0.913345 0)
(0.000859022 -0.913652 0)
(0.000750312 -0.919834 0)
(0.000591995 -0.918142 0)
(0.000245408 -0.92198 0)
(-1.08999e-05 -0.918865 0)
(-0.000381997 -0.920977 0)
(-0.00035928 -0.917721 0)
(-0.000182695 -0.920583 0)
(0.0549827 -0.186671 1.47645e-21)
(0.0402297 -0.252516 -1.45437e-21)
(0.0406716 -0.299815 3.13999e-22)
(0.0322153 -0.358431 0)
(0.0295723 -0.419418 0)
(0.0245732 -0.494382 5.70821e-22)
(0.0195719 -0.587718 -2.77429e-21)
(0.0147019 -0.703275 2.7671e-21)
(0.0088035 -0.826396 8.75331e-22)
(0.00274997 -0.901851 -8.69716e-22)
(0.0515691 -0.194239 -1.95848e-21)
(0.0404966 -0.25844 0)
(0.0412729 -0.305254 2.45398e-21)
(0.0325908 -0.36423 -6.03441e-21)
(0.0305223 -0.424842 4.26926e-21)
(0.0252434 -0.500076 -5.14824e-22)
(0.0203375 -0.593041 1.32863e-21)
(0.015143 -0.707184 3.00467e-21)
(0.00954407 -0.827233 9.60549e-22)
(0.00338505 -0.90179 9.678e-22)
(0.0489293 -0.20145 2.93286e-21)
(0.0410452 -0.265069 -2.62196e-21)
(0.042052 -0.310711 2.59714e-21)
(0.0332538 -0.369347 -3.76066e-21)
(0.0316615 -0.429409 2.75377e-21)
(0.0260471 -0.504644 0)
(0.0211887 -0.597126 -1.33195e-21)
(0.0157204 -0.710031 1.4676e-22)
(0.0100281 -0.827003 -1.6296e-21)
(0.00368641 -0.901819 -1.8108e-21)
(0.0469382 -0.208762 -5.13561e-22)
(0.0418102 -0.271949 0)
(0.0431212 -0.316223 0)
(0.034268 -0.374407 0)
(0.0330422 -0.43395 3.66252e-21)
(0.0270477 -0.508952 -2.46624e-21)
(0.02218 -0.600878 -4.45448e-23)
(0.0164415 -0.712457 -1.85734e-21)
(0.0103544 -0.82676 -9.71838e-22)
(0.00374485 -0.900925 -1.0753e-21)
(0.0455649 -0.215781 5.81448e-23)
(0.0427974 -0.278191 -1.88564e-21)
(0.0444838 -0.321039 -1.81218e-21)
(0.0355993 -0.378926 1.81103e-21)
(0.0346465 -0.438106 -1.18005e-21)
(0.0282516 -0.512859 0)
(0.0233276 -0.604262 -1.61482e-21)
(0.0172913 -0.714558 3.82713e-21)
(0.0107029 -0.826591 -1.99353e-21)
(0.00374878 -0.899235 2.07158e-21)
(0.0448649 -0.222292 -5.53894e-21)
(0.0440891 -0.283526 4.48641e-22)
(0.0461658 -0.32477 -3.18119e-22)
(0.0372216 -0.382436 1.95484e-21)
(0.0364436 -0.441376 0)
(0.0296421 -0.515939 0)
(0.0246179 -0.606908 0)
(0.0182548 -0.716086 2.11523e-21)
(0.0111824 -0.826212 0)
(0.00381919 -0.897132 0)
(0.0448846 -0.228183 0)
(0.0457858 -0.287998 2.55558e-21)
(0.0482327 -0.327412 -1.74629e-21)
(0.0391542 -0.384812 -2.57488e-21)
(0.0384348 -0.44355 2.58833e-21)
(0.0312187 -0.517934 1.80052e-21)
(0.0260418 -0.608553 -1.76174e-21)
(0.019319 -0.716819 -7.618e-21)
(0.0118014 -0.825406 5.38076e-22)
(0.00397486 -0.894879 -2.01243e-21)
(0.0456488 -0.233298 0)
(0.0479694 -0.291619 -8.11603e-22)
(0.0507476 -0.329014 -5.28841e-22)
(0.0414358 -0.386079 0)
(0.0406493 -0.444614 8.63416e-22)
(0.0330057 -0.518779 -2.60626e-21)
(0.0276111 -0.609094 3.12318e-21)
(0.0204912 -0.716621 1.16366e-21)
(0.0125444 -0.82402 -1.34055e-21)
(0.00420709 -0.89248 2.65171e-21)
(0.0471843 -0.237439 7.26105e-22)
(0.0507053 -0.294327 9.80691e-22)
(0.0537522 -0.329542 -1.78917e-22)
(0.0440987 -0.386246 3.49121e-22)
(0.043119 -0.444588 7.95975e-22)
(0.0350311 -0.518502 1.43542e-21)
(0.0293468 -0.60856 -5.81816e-22)
(0.0217777 -0.715535 -6.54659e-22)
(0.013375 -0.822092 1.34499e-21)
(0.0044783 -0.88992 7.61915e-22)
(0.0495338 -0.240399 -2.03519e-22)
(0.0540513 -0.296051 2.05265e-22)
(0.0572725 -0.328916 -2.82542e-22)
(0.0471641 -0.385279 -3.48699e-22)
(0.0458726 -0.443419 4.79516e-22)
(0.037322 -0.517099 -9.85734e-22)
(0.0312737 -0.606933 9.00728e-22)
(0.0232069 -0.713529 3.33915e-22)
(0.0143115 -0.819555 0)
(0.00480424 -0.887073 -7.63582e-22)
(0.0527548 -0.241984 2.08526e-22)
(0.0580608 -0.296762 -2.10427e-22)
(0.061326 -0.327069 -3.24224e-22)
(0.0506503 -0.383175 -3.99789e-22)
(0.0489284 -0.441089 -5.14214e-22)
(0.0398836 -0.514611 -5.73107e-23)
(0.0334041 -0.604269 3.26862e-22)
(0.0247743 -0.710743 1.09311e-21)
(0.0153263 -0.816557 0)
(0.00514793 -0.884011 -8.69652e-22)
(0.0569218 -0.241984 0)
(0.0627754 -0.296466 -1.16716e-21)
(0.0659217 -0.324029 2.19538e-21)
(0.0545651 -0.379919 4.00496e-22)
(0.0523191 -0.43753 1.05589e-21)
(0.0427366 -0.510948 1.8075e-21)
(0.035761 -0.600467 -6.67665e-22)
(0.0265196 -0.707006 -7.48417e-22)
(0.0164846 -0.812912 1.74912e-21)
(0.00557172 -0.880589 8.67585e-22)
(0.0621191 -0.240204 0)
(0.0682082 -0.295212 -1.05676e-21)
(0.0710842 -0.319886 -6.9683e-22)
(0.058932 -0.375496 0)
(0.0560571 -0.432926 -3.41376e-21)
(0.0458661 -0.506185 1.1404e-21)
(0.0383353 -0.595729 1.48655e-21)
(0.0284024 -0.702579 4.96023e-21)
(0.0177098 -0.808904 -1.74347e-21)
(0.00598775 -0.877012 3.92028e-21)
(0.0684432 -0.236484 0)
(0.0743531 -0.293016 1.06588e-21)
(0.0768328 -0.314938 0)
(0.0637291 -0.369793 4.1966e-21)
(0.060202 -0.427206 -4.21808e-21)
(0.049331 -0.500101 -2.91479e-21)
(0.0411701 -0.589749 -1.06545e-22)
(0.0305203 -0.696996 -5.16999e-21)
(0.0191299 -0.804101 -8.55653e-22)
(0.0065324 -0.872993 -4.87501e-21)
(0.0760131 -0.230779 5.52408e-21)
(0.0811547 -0.289889 -1.95912e-21)
(0.0832668 -0.30926 8.78543e-22)
(0.0690272 -0.362855 -3.63387e-21)
(0.0647205 -0.420496 0)
(0.0531051 -0.493134 -3.10254e-21)
(0.0441978 -0.583088 -3.97838e-22)
(0.0327408 -0.691035 7.10861e-21)
(0.0205469 -0.799155 1.03068e-21)
(0.00699502 -0.868931 -1.03436e-21)
(0.0849081 -0.223117 -1.90447e-21)
(0.0886501 -0.285527 4.70664e-21)
(0.0904153 -0.302641 3.85144e-21)
(0.0748595 -0.354804 -3.84885e-21)
(0.0696571 -0.412512 -2.70184e-21)
(0.0572703 -0.484832 0)
(0.0475757 -0.574881 -7.3386e-21)
(0.035313 -0.683532 3.66304e-21)
(0.0222783 -0.793092 4.07816e-21)
(0.0076932 -0.864237 4.58108e-21)
(0.0952562 -0.213629 -5.44461e-22)
(0.0968846 -0.280201 0)
(0.0981941 -0.295582 0)
(0.0811555 -0.346265 0)
(0.0749304 -0.404102 -3.32832e-21)
(0.0616671 -0.476377 6.0192e-21)
(0.0510602 -0.566813 7.5451e-21)
(0.0378498 -0.676474 -1.21626e-20)
(0.0238429 -0.787407 2.28476e-21)
(0.00814334 -0.859721 -6.80046e-21)
(0.107219 -0.202256 6.21152e-23)
(0.106076 -0.272424 6.25375e-21)
(0.106718 -0.287347 -6.1927e-21)
(0.0881307 -0.336154 1.06848e-20)
(0.0807907 -0.39375 -1.35918e-20)
(0.0666625 -0.465633 0)
(0.0551557 -0.556041 -4.01581e-21)
(0.041034 -0.66671 -2.39127e-22)
(0.0260107 -0.779865 -4.82025e-21)
(0.0090754 -0.854209 -5.01351e-21)
(0.120978 -0.190841 -4.79658e-22)
(0.115773 -0.265552 0)
(0.115376 -0.280735 -1.0067e-20)
(0.095144 -0.327553 2.02174e-20)
(0.0866345 -0.385368 -8.09264e-21)
(0.071474 -0.457273 -1.83565e-21)
(0.0589421 -0.548069 4.00733e-21)
(0.0437404 -0.659622 -3.29402e-22)
(0.0276008 -0.77393 6.94857e-21)
(0.00938924 -0.849336 7.41396e-21)
(0.136904 -0.171932 -3.06394e-21)
(0.128327 -0.249842 2.96869e-21)
(0.125923 -0.269291 9.99537e-22)
(0.10419 -0.313536 0)
(0.0939397 -0.371071 0)
(0.0778299 -0.442551 1.77022e-21)
(0.0642021 -0.533472 8.6618e-21)
(0.0479339 -0.646692 -8.39697e-21)
(0.0305003 -0.764491 -2.43106e-21)
(0.0107494 -0.842764 2.37411e-21)
(0.161613 -0.16882 0)
(0.155917 -0.249684 0)
(0.148067 -0.268147 0)
(0.11891 -0.308355 0)
(0.107932 -0.36522 0)
(0.0884941 -0.434823 0)
(0.0727193 -0.523924 0)
(0.0538442 -0.635137 0)
(0.0337352 -0.75164 0)
(0.0105819 -0.830403 0)
(0.200204 -0.156561 0)
(0.208217 -0.234518 0)
(0.177555 -0.250014 0)
(0.15386 -0.290473 0)
(0.134801 -0.352532 0)
(0.112299 -0.420972 0)
(0.0931255 -0.509941 0)
(0.0705392 -0.618487 0)
(0.0454436 -0.729712 0)
(0.0168873 -0.802731 0)
(0.244109 -0.138644 0)
(0.253669 -0.206635 0)
(0.205613 -0.219929 0)
(0.195943 -0.2606 0)
(0.16256 -0.325728 0)
(0.139408 -0.39356 0)
(0.115922 -0.480822 0)
(0.0869732 -0.586974 0)
(0.0550874 -0.69473 0)
(0.0174263 -0.76859 0)
(0.291443 -0.114742 0)
(0.294585 -0.176331 0)
(0.242285 -0.195793 0)
(0.241962 -0.236938 0)
(0.200607 -0.301475 0)
(0.176965 -0.375151 0)
(0.149793 -0.459328 0)
(0.113618 -0.560463 0)
(0.0731339 -0.660346 0)
(0.0272027 -0.723654 0)
(0.351001 -0.0804329 0)
(0.345309 -0.140956 0)
(0.292546 -0.167549 0)
(0.292071 -0.206428 0)
(0.250193 -0.26438 0)
(0.221113 -0.340651 0)
(0.185935 -0.417836 0)
(0.140819 -0.511281 0)
(0.0888916 -0.606433 0)
(0.0273573 -0.671532 0)
(0.430442 -0.0508039 0)
(0.418639 -0.113297 0)
(0.368444 -0.148975 0)
(0.361285 -0.190506 0)
(0.321468 -0.243483 0)
(0.284738 -0.317452 0)
(0.238325 -0.386268 0)
(0.182842 -0.469718 0)
(0.116833 -0.551617 0)
(0.0445301 -0.599046 0)
(0.526506 -0.013597 0)
(0.512866 -0.0736607 0)
(0.46412 -0.111715 0)
(0.444619 -0.152724 0)
(0.401155 -0.197116 0)
(0.352769 -0.260081 0)
(0.29192 -0.317802 0)
(0.220823 -0.391007 0)
(0.135639 -0.464611 0)
(0.039237 -0.517647 0)
(0.630093 -0.00759839 0)
(0.621702 -0.0564629 0)
(0.582099 -0.0924582 0)
(0.553253 -0.131479 0)
(0.50252 -0.169183 0)
(0.443556 -0.219082 0)
(0.36844 -0.264712 0)
(0.279682 -0.322731 0)
(0.176879 -0.37821 0)
(0.0732404 -0.40618 0)
(0.707768 0.0080874 0)
(0.709237 -0.018396 0)
(0.669901 -0.0410962 0)
(0.635552 -0.0667536 0)
(0.570889 -0.0906215 0)
(0.501962 -0.120692 0)
(0.405522 -0.148274 0)
(0.298527 -0.185271 0)
(0.170781 -0.229649 0)
(0.0246888 -0.28275 0)
(0.886353 -0.01335 0)
(0.881728 -0.0216801 0)
(0.84925 -0.0285074 0)
(0.81175 -0.0378389 0)
(0.748428 -0.0470668 0)
(0.676024 -0.0594779 0)
(0.575199 -0.0730495 0)
(0.456801 -0.0934273 0)
(0.307376 -0.124318 0)
(0.180698 -0.177384 0)
(0.193327 -0.109162 1.71353e-21)
(0.241735 -0.0917784 -1.68952e-21)
(0.292629 -0.0735586 7.58853e-22)
(0.343985 -0.0496752 0)
(0.40396 -0.020577 0)
(0.476426 0.00160579 2.1448e-21)
(0.559072 0.0250358 -1.16628e-20)
(0.644034 0.0184436 1.15848e-20)
(0.710928 0.0202387 3.67678e-21)
(0.888506 -0.0104212 -3.68924e-21)
(0.203298 -0.0833705 -2.67835e-22)
(0.252298 -0.0633628 0)
(0.30464 -0.0459693 6.49397e-21)
(0.357168 -0.0226439 -1.7502e-20)
(0.417297 0.0038143 1.33703e-20)
(0.487363 0.0225003 -1.94337e-21)
(0.565219 0.0401068 4.92273e-21)
(0.643728 0.0284754 1.19332e-20)
(0.708708 0.0247995 3.69027e-21)
(0.886828 -0.00923817 3.48969e-21)
(0.210803 -0.0551431 5.04311e-22)
(0.261393 -0.0323177 -4.70179e-21)
(0.313371 -0.0165484 4.657e-21)
(0.365779 0.0054558 -1.1054e-20)
(0.425133 0.028472 7.88383e-21)
(0.492756 0.0429241 0)
(0.566024 0.0543204 -4.93498e-21)
(0.638945 0.0373447 1.99032e-22)
(0.703749 0.0285202 -6.49701e-21)
(0.883435 -0.0081437 -6.84018e-21)
(0.217543 -0.0251631 -1.50627e-22)
(0.272137 0.000448996 0)
(0.323568 0.01415 0)
(0.375309 0.0341117 0)
(0.433056 0.0529123 1.11359e-20)
(0.497641 0.0624938 -7.67003e-21)
(0.566006 0.0674321 -3.90599e-22)
(0.633659 0.0450066 -6.67028e-21)
(0.698287 0.0314326 -3.45658e-21)
(0.880136 -0.00713401 -3.64064e-21)
(0.22397 0.0060316 1.68273e-21)
(0.282973 0.0339305 -1.59548e-21)
(0.333728 0.04522 -4.30986e-21)
(0.384813 0.0625439 4.30728e-21)
(0.440732 0.0765427 -3.41692e-21)
(0.501982 0.0808265 0)
(0.56541 0.0792409 -5.38258e-21)
(0.628186 0.0515151 1.29633e-20)
(0.69269 0.0336552 -6.64149e-21)
(0.877144 -0.00620369 7.16658e-21)
(0.230492 0.0380995 -4.88064e-21)
(0.292844 0.0673469 -8.13191e-22)
(0.342074 0.0758177 -1.58138e-21)
(0.392376 0.0899531 4.62184e-21)
(0.446344 0.0987478 0)
(0.504233 0.0975213 0)
(0.563007 0.0895456 0)
(0.621535 0.0568681 6.63609e-21)
(0.686455 0.0352527 0)
(0.874018 -0.00535361 0)
(0.237265 0.0705909 0)
(0.301434 0.1 4.83367e-21)
(0.348091 0.105253 -3.40586e-21)
(0.39728 0.115707 -6.83904e-21)
(0.448999 0.119057 6.87489e-21)
(0.503506 0.112278 5.37471e-21)
(0.557994 0.0982119 -5.10191e-21)
(0.613026 0.0610551 -2.32883e-20)
(0.679144 0.0362585 1.66443e-21)
(0.870374 -0.00458616 -5.66666e-21)
(0.244084 0.102888 0)
(0.308437 0.131163 -1.43345e-21)
(0.35177 0.132909 -1.21964e-21)
(0.399578 0.139322 0)
(0.448723 0.137166 2.49645e-21)
(0.499823 0.124939 -7.34303e-21)
(0.550386 0.105206 9.24219e-21)
(0.602667 0.0641116 3.57935e-21)
(0.670714 0.0367191 -3.71947e-21)
(0.866119 -0.0038945 7.54772e-21)
(0.250507 0.13428 9.70834e-22)
(0.313465 0.160125 2.1665e-21)
(0.353098 0.158224 -2.90054e-22)
(0.399426 0.160417 9.10042e-22)
(0.445824 0.152874 2.15092e-21)
(0.493595 0.135445 4.05954e-21)
(0.540629 0.110574 -1.62486e-21)
(0.590844 0.06613 -1.81918e-21)
(0.661396 0.0367072 3.73176e-21)
(0.861393 -0.00326932 1.95605e-21)
(0.25597 0.164055 -4.28899e-22)
(0.3162 0.186289 4.30698e-22)
(0.352048 0.18076 -6.78132e-22)
(0.396918 0.178717 -9.08946e-22)
(0.440566 0.16607 1.30691e-21)
(0.485227 0.143813 -2.72e-21)
(0.529197 0.114424 2.49823e-21)
(0.577957 0.0672425 9.40743e-22)
(0.651429 0.0363084 0)
(0.856353 -0.00269519 -1.9603e-21)
(0.259924 0.191592 4.99331e-22)
(0.31655 0.209236 -5.01353e-22)
(0.348728 0.200249 -8.32195e-22)
(0.392194 0.194086 -1.06416e-21)
(0.433213 0.176739 -1.38219e-21)
(0.475047 0.150129 -1.52433e-22)
(0.51647 0.116899 8.52282e-22)
(0.564301 0.0676022 2.83831e-21)
(0.641003 0.0356013 0)
(0.851152 -0.00217311 -2.03303e-21)
(0.262085 0.216417 0)
(0.314741 0.228738 -3.05042e-21)
(0.343436 0.216616 5.73245e-21)
(0.385536 0.206537 1.06605e-21)
(0.424069 0.18499 2.76191e-21)
(0.46337 0.154559 4.78364e-21)
(0.502732 0.118187 -1.75387e-21)
(0.550053 0.067373 -1.92636e-21)
(0.63015 0.0346641 4.07999e-21)
(0.8458 -0.00168883 2.02825e-21)
(0.262506 0.238202 0)
(0.311147 0.2448 -3.06897e-21)
(0.33656 0.229977 -1.83119e-21)
(0.377304 0.216234 0)
(0.413472 0.191047 -8.89268e-21)
(0.450535 0.157343 2.93013e-21)
(0.488236 0.118505 3.65869e-21)
(0.535405 0.0667175 1.19561e-20)
(0.619043 0.0335463 -4.06678e-21)
(0.840375 -0.00126815 8.38211e-21)
(0.261272 0.256844 0)
(0.305981 0.257661 3.09549e-21)
(0.328393 0.240598 0)
(0.36776 0.223475 1.09956e-20)
(0.401709 0.195226 -1.10514e-20)
(0.43683 0.158778 -7.21827e-21)
(0.473178 0.118085 -2.26173e-22)
(0.520453 0.0657847 -1.22209e-20)
(0.607539 0.0323536 -2.05006e-21)
(0.83475 -0.000857586 -1.04225e-20)
(0.258564 0.27249 2.22484e-20)
(0.299493 0.267725 -8.33883e-21)
(0.319268 0.248839 1.80641e-21)
(0.357199 0.228635 -9.79693e-21)
(0.389115 0.197876 0)
(0.422572 0.159167 -7.45553e-21)
(0.457796 0.11713 -5.78272e-22)
(0.505473 0.0646789 1.63094e-20)
(0.595871 0.0310963 2.12037e-21)
(0.829174 -0.000507879 -2.11895e-21)
(0.254379 0.285526 -3.35839e-21)
(0.291749 0.275529 1.74075e-20)
(0.309345 0.25514 1.03746e-20)
(0.345727 0.232169 -1.03669e-20)
(0.375855 0.199394 -6.64328e-21)
(0.407911 0.158853 0)
(0.442165 0.115859 -1.63096e-20)
(0.490405 0.0635803 8.24526e-21)
(0.583556 0.0298938 8.5169e-21)
(0.823418 -0.000162429 8.61611e-21)
(0.249448 0.296411 -3.38342e-21)
(0.283391 0.281565 0)
(0.299242 0.259891 0)
(0.333927 0.234457 0)
(0.362473 0.200059 -7.72957e-21)
(0.393303 0.158039 1.43463e-20)
(0.426662 0.114331 1.64542e-20)
(0.475567 0.062488 -2.54994e-20)
(0.571534 0.0286935 4.32577e-21)
(0.817828 6.09479e-05 -1.28026e-20)
(0.242845 0.305884 -4.80893e-21)
(0.273627 0.286546 1.93681e-20)
(0.288344 0.263669 -1.9179e-20)
(0.321195 0.236112 2.6555e-20)
(0.348484 0.200408 -3.34306e-20)
(0.378347 0.157217 0)
(0.41093 0.112934 -8.39891e-21)
(0.460144 0.0616465 -1.47999e-22)
(0.5585 0.027731 -8.79053e-21)
(0.811863 0.000347792 -8.67364e-21)
(0.238258 0.313846 -3.69673e-21)
(0.265506 0.290448 0)
(0.279308 0.266348 -2.69683e-20)
(0.310132 0.236909 5.14247e-20)
(0.336033 0.200052 -2.00372e-20)
(0.364746 0.155889 -4.0226e-21)
(0.396424 0.111169 8.38064e-21)
(0.445833 0.060487 -1.29172e-22)
(0.547259 0.0265802 1.30173e-20)
(0.806296 0.000459258 1.28455e-20)
(0.227775 0.323609 -1.73403e-20)
(0.252838 0.295491 1.69249e-20)
(0.266577 0.270002 2.80278e-21)
(0.295529 0.239108 0)
(0.32088 0.201321 0)
(0.349144 0.156281 3.9324e-21)
(0.380096 0.111021 1.70691e-20)
(0.429282 0.0606046 -1.66732e-20)
(0.532365 0.0261659 -4.19348e-21)
(0.799918 0.000823185 3.98451e-21)
(0.241856 0.317754 0)
(0.250197 0.294088 0)
(0.262198 0.262797 0)
(0.284316 0.228724 0)
(0.303046 0.189422 0)
(0.325836 0.144704 0)
(0.352362 0.100433 0)
(0.402259 0.0539014 0)
(0.511954 0.0226528 0)
(0.786911 0.000857075 0)
(0.218408 0.307953 0)
(0.213894 0.285577 0)
(0.234459 0.248025 0)
(0.246699 0.214939 0)
(0.263392 0.174333 0)
(0.282937 0.131197 0)
(0.310372 0.0886745 0)
(0.366462 0.0465827 0)
(0.492674 0.0188011 0)
(0.783391 0.00122379 0)
(0.184072 0.300244 0)
(0.172436 0.275439 0)
(0.201088 0.235505 0)
(0.20182 0.204594 0)
(0.221107 0.162451 0)
(0.237684 0.122559 0)
(0.267581 0.0817716 0)
(0.328954 0.0431772 0)
(0.464856 0.0176332 0)
(0.763366 0.00138987 0)
(0.151369 0.293373 0)
(0.13995 0.26555 0)
(0.169668 0.227741 0)
(0.160776 0.197141 0)
(0.183732 0.155236 0)
(0.197247 0.118567 0)
(0.231345 0.0794917 0)
(0.301025 0.0436086 0)
(0.453057 0.017331 0)
(0.764825 0.00224423 0)
(0.119486 0.28816 0)
(0.110623 0.258548 0)
(0.135642 0.22476 0)
(0.121797 0.193825 0)
(0.145094 0.154881 0)
(0.15551 0.12052 0)
(0.191211 0.0835684 0)
(0.263094 0.0504345 0)
(0.419905 0.0230741 0)
(0.736472 0.00363033 0)
(0.092662 0.283762 0)
(0.0863558 0.256792 0)
(0.105942 0.226246 0)
(0.0929914 0.197726 0)
(0.114208 0.163572 0)
(0.124266 0.132332 0)
(0.163707 0.0979477 0)
(0.242419 0.0659937 0)
(0.408768 0.0345188 0)
(0.733669 0.00798914 0)
(0.0589859 0.288215 0)
(0.0547805 0.2693 0)
(0.0677214 0.238739 0)
(0.0581523 0.217941 0)
(0.0734778 0.188332 0)
(0.0821616 0.164314 0)
(0.120204 0.13572 0)
(0.196797 0.107021 0)
(0.35661 0.0686693 0)
(0.676164 0.0173278 0)
(0.0447732 0.344989 0)
(0.0475488 0.340303 0)
(0.0567784 0.302877 0)
(0.0544992 0.289227 0)
(0.0671398 0.257192 0)
(0.0778935 0.239708 0)
(0.115704 0.213126 0)
(0.188606 0.184889 0)
(0.338803 0.131899 0)
(0.641383 0.0390848 0)
(0.00585646 0.524064 0)
(0.00450931 0.525832 0)
(0.00419302 0.488901 0)
(0.0032518 0.482974 0)
(0.00747561 0.453498 0)
(0.0175397 0.444279 0)
(0.048118 0.414114 0)
(0.106789 0.375438 0)
(0.226701 0.282991 0)
(0.481159 0.0829665 0)
(0.0148257 0.772496 0)
(0.0182921 0.77101 0)
(0.0218941 0.753169 0)
(0.0281614 0.749133 0)
(0.0374433 0.730498 0)
(0.0517078 0.718335 0)
(0.074069 0.681616 0)
(0.11287 0.621292 0)
(0.181236 0.47528 0)
(0.327599 0.156741 0)
(0.226194 0.347561 1.71875e-20)
(0.198557 0.3398 -1.67816e-20)
(0.165362 0.330071 2.73592e-21)
(0.135461 0.319706 0)
(0.105843 0.311064 0)
(0.0812442 0.302786 3.315e-21)
(0.0513297 0.309958 -1.36366e-20)
(0.0371154 0.373008 1.3494e-20)
(0.00433836 0.549408 3.43264e-21)
(0.0131337 0.783227 -3.48733e-21)
(0.220416 0.35148 -1.47796e-20)
(0.190888 0.344589 0)
(0.158091 0.335614 1.8301e-20)
(0.129134 0.325728 -4.30862e-20)
(0.100243 0.317227 2.80208e-20)
(0.0765464 0.30925 -3.08218e-21)
(0.0481099 0.318197 5.99817e-21)
(0.0340248 0.384081 1.21329e-20)
(0.0036878 0.559112 2.8791e-21)
(0.0123747 0.786923 2.9587e-21)
(0.213703 0.353525 1.73736e-20)
(0.183631 0.346025 -1.7805e-20)
(0.151576 0.337773 1.7645e-20)
(0.123443 0.328939 -2.191e-20)
(0.0951611 0.321268 1.6035e-20)
(0.0722428 0.314786 0)
(0.045034 0.325847 -6.01257e-21)
(0.0310908 0.39454 -2.20672e-22)
(0.00295017 0.568064 -5.94821e-21)
(0.0115207 0.790133 -6.05476e-21)
(0.206523 0.359318 -3.10116e-21)
(0.176618 0.351292 0)
(0.145506 0.342769 0)
(0.118144 0.333823 0)
(0.0904785 0.326228 1.65256e-20)
(0.0682763 0.32076 -1.11169e-20)
(0.0420866 0.333463 -1.41638e-22)
(0.0283105 0.404397 -5.81757e-21)
(0.00215312 0.576313 -2.86693e-21)
(0.010606 0.793259 -2.81918e-21)
(0.199675 0.366461 3.56371e-21)
(0.169979 0.35872 -9.6448e-21)
(0.139693 0.34986 -9.32977e-21)
(0.113018 0.340372 9.32664e-21)
(0.0860256 0.332346 -5.3366e-21)
(0.0644933 0.327174 0)
(0.0391841 0.341062 -5.63066e-21)
(0.0256541 0.413566 1.12298e-20)
(0.00133271 0.583814 -5.53098e-21)
(0.00967505 0.796204 5.75341e-21)
(0.193484 0.373526 -2.16204e-20)
(0.163884 0.366183 1.23898e-21)
(0.134223 0.357147 -1.1153e-21)
(0.108115 0.347436 8.92361e-21)
(0.0817324 0.339 0)
(0.0608104 0.333843 0)
(0.0363063 0.348431 0)
(0.0230942 0.421959 5.28288e-21)
(0.00049087 0.590477 0)
(0.00875158 0.798763 0)
(0.18798 0.380772 0)
(0.158355 0.373483 1.06878e-20)
(0.12917 0.364202 -7.4197e-21)
(0.103528 0.354395 -9.31234e-21)
(0.0776753 0.345663 9.36213e-21)
(0.0572141 0.340663 5.08737e-21)
(0.0334088 0.355503 -4.99592e-21)
(0.0206137 0.42952 -1.81268e-20)
(-0.00040404 0.59622 1.28815e-21)
(0.00783935 0.80078 -3.84898e-21)
(0.183185 0.388453 0)
(0.15336 0.381006 -3.28087e-21)
(0.124521 0.371291 -1.87748e-21)
(0.0992866 0.361315 0)
(0.0739097 0.352299 2.461e-21)
(0.0537549 0.347421 -7.15285e-21)
(0.030496 0.362301 7.50664e-21)
(0.0181649 0.436216 2.6103e-21)
(-0.00139805 0.600985 -2.3882e-21)
(0.00693181 0.802219 5.18071e-21)
(0.179102 0.396497 1.77818e-21)
(0.148889 0.388892 3.32852e-21)
(0.120257 0.378603 -5.92469e-22)
(0.0953921 0.368374 1.00945e-21)
(0.07044 0.359012 2.27127e-21)
(0.0504568 0.354055 3.52388e-21)
(0.0275778 0.368785 -1.1581e-21)
(0.0156927 0.442033 -1.17034e-21)
(-0.00253767 0.60472 2.39609e-21)
(0.00602595 0.803059 1.19133e-21)
(0.175644 0.40472 -6.05752e-22)
(0.144943 0.397013 6.16276e-22)
(0.116377 0.386088 -8.91847e-22)
(0.0918456 0.375599 -1.00821e-21)
(0.067249 0.365844 1.08687e-21)
(0.0473313 0.360561 -2.23847e-21)
(0.024674 0.374906 1.72581e-21)
(0.0131438 0.447045 5.99305e-22)
(-0.00385687 0.607322 0)
(0.00512516 0.803366 -1.19395e-21)
(0.00106961 -0.00481483 0)
(0.0015747 -0.00918553 0)
(0.00263959 -0.00997973 4.72291e-21)
(0.00499608 -0.00724027 0)
(0.00844289 -0.00135934 -9.15424e-22)
(0.0126912 0.00738863 8.48307e-22)
(0.017522 0.0186445 0)
(0.0230525 0.0318694 0)
(0.0302119 0.046081 -7.54154e-22)
(0.0372115 0.0558663 1.37542e-21)
(-0.000135241 -0.00343566 0)
(0.00103733 -0.00825331 4.69876e-21)
(0.00301016 -0.0105151 1.40493e-21)
(0.00602385 -0.0100009 3.58829e-21)
(0.00966953 -0.00707281 1.49219e-21)
(0.0135306 -0.00201517 2.49775e-21)
(0.0172852 0.00490448 0)
(0.0207826 0.0134268 0)
(0.0240657 0.0228178 0)
(0.0273634 0.0303258 9.10721e-23)
(-0.00122116 -0.00208125 0)
(0.00127359 -0.006406 1.65506e-21)
(0.0051293 -0.00850393 -2.2418e-21)
(0.00989933 -0.00822301 -2.55864e-21)
(0.0149645 -0.00592153 2.32504e-22)
(0.0198044 -0.00192409 2.42027e-22)
(0.0240743 0.00354015 -1.11403e-21)
(0.0276996 0.0103164 5.93486e-22)
(0.0307577 0.017586 -4.88703e-22)
(0.033781 0.0229118 -3.23197e-22)
(-0.00187873 -0.000904946 9.29908e-22)
(0.00275211 -0.00391487 -4.80463e-21)
(0.00948617 -0.00430035 -6.43663e-21)
(0.0171005 -0.00235658 5.80301e-21)
(0.0247703 0.00151758 -3.09996e-21)
(0.031885 0.00689708 -2.14343e-21)
(0.0380927 0.0134837 3.46431e-22)
(0.0433905 0.0210983 -1.23553e-21)
(0.0479324 0.0288584 -2.7496e-22)
(0.051738 0.0342001 5.23822e-22)
(-0.00179875 1.24336e-05 9.64288e-22)
(0.00588563 -0.000989149 -9.16184e-22)
(0.0164302 0.00167594 0)
(0.0278156 0.00687465 -4.9881e-21)
(0.0389997 0.0140931 8.68829e-22)
(0.0492597 0.0227352 1.97983e-22)
(0.058205 0.0323376 8.97998e-22)
(0.0658178 0.0425949 1.57487e-21)
(0.0723017 0.0526662 -2.37172e-22)
(0.0771821 0.0598018 -6.85265e-22)
(-0.000740281 0.000701745 0)
(0.0109935 0.00227849 5.37132e-21)
(0.0261213 0.00904306 -1.54442e-21)
(0.0419157 0.0186528 3.2178e-21)
(0.057076 0.0303525 -9.17639e-22)
(0.0707376 0.0432955 -6.0386e-23)
(0.0824526 0.0567964 -3.02792e-23)
(0.0921514 0.0703781 -1.27225e-21)
(0.10007 0.0833627 1.81423e-21)
(0.105766 0.0931754 -1.29006e-21)
(0.00144402 0.00128243 -6.36781e-22)
(0.0182446 0.00594367 -3.69609e-21)
(0.0385079 0.0175687 0)
(0.0589657 0.0322451 -3.25944e-21)
(0.0780245 0.0488272 2.72765e-21)
(0.0946739 0.066141 6.26586e-22)
(0.10844 0.0832722 -1.57792e-21)
(0.119261 0.0996097 0)
(0.127396 0.114643 0)
(0.132917 0.126751 0)
(0.00481356 0.00195267 6.13906e-22)
(0.0276131 0.0102242 1.44571e-21)
(0.0532886 0.0271803 -1.54424e-21)
(0.0782199 0.0470512 -1.7149e-21)
(0.100526 0.0681427 -1.27485e-21)
(0.119113 0.0889141 -7.88373e-22)
(0.133585 0.108281 0)
(0.14403 0.125626 -1.26851e-21)
(0.150836 0.140585 4.49367e-22)
(0.15459 0.152964 0)
(0.00931404 0.00295838 0)
(0.038864 0.0154227 -3.08214e-21)
(0.0698822 0.0378741 1.54379e-21)
(0.0986123 0.0624958 1.17775e-21)
(0.122971 0.0869379 -2.92956e-23)
(0.141943 0.109353 3.57713e-22)
(0.155398 0.128653 -4.38788e-22)
(0.163759 0.144418 0)
(0.167731 0.156594 7.38529e-22)
(0.168176 0.166073 9.95672e-22)
(0.0148022 0.0045442 -1.0131e-22)
(0.0515528 0.0218165 1.17493e-21)
(0.0874346 0.0495557 7.1613e-23)
(0.118817 0.0778635 -2.36002e-23)
(0.143625 0.103773 3.58966e-22)
(0.161196 0.125365 0)
(0.171913 0.141841 4.38653e-22)
(0.176723 0.153254 0)
(0.176787 0.160122 0)
(0.173207 0.16382 0)
(0.0210961 0.00691159 2.13576e-22)
(0.0650705 0.0295444 0)
(0.104902 0.0619046 0)
(0.137428 0.0922365 4.83367e-22)
(0.160936 0.117241 -1.35655e-22)
(0.175461 0.135352 -2.49128e-23)
(0.182142 0.146447 2.61127e-22)
(0.182582 0.15133 0)
(0.178438 0.151231 0)
(0.17121 0.147789 0)
(0.02792 0.0101981 0)
(0.0786742 0.0385718 5.07556e-22)
(0.121185 0.0744125 -4.67972e-22)
(0.153219 0.104694 -6.35439e-22)
(0.173872 0.126342 0)
(0.184198 0.138684 -6.08634e-22)
(0.186243 0.142632 5.66009e-22)
(0.182278 0.139898 0)
(0.174428 0.13238 -1.6908e-21)
(0.164571 0.122025 1.60592e-21)
(0.034847 0.0144328 0)
(0.0914527 0.0486107 -4.45655e-21)
(0.135198 0.0863745 0)
(0.165276 0.114429 -2.40692e-21)
(0.182018 0.130653 0)
(0.187685 0.135751 2.16686e-21)
(0.185213 0.131849 0)
(0.177438 0.121523 -3.15619e-21)
(0.16682 0.10715 2.95627e-21)
(0.15535 0.0909212 3.57983e-21)
(0.0414341 0.01952 1.45468e-21)
(0.10258 0.059179 2.09967e-21)
(0.146165 0.0971058 8.99011e-22)
(0.17323 0.121031 1.28393e-21)
(0.185615 0.130472 1.03748e-21)
(0.186784 0.127774 -1.01127e-21)
(0.180403 0.116232 -1.07498e-21)
(0.169686 0.0990644 4.65773e-22)
(0.157245 0.0788912 -2.84146e-21)
(0.144876 0.0579574 -3.6001e-21)
(0.0472443 0.0252497 1.64006e-21)
(0.111394 0.0697068 1.7996e-21)
(0.153664 0.106104 2.11499e-21)
(0.177157 0.12453 -1.13538e-21)
(0.185285 0.126592 0)
(0.182537 0.116291 0)
(0.173068 0.097868 2.28881e-21)
(0.160272 0.0749031 2.5665e-21)
(0.146746 0.0500528 -2.53058e-21)
(0.133925 0.0254786 3.91281e-21)
(0.0518861 0.0313215 -1.2359e-21)
(0.117448 0.0796375 -3.7897e-22)
(0.157601 0.11311 2.77057e-21)
(0.17743 0.125273 -2.69721e-21)
(0.181786 0.119988 5.92346e-22)
(0.175916 0.102732 0)
(0.164209 0.0784181 0)
(0.150062 0.0507398 -9.50263e-21)
(0.135953 0.0222486 1.15789e-20)
(0.122965 -0.00504899 8.53768e-21)
(0.0550596 0.0373833 -9.03409e-21)
(0.120533 0.0885021 0)
(0.158132 0.118079 -3.88194e-21)
(0.174561 0.123759 2.05634e-21)
(0.175855 0.111574 0)
(0.16774 0.0882228 -6.34317e-22)
(0.154597 0.0590445 1.34181e-21)
(0.13967 0.0276691 6.00997e-21)
(0.125289 -0.00353016 -2.74648e-21)
(0.112349 -0.0327007 -4.70835e-21)
(0.0565888 0.0430765 1.56764e-20)
(0.120661 0.0959555 7.527e-22)
(0.155576 0.12111 -4.44595e-22)
(0.169086 0.120493 -1.46677e-21)
(0.168128 0.102085 -5.16187e-22)
(0.158658 0.073549 -1.3227e-21)
(0.144843 0.0404752 -1.68916e-21)
(0.129619 0.00631196 0)
(0.115176 -0.026809 0)
(0.102433 -0.0570871 -4.91757e-21)
(0.0564361 0.0480788 -6.64228e-21)
(0.11803 0.101786 1.23239e-21)
(0.150327 0.122379 -7.96521e-22)
(0.161482 0.11591 3.48571e-21)
(0.159091 0.0920364 -1.39911e-21)
(0.149132 0.0591667 -8.15591e-22)
(0.13545 0.0230513 -1.61705e-22)
(0.120554 -0.0130747 0)
(0.106409 -0.0474059 0)
(0.0939107 -0.0781107 1.92597e-21)
(0.0546981 0.0521382 3.09953e-22)
(0.112959 0.105904 -8.42989e-22)
(0.142775 0.122086 -3.59393e-22)
(0.152168 0.110382 0)
(0.149061 0.0817564 0)
(0.139359 0.0452055 3.79953e-21)
(0.126657 0.00658578 0)
(0.113094 -0.0309699 -1.72721e-21)
(0.100317 -0.0658262 1.13733e-21)
(0.0886426 -0.0959689 4.69208e-22)
(0.0515699 0.0550915 0)
(0.105813 0.108316 0)
(0.133344 0.120469 -6.68024e-21)
(0.1415 0.104233 0)
(0.138166 0.0715423 3.82186e-21)
(0.129156 0.031721 -3.54221e-21)
(0.117927 -0.00952545 0)
(0.106412 -0.0495487 0)
(0.0957616 -0.0875161 -2.79496e-21)
(0.0848996 -0.12222 6.24782e-21)
(0.0472864 0.0568364 0)
(0.0970048 0.10908 -4.56806e-21)
(0.122473 0.117774 -3.92652e-21)
(0.129781 0.0977983 -1.06951e-20)
(0.126517 0.0618454 -5.95707e-21)
(0.118235 0.0194856 -1.47291e-20)
(0.10821 -0.0235946 0)
(0.0981166 -0.0647622 0)
(0.088548 -0.102965 0)
(0.078183 -0.136559 1.10773e-21)
(0.0421326 0.0573321 0)
(0.0869975 0.108305 -4.73259e-21)
(0.110579 0.114205 2.80528e-21)
(0.117376 0.0913264 8.05557e-21)
(0.114435 0.0529249 -1.85638e-21)
(0.106926 0.00877962 -1.74122e-21)
(0.0979133 -0.0353594 1.05297e-20)
(0.0888912 -0.0767637 -9.03149e-21)
(0.080307 -0.114268 1.42629e-20)
(0.071199 -0.146437 -1.27173e-20)
(0.0364508 0.0566723 -1.187e-21)
(0.0762568 0.106183 5.79102e-21)
(0.0980662 0.109947 1.39125e-20)
(0.104641 0.084958 -2.1499e-20)
(0.102293 0.0448443 1.25004e-20)
(0.0957108 -0.000462796 1.20059e-20)
(0.0877468 -0.0451393 -4.76407e-21)
(0.0798122 -0.0863989 1.83485e-20)
(0.0723783 -0.123096 5.26889e-22)
(0.0648069 -0.154264 -7.84411e-21)
(0.0305605 0.0550237 -1.53031e-21)
(0.0651971 0.102936 1.45416e-21)
(0.0852967 0.105158 0)
(0.0918878 0.0787625 1.83275e-20)
(0.0903981 0.0375663 -3.62116e-21)
(0.084964 -0.00842714 -3.43344e-22)
(0.0782061 -0.0533451 -6.32809e-21)
(0.0714814 -0.0943661 -1.60202e-20)
(0.0653061 -0.130427 9.21417e-22)
(0.0592989 -0.160986 1.29228e-20)
(0.0247298 0.0525972 0)
(0.0541673 0.0988043 -1.09692e-20)
(0.0725762 0.0999758 3.50081e-21)
(0.0793698 0.0727696 -1.25529e-20)
(0.0789797 0.0310183 3.87508e-21)
(0.0749212 -0.0152933 -6.72153e-23)
(0.0695508 -0.0602824 3.2952e-23)
(0.0641614 -0.101103 1.11916e-20)
(0.0593063 -0.136749 -1.50801e-20)
(0.0548058 -0.166974 1.42973e-20)
(0.0191631 0.0496265 9.80381e-22)
(0.0434442 0.0940307 7.17304e-21)
(0.060155 0.0945227 0)
(0.0672879 0.0669895 1.27269e-20)
(0.0681992 0.0251252 -1.23415e-20)
(0.0657239 -0.0212006 -3.71863e-21)
(0.061911 -0.0661366 1.01341e-20)
(0.0579667 -0.106813 0)
(0.054464 -0.142231 0)
(0.0513859 -0.172309 0)
(0.0139956 0.0463451 -1.05649e-21)
(0.0332312 0.0888496 -3.09787e-21)
(0.0482325 0.0889091 4.34424e-21)
(0.0558019 0.061426 6.60428e-21)
(0.0581746 0.0198224 6.24913e-21)
(0.0574589 -0.026244 3.7892e-21)
(0.0553525 -0.0710024 0)
(0.0529477 -0.111561 5.88748e-21)
(0.0508187 -0.146876 -2.83978e-21)
(0.0490754 -0.176922 0)
(0.00929673 0.0429649 0)
(0.0236666 0.0834725 6.21792e-21)
(0.0369669 0.0832338 -4.34319e-21)
(0.0450441 0.0560838 -4.37967e-21)
(0.0489991 0.0150614 -7.09241e-24)
(0.0501856 -0.0304807 -1.88804e-21)
(0.049913 -0.0749108 1.64185e-21)
(0.0491338 -0.115325 0)
(0.0484051 -0.1506 -2.67383e-21)
(0.0479206 -0.18067 -2.49072e-21)
(0.00508098 0.0396835 1.41944e-22)
(0.0148358 0.0780862 -2.39848e-21)
(0.026487 0.0775788 -3.0652e-22)
(0.0351316 0.0509624 -1.98181e-23)
(0.0407548 0.0108029 -1.54144e-21)
(0.0439515 -0.0339436 0)
(0.0456191 -0.0778509 -1.64128e-21)
(0.0465484 -0.118032 0)
(0.0472633 -0.153264 0)
(0.0479876 -0.183369 0)
(0.00131208 0.0367306 -2.86008e-22)
(0.00677512 0.0728619 0)
(0.0169005 0.0720014 0)
(0.0261814 0.0460362 -1.52442e-21)
(0.0335311 0.0069801 4.62324e-22)
(0.0388089 -0.036693 -3.91314e-23)
(0.0424958 -0.0798365 -7.77868e-22)
(0.0452076 -0.119625 0)
(0.047429 -0.15474 0)
(0.0493526 -0.184839 0)
(-0.00210514 0.0342114 0)
(-0.000545397 0.0679057 -1.1092e-21)
(0.00828403 0.066558 1.02297e-21)
(0.0183064 0.0413095 2.04656e-21)
(0.027429 0.00357387 0)
(0.0348273 -0.0387335 1.54301e-21)
(0.0405834 -0.0808249 -1.4349e-21)
(0.045136 -0.119997 0)
(0.0489406 -0.154857 2.26256e-21)
(0.052107 -0.184874 -2.18318e-21)
(-0.00525197 0.0320827 0)
(-0.0071165 0.0632213 8.44134e-21)
(0.000744197 0.0613015 0)
(0.0116394 0.0368517 7.27364e-21)
(0.02256 0.000647217 0)
(0.0320765 -0.0400065 -5.42221e-21)
(0.0399103 -0.0807399 0)
(0.0463299 -0.119028 4.35382e-21)
(0.0517906 -0.153448 -4.0776e-21)
(0.0563191 -0.183277 -3.74371e-21)
(-0.00818619 0.0303125 -2.2334e-21)
(-0.0128931 0.0588051 -4.20926e-21)
(-0.00558382 0.0562779 -1.9457e-21)
(0.00633628 0.0327297 -3.88525e-21)
(0.0190521 -0.00173382 -3.12972e-21)
(0.0306322 -0.0404501 2.98509e-21)
(0.0404989 -0.0795069 2.26604e-21)
(0.0487566 -0.116609 -2.86141e-22)
(0.0558905 -0.150353 3.52223e-21)
(0.0619903 -0.179875 3.73932e-21)
(-0.0109354 0.028834 -2.2592e-21)
(-0.0177949 0.054631 -4.10119e-21)
(-0.0105423 0.0515443 -7.18481e-21)
(0.00256667 0.0290463 3.34735e-21)
(0.0170432 -0.00345988 0)
(0.0305765 -0.0399665 0)
(0.0423705 -0.0770315 -3.50666e-21)
(0.0523728 -0.112626 -3.02401e-21)
(0.061055 -0.145415 2.60351e-21)
(0.0689598 -0.174414 -3.9079e-21)
(-0.0134771 0.0275375 2.22231e-21)
(-0.0216933 0.0506579 1.88799e-21)
(-0.0139488 0.047178 -1.04426e-20)
(0.000509844 0.0259525 1.41398e-20)
(0.0166753 -0.00435986 -2.55074e-21)
(0.0319928 -0.0384022 0)
(0.0455481 -0.0731834 0)
(0.0571691 -0.10696 1.2112e-20)
(0.0671859 -0.138523 -1.19026e-20)
(0.076938 -0.166629 -7.2862e-21)
(-0.0157274 0.0262921 1.90684e-20)
(-0.024404 0.0468431 0)
(-0.0156016 0.0432808 1.4091e-20)
(0.000346827 0.0236463 -1.1379e-20)
(0.0180894 -0.00419945 0)
(0.0349666 -0.035538 2.6985e-21)
(0.0500447 -0.067789 -6.33731e-21)
(0.0631106 -0.0994931 -8.01822e-21)
(0.0743107 -0.129659 3.45353e-21)
(0.0857257 -0.156406 3.81598e-21)
(-0.0175432 0.024969 -3.90683e-20)
(-0.0256918 0.0431522 -3.9158e-21)
(-0.0152886 0.0399769 -6.76532e-21)
(0.00225122 0.0223621 -1.26005e-20)
(0.0214238 -0.00268332 -3.04389e-21)
(0.0395945 -0.0310684 -1.3813e-21)
(0.0558804 -0.0605833 1.19654e-21)
(0.0700732 -0.0900259 0)
(0.0823831 -0.118535 0)
(0.0951378 -0.143625 4.37614e-21)
(-0.0187247 0.0234488 2.00004e-20)
(-0.0252932 0.0395782 -1.75313e-20)
(-0.0128045 0.0374045 1.04668e-20)
(0.00637909 0.022343 1.65766e-20)
(0.0268196 0.000520907 -3.74747e-21)
(0.0460194 -0.0245831 2.36993e-21)
(0.0631924 -0.0510951 1.25145e-21)
(0.0781356 -0.078026 0)
(0.0911806 -0.104554 0)
(0.104648 -0.128304 -1.40373e-21)
(-0.0190212 0.0216419 -2.75608e-21)
(-0.0229421 0.0361522 2.16271e-20)
(-0.00797927 0.0356922 -3.77405e-21)
(0.0128538 0.0237855 0)
(0.0344317 0.00569927 0)
(0.0544893 -0.0156378 3.3175e-21)
(0.0723495 -0.038585 0)
(0.0877465 -0.0622177 -3.15385e-22)
(0.100755 -0.0858133 2.19755e-23)
(0.113244 -0.108477 2.63139e-22)
(-0.0181595 0.0195127 0)
(-0.0184004 0.0329365 0)
(-0.000711016 0.0349308 -1.45932e-20)
(0.0217265 0.0267659 0)
(0.0443999 0.0129215 2.10293e-21)
(0.0654564 -0.0041164 -1.94884e-21)
(0.0845629 -0.0227748 0)
(0.101871 -0.0419824 0)
(0.117661 -0.0612322 -4.8575e-22)
(0.134129 -0.0801022 1.16386e-21)
(-0.015864 0.0170869 0)
(-0.0114922 0.03003 -1.655e-20)
(0.00898913 0.0351676 -5.30876e-21)
(0.0328731 0.0312058 -1.04613e-20)
(0.0565377 0.0219163 -4.02943e-21)
(0.0786473 0.00936613 -5.34461e-21)
(0.0991942 -0.00506447 0)
(0.118592 -0.0205248 0)
(0.137043 -0.0369824 0)
(0.155235 -0.0541194 -1.26453e-22)
(-0.0119108 0.0144797 0)
(-0.00215781 0.0275907 -6.60719e-21)
(0.0209578 0.036425 6.75378e-21)
(0.0459589 0.036929 7.20618e-21)
(0.0703083 0.0322732 -1.07209e-21)
(0.0931634 0.0241458 -1.00514e-21)
(0.114655 0.0137033 2.23804e-21)
(0.135118 0.00160483 -1.13812e-21)
(0.15446 -0.0121111 1.38656e-21)
(0.172343 -0.0268458 -1.36915e-21)
(-0.00617745 0.0118949 -3.84861e-21)
(0.00954122 0.0258184 1.74212e-20)
(0.0349225 0.0387153 2.19938e-20)
(0.0605315 0.0437357 -1.83909e-20)
(0.0850397 0.043584 8.88766e-21)
(0.108018 0.0396554 5.35603e-21)
(0.129589 0.0329525 -3.82097e-22)
(0.149881 0.0240817 2.72451e-21)
(0.1686 0.0132769 1.28207e-21)
(0.18514 0.00117304 -1.45334e-21)
(0.00134357 0.00959735 -3.74253e-21)
(0.0234225 0.024946 3.55664e-21)
(0.0505335 0.0420691 0)
(0.0761132 0.0514604 1.6186e-20)
(0.100122 0.0555126 -2.82366e-21)
(0.122487 0.0554332 -9.11333e-22)
(0.143288 0.052164 -2.66668e-21)
(0.162529 0.0463675 -5.41583e-21)
(0.179924 0.0384961 8.97096e-22)
(0.195006 0.0290751 5.34951e-21)
(0.0105379 0.00788433 0)
(0.039196 0.0252282 -1.99775e-20)
(0.0674064 0.046548 5.74151e-21)
(0.092274 0.0600076 -1.18227e-20)
(0.115113 0.0678553 3.26163e-21)
(0.136193 0.0712185 -1.2838e-22)
(0.155598 0.0710664 -2.17151e-22)
(0.173334 0.0681883 4.82171e-21)
(0.189274 0.0632347 -7.42755e-21)
(0.203203 0.0565874 8.15701e-21)
(0.0211682 0.00705725 2.26432e-21)
(0.0564829 0.0269197 1.37526e-20)
(0.0851543 0.0522385 0)
(0.108667 0.069356 1.23142e-20)
(0.129754 0.0805429 -1.09864e-20)
(0.149046 0.0869456 -2.52981e-21)
(0.16669 0.0896251 6.20366e-21)
(0.182783 0.0895207 0)
(0.197397 0.0874343 0)
(0.210532 0.0836175 0)
(0.0328832 0.00738615 -2.10552e-21)
(0.074836 0.0302458 -5.23742e-21)
(0.1034 0.0592357 6.0551e-21)
(0.125022 0.0795337 7.21916e-21)
(0.143915 0.0935919 5.19052e-21)
(0.161103 0.102653 3.52415e-21)
(0.176838 0.1079 0)
(0.191325 0.1104 5.11065e-21)
(0.204792 0.111049 -2.04545e-21)
(0.21738 0.110008 0)
(0.0452346 0.00907783 0)
(0.0937516 0.0353772 1.0834e-20)
(0.121777 0.0676207 -6.05394e-21)
(0.141121 0.0905849 -4.96762e-21)
(0.157532 0.107046 1.72071e-22)
(0.172459 0.118398 -1.5602e-21)
(0.186266 0.125938 1.8713e-21)
(0.199237 0.130815 0)
(0.211684 0.133958 -2.74069e-21)
(0.223811 0.1355 -3.35986e-21)
(0.0577307 0.0122472 2.7569e-22)
(0.112698 0.0424029 -4.03109e-21)
(0.139924 0.0774401 -3.59312e-22)
(0.156765 0.102541 3.67361e-23)
(0.170547 0.120939 -1.67575e-21)
(0.183163 0.134206 0)
(0.195079 0.14373 -1.87082e-21)
(0.20661 0.150683 0)
(0.218073 0.155978 0)
(0.229678 0.159784 0)
(0.0699988 0.0169142 -5.18395e-22)
(0.131222 0.0513339 0)
(0.157533 0.0887091 0)
(0.171789 0.115423 -2.14218e-21)
(0.182906 0.135287 6.49691e-22)
(0.19323 0.150074 2.4873e-23)
(0.203304 0.161226 -1.1421e-21)
(0.213422 0.169886 0)
(0.223852 0.176916 0)
(0.234751 0.182581 0)
(0.0815791 0.0230174 0)
(0.148816 0.0620868 -1.61353e-21)
(0.174265 0.101341 1.48836e-21)
(0.186001 0.129165 2.8441e-21)
(0.194506 0.150037 0)
(0.202595 0.16594 2.7108e-21)
(0.210866 0.178337 -2.5209e-21)
(0.219562 0.188299 0)
(0.228861 0.196624 5.4401e-21)
(0.23882 0.203701 -5.34776e-21)
(0.0918943 0.0303934 0)
(0.164929 0.0744994 1.04543e-20)
(0.189773 0.115221 0)
(0.1992 0.143688 1.12931e-20)
(0.205228 0.165127 0)
(0.211168 0.181738 -1.15384e-20)
(0.217676 0.194974 0)
(0.224924 0.205817 1.20334e-20)
(0.232987 0.214993 -1.127e-20)
(0.241796 0.223013 -1.33363e-20)
(0.100465 0.0387613 -2.57269e-21)
(0.179051 0.0882884 -5.37494e-21)
(0.203724 0.13016 -2.4295e-21)
(0.211186 0.158867 -5.39532e-21)
(0.214944 0.180463 -5.44777e-21)
(0.218851 0.197383 5.32403e-21)
(0.223635 0.211058 5.77831e-21)
(0.229405 0.222369 -2.18262e-22)
(0.236131 0.231974 1.23461e-20)
(0.243609 0.240475 1.33224e-20)
(0.106909 0.0477513 -1.92043e-21)
(0.190737 0.103077 -4.46109e-21)
(0.215814 0.145901 -9.91331e-21)
(0.221774 0.174539 4.83687e-21)
(0.223536 0.195936 0)
(0.225552 0.2128 0)
(0.228669 0.226539 -1.35551e-20)
(0.232953 0.237941 -1.40351e-20)
(0.238276 0.247598 1.44096e-20)
(0.24429 0.256168 -1.63411e-20)
(0.110938 0.0569218 1.30512e-21)
(0.199608 0.118406 2.30745e-21)
(0.225769 0.162133 -9.17232e-21)
(0.230797 0.190507 2.45975e-20)
(0.230897 0.211425 -5.11837e-21)
(0.231195 0.227921 0)
(0.232712 0.241401 0)
(0.235497 0.252575 7.21482e-20)
(0.239328 0.261986 -7.37099e-20)
(0.243718 0.270305 -5.23325e-20)
(0.112367 0.065783 2.0342e-22)
(0.205355 0.133744 0)
(0.233351 0.178493 1.46809e-20)
(0.238109 0.206545 -1.90561e-20)
(0.236946 0.2268 0)
(0.235739 0.242683 1.33981e-20)
(0.235766 0.255639 -3.94957e-20)
(0.237114 0.266334 -5.95356e-20)
(0.239489 0.275295 2.90052e-20)
(0.24226 0.283159 3.30535e-20)
(0.111137 0.073828 5.53386e-21)
(0.207757 0.148508 -1.54134e-21)
(0.238365 0.194567 -3.41773e-21)
(0.243589 0.2224 -1.81582e-20)
(0.241622 0.241925 -1.17082e-20)
(0.239158 0.257048 -1.30402e-20)
(0.237812 0.269314 6.69444e-23)
(0.237734 0.27938 0)
(0.238529 0.287811 0)
(0.239387 0.295166 7.20017e-20)
(0.107315 0.0805662 -5.73757e-21)
(0.206678 0.162063 4.77556e-21)
(0.240663 0.209905 5.56322e-21)
(0.247142 0.237789 2.61706e-20)
(0.244894 0.256641 -8.01956e-21)
(0.241486 0.270936 1.39549e-20)
(0.238972 0.28239 1.48072e-20)
(0.237674 0.291675 0)
(0.237215 0.299495 0)
(0.236729 0.306404 -3.49022e-20)
(0.101111 0.0855713 1.74093e-21)
(0.202094 0.173765 -5.21986e-21)
(0.240155 0.224026 4.09594e-22)
(0.248679 0.252408 0)
(0.246738 0.270783 0)
(0.24273 0.284303 2.30089e-20)
(0.239222 0.294975 0)
(0.236708 0.303508 -3.15966e-20)
(0.234634 0.310796 -4.24461e-21)
(0.231708 0.317951 3.28246e-20)
(0.0928599 0.0885285 0)
(0.194145 0.183039 0)
(0.236754 0.236378 1.34053e-21)
(0.248111 0.265902 0)
(0.247139 0.284141 9.68678e-21)
(0.242964 0.297025 -8.97778e-21)
(0.238775 0.306994 0)
(0.235447 0.314833 0)
(0.232933 0.321203 -3.31258e-20)
(0.230504 0.328092 6.56806e-20)
(0.0829331 0.0891364 0)
(0.182945 0.189297 1.27236e-20)
(0.23035 0.246364 4.64587e-21)
(0.245355 0.277835 -5.53816e-21)
(0.246071 0.296473 -4.30879e-21)
(0.242228 0.308967 -2.71094e-20)
(0.23769 0.318293 0)
(0.233769 0.325481 0)
(0.230852 0.330873 0)
(0.228322 0.335797 1.2703e-21)
(0.0718191 0.0872148 0)
(0.168774 0.191974 4.81257e-21)
(0.220963 0.253421 -3.44845e-22)
(0.240329 0.287748 5.62292e-21)
(0.243468 0.307489 1.92834e-21)
(0.240472 0.320001 1.65165e-21)
(0.235874 0.328839 2.20007e-20)
(0.231412 0.335429 -2.572e-20)
(0.227657 0.340219 6.02434e-20)
(0.22441 0.343786 -6.45836e-20)
(0.0601349 0.0828266 3.44239e-21)
(0.152091 0.190649 -1.36518e-20)
(0.208665 0.25697 -9.31856e-21)
(0.232929 0.295129 -4.67529e-21)
(0.239226 0.31685 7.29e-21)
(0.237646 0.329974 1.39386e-20)
(0.233335 0.338669 -1.28864e-20)
(0.228533 0.344816 5.32326e-20)
(0.224189 0.349121 3.20886e-21)
(0.220303 0.352183 -2.90707e-20)
(0.0485265 0.0762354 3.03831e-21)
(0.133518 0.185101 -2.8861e-21)
(0.193596 0.25645 0)
(0.22304 0.29939 2.53731e-21)
(0.233201 0.32412 -1.0779e-21)
(0.23369 0.338641 2.03523e-21)
(0.230122 0.347707 -8.29869e-21)
(0.225293 0.353704 -3.73786e-20)
(0.220579 0.357646 -3.05792e-21)
(0.216096 0.360259 4.60154e-20)
(0.0375935 0.0678622 0)
(0.113824 0.17535 1.31554e-20)
(0.176002 0.251379 -3.45781e-21)
(0.210556 0.299882 1.60254e-22)
(0.22519 0.328739 6.73063e-22)
(0.228456 0.34563 -1.11801e-21)
(0.226176 0.35576 -1.04457e-21)
(0.221649 0.36205 2.35353e-20)
(0.216699 0.365882 -3.86777e-20)
(0.211775 0.368111 4.14822e-20)
(0.0278349 0.0582484 -1.77964e-21)
(0.0938985 0.161702 -9.40438e-21)
(0.156284 0.241425 0)
(0.19541 0.295916 -5.42945e-22)
(0.214925 0.329999 -2.40032e-21)
(0.221687 0.350404 -3.52811e-21)
(0.221339 0.3625 1.17685e-20)
(0.217553 0.369707 0)
(0.212596 0.373868 0)
(0.207433 0.376022 0)
(0.0196027 0.0479991 1.45087e-21)
(0.074694 0.144774 2.96325e-21)
(0.135048 0.226509 -2.64579e-21)
(0.177645 0.286844 -9.11802e-22)
(0.202107 0.327049 2.06965e-21)
(0.213006 0.352203 2.09228e-21)
(0.215321 0.367386 0)
(0.212868 0.376356 1.02522e-20)
(0.208274 0.381444 -4.49793e-21)
(0.203117 0.383968 0)
(0.0130765 0.0377115 0)
(0.0571299 0.125463 -6.36452e-21)
(0.113137 0.206916 2.64521e-21)
(0.157511 0.272179 9.23208e-22)
(0.186475 0.318959 -4.40544e-22)
(0.201936 0.350033 -1.50958e-21)
(0.207667 0.369604 1.39363e-21)
(0.207274 0.381435 0)
(0.203574 0.388253 -5.1035e-21)
(0.198755 0.39172 -5.97957e-21)
(0.00826704 0.0279298 -1.85554e-22)
(0.0419674 0.104889 2.23023e-21)
(0.0916241 0.183385 4.10974e-23)
(0.135593 0.251761 -1.59153e-22)
(0.167944 0.3048 -2.37712e-22)
(0.187954 0.342622 0)
(0.197725 0.367925 -1.39308e-21)
(0.200205 0.38397 0)
(0.198099 0.393616 0)
(0.194092 0.398843 0)
)
;

boundaryField
{
    inlet
    {
        type            uniformFixedValue;
        uniformValue    constant (1 0 0);
        value           uniform (1 0 0);
    }
    outlet
    {
        type            pressureInletOutletVelocity;
        value           nonuniform List<vector> 
40
(
(0.0888877 0.387412 0)
(0.0672641 0.43925 0)
(0.0396679 0.468406 0)
(0.0266522 0.492677 0)
(0.0209813 0.512115 0)
(0.0195238 0.527217 0)
(0.0155316 0.5391 0)
(0.011782 0.54964 0)
(0.00550775 0.558244 0)
(0.00189984 0.564321 0)
(0.077752 0.313234 -1.22295e-22)
(0.0711347 0.27784 -9.49318e-24)
(0.0631642 0.239266 -1.02901e-22)
(0.0542509 0.198773 2.28595e-23)
(0.0449637 0.157728 6.85744e-23)
(0.03587 0.117542 0)
(0.0274475 0.0795233 -9.8025e-25)
(0.0200889 0.0447295 3.18588e-23)
(0.0140654 0.0138575 2.90006e-24)
(0 -0.0128226 0)
(0 -0.0355303 0)
(0 -0.0549575 0)
(0 -0.0718682 0)
(0 -0.0869844 0)
(0 -0.100921 0)
(0 -0.114154 0)
(0 -0.127027 0)
(0 -0.139767 0)
(0 -0.15252 0)
(0 -0.165377 0)
(0 -0.1963 0)
(0 -0.251476 0)
(0 -0.306093 0)
(0 -0.363381 0)
(0 -0.427612 0)
(0 -0.503955 0)
(0 -0.601911 0)
(0 -0.7247 0)
(0 -0.846912 0)
(0 -0.920583 0)
)
;
    }
    cylinder
    {
        type            fixedValue;
        value           uniform (0 0 0);
    }
    top
    {
        type            symmetryPlane;
    }
    bottom
    {
        type            symmetryPlane;
    }
    defaultFaces
    {
        type            empty;
    }
}


// ************************************************************************* //
