/*--------------------------------*- C++ -*----------------------------------*\
  =========                 |
  \\      /  F ield         | OpenFOAM: The Open Source CFD Toolbox
   \\    /   O peration     | Website:  https://openfoam.org
    \\  /    A nd           | Version:  7
     \\/     M anipulation  |
\*---------------------------------------------------------------------------*/
FoamFile
{
    version     2.0;
    format      ascii;
    class       volVectorField;
    location    "23.4";
    object      U;
}
// * * * * * * * * * * * * * * * * * * * * * * * * * * * * * * * * * * * * * //

dimensions      [0 1 -1 0 0 0 0];

internalField   nonuniform List<vector> 
2000
(
(0.00486403 0.0256899 2.5797e-22)
(0.0243985 0.089955 0)
(0.0540287 0.15568 0)
(0.080269 0.214193 3.2039e-22)
(0.100056 0.261907 1.73364e-22)
(0.113087 0.298936 2.05157e-22)
(0.120603 0.327187 -3.05659e-22)
(0.124297 0.348894 0)
(0.12568 0.365867 0)
(0.125828 0.37924 0)
(0.00291255 0.0188004 0)
(0.017205 0.0746061 5.04704e-22)
(0.0428024 0.136335 -4.65334e-22)
(0.0678264 0.194905 -3.63699e-22)
(0.0887472 0.24552 0)
(0.104084 0.28665 5.98039e-22)
(0.114023 0.318924 -5.56129e-22)
(0.119633 0.343906 0)
(0.122187 0.363255 2.81703e-21)
(0.122866 0.378266 -5.88562e-21)
(0.00180239 0.0125493 0)
(0.0116083 0.0593821 -3.82617e-21)
(0.0326451 0.115431 0)
(0.055242 0.17202 -9.35006e-22)
(0.0761059 0.22399 0)
(0.0930777 0.268619 -1.46367e-21)
(0.105395 0.305228 0)
(0.113334 0.334396 4.18504e-21)
(0.117678 0.357257 -3.91964e-21)
(0.119467 0.374967 -4.90657e-21)
(0.00136932 0.00715612 1.18364e-21)
(0.00757579 0.0450211 1.97272e-21)
(0.0239594 0.0941002 6.72225e-22)
(0.0432037 0.146631 8.28803e-22)
(0.0627157 0.197836 9.81022e-23)
(0.080225 0.244481 4.88574e-22)
(0.0943647 0.284902 9.06671e-22)
(0.104674 0.318648 -7.07851e-22)
(0.111286 0.346042 3.42567e-21)
(0.114821 0.36772 4.89446e-21)
(0.00140723 0.00276682 1.20961e-21)
(0.00491235 0.0321181 1.19793e-21)
(0.0169397 0.0734726 9.54039e-22)
(0.0323574 0.120181 -5.27186e-22)
(0.0494216 0.168297 0)
(0.0661804 0.214732 0)
(0.0810993 0.257396 -2.49925e-21)
(0.0932432 0.295102 -3.16624e-21)
(0.102171 0.327365 3.04944e-21)
(0.107745 0.353989 1.19342e-20)
(0.00169935 -0.000561168 -8.22462e-22)
(0.00332748 0.0210701 -1.76281e-22)
(0.0115803 0.0545086 1.62476e-21)
(0.0231773 0.094212 -2.61711e-22)
(0.0371347 0.13718 -7.16144e-23)
(0.0520128 0.180893 0)
(0.0664579 0.223383 0)
(0.0793941 0.263217 1.22803e-20)
(0.0901655 0.299466 -1.41058e-20)
(0.0972232 0.330824 3.66253e-21)
(0.00204794 -0.00285333 -5.78997e-21)
(0.00251084 0.0120721 0)
(0.00774262 0.03791 -2.22874e-21)
(0.0159203 0.0701151 3.39293e-22)
(0.026626 0.106517 0)
(0.0389291 0.14529 1.5538e-21)
(0.0518298 0.18492 -4.79059e-21)
(0.0643813 0.22416 -8.921e-21)
(0.0762688 0.262274 4.21888e-21)
(0.0833504 0.296072 5.44562e-21)
(0.00230535 -0.00420519 1.03244e-20)
(0.00220876 0.00515413 5.44355e-22)
(0.00526199 0.0241178 3.47231e-22)
(0.0106912 0.0489965 -4.09505e-22)
(0.0184454 0.0782277 -1.08659e-21)
(0.0280034 0.110577 -1.58752e-21)
(0.0387468 0.145052 1.4941e-22)
(0.0500693 0.180814 0)
(0.062395 0.217915 0)
(0.0679829 0.250413 -1.31234e-21)
(0.0023987 -0.00476502 -4.5344e-21)
(0.00228063 0.000224355 1.92093e-21)
(0.00404483 0.0133546 -9.70388e-22)
(0.00755886 0.0316504 1.18329e-21)
(0.0129753 0.0539174 -6.11558e-22)
(0.0200631 0.0792994 1.44522e-21)
(0.0285481 0.107172 1.80514e-21)
(0.0383547 0.137128 0)
(0.0507091 0.170041 0)
(0.0547735 0.196353 1.58672e-22)
(0.00233006 -0.00469904 3.82018e-22)
(0.00274311 -0.00291016 -2.1591e-21)
(0.00412857 0.00567246 2.19295e-22)
(0.00665532 0.0185982 0)
(0.0105379 0.0348339 0)
(0.0157134 0.0536705 2.64789e-21)
(0.022156 0.0745999 0)
(0.0303 0.0973708 -3.25761e-21)
(0.0421019 0.122555 8.4039e-22)
(0.048796 0.138753 2.09015e-21)
(0.123756 0.402657 4.21336e-22)
(0.110126 0.410036 -4.28094e-22)
(0.0937996 0.406825 -6.24199e-22)
(0.0788362 0.401847 -7.35229e-22)
(0.0623419 0.397938 -8.82218e-22)
(0.0499451 0.398555 -1.09176e-23)
(0.0329851 0.416028 4.52001e-22)
(0.0258309 0.488281 1.50494e-21)
(0.00318523 0.640536 0)
(0.00687914 0.825754 -1.0475e-21)
(0.12143 0.404003 9.64781e-22)
(0.108178 0.413495 -2.15438e-21)
(0.0922059 0.411067 3.97433e-21)
(0.0775425 0.406382 7.36546e-22)
(0.0613111 0.402318 1.56383e-21)
(0.0491292 0.402555 2.61043e-21)
(0.0326247 0.419709 -9.50299e-22)
(0.0253908 0.491533 -1.00094e-21)
(0.00362991 0.643192 1.92482e-21)
(0.0065682 0.826834 1.04501e-21)
(0.119559 0.404878 0)
(0.106554 0.41682 -1.69882e-21)
(0.0909472 0.415413 -1.18218e-21)
(0.0765284 0.411018 0)
(0.0604542 0.406658 -4.74224e-21)
(0.0484349 0.406375 1.48726e-21)
(0.0323079 0.422893 1.61777e-21)
(0.0249808 0.493966 5.39805e-21)
(0.00404776 0.645285 -1.91859e-21)
(0.00627363 0.827682 3.74756e-21)
(0.117882 0.404668 0)
(0.105188 0.419495 1.71372e-21)
(0.0899684 0.419523 0)
(0.0757421 0.415563 5.41641e-21)
(0.0597536 0.410904 -5.44325e-21)
(0.0478607 0.410041 -3.22232e-21)
(0.0320399 0.425625 -1.68289e-22)
(0.0246312 0.495581 -5.22466e-21)
(0.00447256 0.646543 -8.65653e-22)
(0.00601761 0.828192 -4.61781e-21)
(0.115792 0.402434 2.10881e-21)
(0.104052 0.421889 -2.7185e-21)
(0.0893657 0.423973 8.70154e-22)
(0.0751864 0.420278 -4.40935e-21)
(0.0591715 0.41514 0)
(0.0473499 0.413566 -3.04594e-21)
(0.031753 0.427947 -1.45193e-22)
(0.0242421 0.49655 6.58348e-21)
(0.00479232 0.647379 8.37368e-22)
(0.00573197 0.828552 -8.40399e-22)
(0.112563 0.39609 -6.38529e-21)
(0.102848 0.422233 5.72734e-21)
(0.0889443 0.427542 4.11469e-21)
(0.074798 0.424565 -4.1105e-21)
(0.0587636 0.419239 -2.48598e-21)
(0.0469955 0.417005 0)
(0.0315571 0.429926 -5.86872e-21)
(0.0239445 0.496688 2.91203e-21)
(0.005145 0.647099 3.08976e-21)
(0.00549631 0.828484 3.10054e-21)
(0.107272 0.384553 -5.38979e-22)
(0.101683 0.422769 0)
(0.0889645 0.432191 0)
(0.0745566 0.429291 0)
(0.0583546 0.423422 -2.57724e-21)
(0.0465518 0.420302 5.0541e-21)
(0.0311879 0.431591 5.68318e-21)
(0.0234201 0.496538 -8.5956e-21)
(0.00523714 0.646972 1.47042e-21)
(0.00517471 0.828454 -4.52704e-21)
(0.0997373 0.362992 2.3123e-21)
(0.0995285 0.417374 5.47002e-21)
(0.0887587 0.433819 -5.41558e-21)
(0.0745485 0.432833 8.54542e-21)
(0.0583825 0.427415 -1.06647e-20)
(0.0465534 0.423694 0)
(0.0312049 0.433026 -2.51698e-21)
(0.0232325 0.495174 1.68913e-22)
(0.00552978 0.644923 -2.61631e-21)
(0.00493757 0.827749 -2.69453e-21)
(0.0903332 0.338373 -1.42241e-21)
(0.0978813 0.416276 0)
(0.0889125 0.438573 -7.26645e-21)
(0.0742479 0.437698 1.45343e-20)
(0.0577865 0.431582 -5.69781e-21)
(0.04576 0.426718 -1.13469e-21)
(0.030392 0.43432 2.5116e-21)
(0.0222287 0.494745 6.88457e-23)
(0.00516512 0.644632 3.80254e-21)
(0.00453259 0.827491 3.91504e-21)
(0.0793101 0.28967 -2.37331e-21)
(0.0930767 0.397749 2.30185e-21)
(0.088323 0.434959 6.50445e-22)
(0.0751342 0.439986 0)
(0.059005 0.435647 0)
(0.0469277 0.430456 1.09604e-21)
(0.0314021 0.435208 4.48801e-21)
(0.0226435 0.490984 -4.38073e-21)
(0.00558376 0.639893 -1.11726e-21)
(0.00426582 0.826019 1.07667e-21)
(0.0605245 0.247693 0)
(0.0902621 0.395926 0)
(0.0848027 0.446326 0)
(0.0692606 0.452449 0)
(0.0515653 0.444562 0)
(0.0386157 0.435902 0)
(0.0238588 0.43907 0)
(0.0161599 0.495073 0)
(0.00239548 0.642867 0)
(0.00303637 0.825664 0)
(0.0465834 0.228559 0)
(0.0770013 0.388183 0)
(0.0733562 0.45294 0)
(0.0625793 0.468394 0)
(0.0498121 0.464406 0)
(0.0390139 0.455453 0)
(0.0244476 0.456475 0)
(0.0139873 0.50915 0)
(0.00121552 0.65214 0)
(0.00136091 0.830344 0)
(0.0401735 0.231189 0)
(0.0606245 0.389969 0)
(0.0537784 0.462468 0)
(0.039748 0.477226 0)
(0.0258154 0.470292 0)
(0.0163091 0.460218 0)
(0.00541563 0.462962 0)
(-0.00194686 0.51594 0)
(-0.00714894 0.654738 0)
(-0.000809923 0.827129 0)
(0.0266589 0.232418 0)
(0.037952 0.380516 0)
(0.0401768 0.465381 0)
(0.0355049 0.490628 0)
(0.0255999 0.487325 0)
(0.0148273 0.476556 0)
(0.000801125 0.477449 0)
(-0.0104868 0.525432 0)
(-0.0146528 0.656567 0)
(-0.00115015 0.824398 0)
(0.0135682 0.25133 0)
(0.0138779 0.385136 0)
(0.00952503 0.465053 0)
(0.00607385 0.491009 0)
(-0.000291989 0.490554 0)
(-0.00813598 0.483413 0)
(-0.0201131 0.486184 0)
(-0.0298435 0.529883 0)
(-0.0306374 0.648472 0)
(-0.00477063 0.809326 0)
(-0.00272752 0.250253 0)
(0.00228328 0.380609 0)
(0.00674737 0.467685 0)
(0.00752568 0.499776 0)
(-0.000534104 0.502018 0)
(-0.0124641 0.496591 0)
(-0.0283625 0.499731 0)
(-0.0415045 0.537297 0)
(-0.0442586 0.638624 0)
(-0.0111263 0.785977 0)
(-0.0128814 0.271855 0)
(-0.020858 0.380989 0)
(-0.0212008 0.461671 0)
(-0.0155447 0.497903 0)
(-0.0168997 0.508264 0)
(-0.0244657 0.508497 0)
(-0.0389447 0.512466 0)
(-0.0523093 0.542384 0)
(-0.0559945 0.623339 0)
(-0.0199184 0.749213 0)
(-0.0116218 0.274928 0)
(-0.00826012 0.384936 0)
(-0.00744849 0.466869 0)
(-0.0122164 0.499239 0)
(-0.0178879 0.51274 0)
(-0.0247542 0.519538 0)
(-0.036527 0.527774 0)
(-0.0480396 0.552229 0)
(-0.0527871 0.611018 0)
(-0.0227097 0.704985 0)
(-0.0164238 0.290709 0)
(-0.0314148 0.370688 0)
(-0.0166849 0.462348 0)
(-0.0146248 0.503561 0)
(-0.0191926 0.518736 0)
(-0.0261077 0.526413 0)
(-0.0362512 0.535712 0)
(-0.0452175 0.556784 0)
(-0.0486307 0.601411 0)
(-0.023222 0.670439 0)
(0.0194981 0.328259 0)
(-0.00615216 0.388382 0)
(-0.00671555 0.457989 0)
(-0.00518871 0.502793 0)
(-0.00752588 0.524504 0)
(-0.0116967 0.536608 0)
(-0.0185009 0.547617 0)
(-0.0241946 0.564276 0)
(-0.027105 0.591732 0)
(-0.0136848 0.630271 0)
(0.0478102 0.108786 2.57008e-22)
(0.0567724 0.134777 -2.52888e-22)
(0.057597 0.16797 -2.03819e-22)
(0.043576 0.187991 0)
(0.0257757 0.211971 0)
(0.00713367 0.217815 -3.21189e-22)
(-0.00140426 0.243615 6.91728e-22)
(-0.0012505 0.246349 -6.79053e-22)
(0.0047043 0.275297 8.74102e-24)
(0.029335 0.288719 -8.4362e-24)
(0.0580958 0.0816107 -7.92283e-22)
(0.0665944 0.119919 0)
(0.0628907 0.158306 -1.95701e-21)
(0.0465646 0.180204 4.82171e-21)
(0.0274739 0.202605 -3.37381e-21)
(0.00941494 0.209163 3.12659e-22)
(0.00188193 0.234093 -4.43592e-22)
(0.00265235 0.236096 -3.83567e-22)
(0.0100302 0.26551 1.12533e-22)
(0.0304626 0.266367 2.61608e-23)
(0.0715252 0.0814997 5.63739e-22)
(0.077549 0.126096 1.30979e-21)
(0.0682902 0.162195 -1.29714e-21)
(0.0489748 0.181045 2.84668e-21)
(0.0287606 0.198721 -2.11379e-21)
(0.0119467 0.203906 0)
(0.00513998 0.225252 4.44627e-22)
(0.00649331 0.225331 -7.96744e-24)
(0.0137194 0.250098 2.38611e-23)
(0.0298954 0.238716 -3.12507e-23)
(0.0867355 0.0968793 -6.27099e-23)
(0.0876689 0.141276 0)
(0.0726791 0.170984 0)
(0.0505933 0.184584 0)
(0.0296413 0.1963 -2.23182e-21)
(0.0140432 0.198806 1.43602e-21)
(0.00774041 0.214567 -1.07962e-22)
(0.00921916 0.211214 1.67687e-22)
(0.0152506 0.227871 5.59805e-24)
(0.0278054 0.206526 -1.65264e-23)
(0.102875 0.117667 -7.16576e-22)
(0.0958109 0.155852 3.47487e-22)
(0.0752303 0.177141 1.45402e-21)
(0.0508154 0.184913 -1.45285e-21)
(0.0295548 0.190796 7.85198e-22)
(0.0150778 0.19004 0)
(0.00902694 0.199237 4.75761e-22)
(0.0101043 0.191352 -4.35268e-22)
(0.0143665 0.198819 1.62488e-22)
(0.0244233 0.170918 1.11663e-23)
(0.117422 0.135471 1.43286e-21)
(0.101058 0.163237 4.2636e-22)
(0.0757874 0.17541 4.17482e-22)
(0.0497037 0.177712 -1.62808e-21)
(0.0284856 0.178584 0)
(0.0149042 0.17456 0)
(0.00875152 0.177231 0)
(0.00898369 0.164703 -2.95325e-22)
(0.0114758 0.16406 0)
(0.0202314 0.133396 0)
(0.127983 0.144236 0)
(0.103013 0.159776 -2.08065e-21)
(0.0745057 0.163171 1.4346e-21)
(0.0475544 0.160916 1.86646e-21)
(0.0266268 0.157844 -1.87598e-21)
(0.0135725 0.150969 -6.4073e-22)
(0.00696147 0.147999 7.6421e-22)
(0.00614546 0.131833 1.10977e-21)
(0.00733542 0.125583 -8.31216e-23)
(0.0157728 0.0956648 2.38335e-24)
(0.13331 0.140589 0)
(0.101866 0.144454 6.47649e-22)
(0.0717837 0.140239 4.86569e-22)
(0.04471 0.134641 0)
(0.0241916 0.128697 -3.81935e-22)
(0.0112628 0.119682 1.27343e-21)
(0.00397484 0.11257 -7.45364e-22)
(0.00222976 0.0946163 -9.37538e-23)
(0.00279777 0.0858166 4.13968e-23)
(0.01155 0.0593629 -1.19264e-23)
(0.13346 0.124063 -2.95771e-22)
(0.0982342 0.118535 -9.07588e-22)
(0.0681554 0.108327 1.72252e-22)
(0.0414955 0.100651 -2.74504e-22)
(0.0213971 0.0927927 -4.85493e-22)
(0.00828267 0.0825546 -6.0242e-22)
(0.000287201 0.0731494 1.40217e-22)
(-0.00209022 0.0556248 8.16754e-23)
(-0.00142239 0.0471192 -4.15322e-23)
(0.00792468 0.0258042 -5.71467e-24)
(0.129439 0.0967835 1.78257e-22)
(0.0929141 0.0848865 -1.8091e-22)
(0.064127 0.0702946 2.5768e-22)
(0.0381877 0.0616432 2.74084e-22)
(0.0184682 0.0526928 -2.27915e-22)
(0.00504256 0.0422739 4.33558e-22)
(-0.00350899 0.0325355 -1.96172e-22)
(-0.00603474 0.0174793 -2.5344e-23)
(-0.0048404 0.0113098 0)
(0.00486168 -0.00420455 5.71106e-24)
(0.122616 0.0623613 -1.88181e-22)
(0.0867799 0.0470205 1.90716e-22)
(0.0600395 0.0293634 2.67685e-22)
(0.0350112 0.0205769 2.80748e-22)
(0.01562 0.0112582 2.29149e-22)
(0.00198252 0.00172462 -2.60205e-23)
(-0.0068188 -0.00660366 -8.63329e-23)
(-0.00895542 -0.0176855 -1.41692e-22)
(-0.00709032 -0.020463 0)
(0.00288006 -0.0304345 6.30669e-24)
(0.11419 0.0245633 0)
(0.0806241 0.00826197 9.97091e-22)
(0.0560732 -0.0114671 -1.79931e-21)
(0.0321258 -0.0198278 -2.81158e-22)
(0.0130757 -0.0288367 -4.99172e-22)
(-0.0005083 -0.0365374 -6.10505e-22)
(-0.00914484 -0.0421841 1.42864e-22)
(-0.0106605 -0.0485747 8.45025e-23)
(-0.0080778 -0.0478137 -6.3709e-23)
(0.0015727 -0.0531902 -6.28927e-24)
(0.105126 -0.0134342 0)
(0.0747686 -0.028715 8.82616e-22)
(0.0524196 -0.0498031 5.2798e-22)
(0.0296634 -0.0573951 0)
(0.0110879 -0.0654634 1.39366e-21)
(-0.00212582 -0.0706772 -4.94531e-22)
(-0.0102479 -0.0729798 -3.34994e-22)
(-0.0111557 -0.0747668 -5.65715e-22)
(-0.00804336 -0.0710187 6.35009e-23)
(0.00079805 -0.0730533 -3.09079e-23)
(0.09614 -0.0491989 0)
(0.0693719 -0.0620984 -8.89891e-22)
(0.0492223 -0.0839997 0)
(0.0277649 -0.0906508 -2.0099e-21)
(0.00984736 -0.0972558 2.02039e-21)
(-0.0027457 -0.0997588 6.67398e-22)
(-0.0101942 -0.0986725 -1.11134e-22)
(-0.0106255 -0.0965948 5.54604e-22)
(-0.00732428 -0.0907819 9.80948e-23)
(0.000412366 -0.0906885 5.22828e-23)
(0.0876852 -0.0810994 -3.56611e-21)
(0.0646514 -0.0910623 1.4745e-21)
(0.0464509 -0.113121 -2.00995e-22)
(0.0265383 -0.118928 1.9432e-21)
(0.00941415 -0.123671 0)
(-0.00244698 -0.123716 6.49018e-22)
(-0.00919644 -0.119703 -2.13694e-22)
(-0.00938167 -0.114858 -7.7302e-22)
(-0.00623378 -0.10796 -2.28318e-23)
(0.000262044 -0.106712 2.28255e-23)
(0.0800763 -0.108237 1.34236e-21)
(0.0607104 -0.115613 -2.88337e-21)
(0.0441097 -0.136891 -1.8203e-21)
(0.0259805 -0.142288 1.81934e-21)
(0.00972636 -0.144907 8.571e-22)
(-0.00146516 -0.143154 0)
(-0.00755279 -0.136975 9.48032e-22)
(-0.00775462 -0.130518 -5.14779e-22)
(-0.00501861 -0.123356 -2.39852e-22)
(0.000228697 -0.121628 -4.16013e-23)
(0.0735183 -0.130356 1.73929e-22)
(0.0575816 -0.136382 0)
(0.0422434 -0.155574 0)
(0.0259882 -0.161332 0)
(0.0106527 -0.16169 6.8076e-22)
(0.000174212 -0.159049 -1.53616e-21)
(-0.00555822 -0.151543 -9.3717e-22)
(-0.00601636 -0.144469 1.06222e-21)
(-0.00384257 -0.137606 -4.93903e-23)
(0.000241478 -0.135814 9.01011e-23)
(0.0679222 -0.147639 -2.47519e-22)
(0.055192 -0.15436 -2.60749e-21)
(0.0408713 -0.169837 2.58327e-21)
(0.0264176 -0.17695 -3.26501e-21)
(0.012041 -0.175087 4.00707e-21)
(0.00215121 -0.172445 0)
(-0.00348154 -0.164297 4.8755e-22)
(-0.00435651 -0.157407 -4.55082e-24)
(-0.00279174 -0.151164 1.58016e-22)
(0.000268199 -0.149537 4.59845e-23)
(0.0623738 -0.160356 6.2291e-23)
(0.0529258 -0.170656 0)
(0.0398044 -0.180647 3.2074e-21)
(0.0270194 -0.190077 -5.92318e-21)
(0.0137666 -0.1861 2.24948e-21)
(0.0040712 -0.184241 3.12449e-22)
(-0.00166021 -0.175992 -4.8644e-22)
(-0.00285427 -0.169811 -7.71711e-23)
(-0.00187921 -0.164328 -3.3691e-22)
(0.000306172 -0.162984 -9.56928e-23)
(0.0573951 -0.168412 5.42256e-22)
(0.0502202 -0.18632 -5.28026e-22)
(0.0387607 -0.189253 -3.28501e-22)
(0.0272134 -0.201596 0)
(0.0154481 -0.195667 0)
(0.00590389 -0.195041 -3.21552e-22)
(0.000326219 -0.187106 -8.0024e-22)
(-0.00144499 -0.182013 7.85388e-22)
(-0.00103669 -0.177273 5.28893e-23)
(0.000347288 -0.17628 -5.17484e-23)
(0.0618018 -0.175526 0)
(0.0487359 -0.221554 0)
(0.0383222 -0.207096 0)
(0.0265991 -0.226566 0)
(0.0173065 -0.217004 0)
(0.00768125 -0.22007 0)
(0.00335454 -0.213189 0)
(0.000567232 -0.211049 0)
(0.000417656 -0.208029 0)
(0.000296655 -0.2077 0)
(0.0450331 -0.233825 0)
(0.0366576 -0.267999 0)
(0.0320792 -0.253319 0)
(0.0236575 -0.269741 0)
(0.0181676 -0.261654 0)
(0.00938555 -0.267349 0)
(0.00722104 -0.261741 0)
(0.002754 -0.262926 0)
(0.00214696 -0.260249 0)
(5.31135e-05 -0.261022 0)
(0.0413655 -0.283528 0)
(0.0324387 -0.316168 0)
(0.0286721 -0.30071 0)
(0.0209057 -0.317958 0)
(0.016356 -0.310362 0)
(0.00970049 -0.317677 0)
(0.0075571 -0.313033 0)
(0.00334199 -0.315904 0)
(0.00256862 -0.312948 0)
(-0.000133825 -0.314596 0)
(0.0361973 -0.338182 0)
(0.0282643 -0.370161 0)
(0.0246765 -0.353666 0)
(0.0179271 -0.372879 0)
(0.0144732 -0.363484 0)
(0.00906828 -0.373561 0)
(0.00713814 -0.367584 0)
(0.00360167 -0.372294 0)
(0.00245587 -0.368077 0)
(1.40862e-05 -0.370562 0)
(0.0307964 -0.401854 0)
(0.023782 -0.434153 0)
(0.0206127 -0.416 0)
(0.0150989 -0.436611 0)
(0.012193 -0.425457 0)
(0.00821074 -0.4376 0)
(0.00655759 -0.429876 0)
(0.0037651 -0.436259 0)
(0.00247286 -0.42993 0)
(0.00014389 -0.433997 0)
(0.0259159 -0.477676 0)
(0.0194545 -0.510514 0)
(0.0169978 -0.491207 0)
(0.0123999 -0.513341 0)
(0.010438 -0.500336 0)
(0.0072044 -0.514661 0)
(0.0060262 -0.505155 0)
(0.00352865 -0.513151 0)
(0.00228184 -0.505295 0)
(0.000144684 -0.511173 0)
(0.0203759 -0.57346 0)
(0.0153482 -0.605473 0)
(0.0134528 -0.586882 0)
(0.00977283 -0.609666 0)
(0.00834404 -0.596299 0)
(0.00581793 -0.611976 0)
(0.00487996 -0.601447 0)
(0.00276565 -0.610947 0)
(0.00173619 -0.602077 0)
(3.0639e-05 -0.609725 0)
(0.0155038 -0.692182 0)
(0.0111872 -0.719154 0)
(0.00961024 -0.704904 0)
(0.0066047 -0.724863 0)
(0.00573642 -0.713906 0)
(0.00371007 -0.72839 0)
(0.00301036 -0.718904 0)
(0.00123145 -0.728319 0)
(0.000671727 -0.7201 0)
(-0.000233114 -0.728397 0)
(0.00814527 -0.810918 0)
(0.00554752 -0.826489 0)
(0.0047564 -0.821363 0)
(0.00327988 -0.834139 0)
(0.00283805 -0.829086 0)
(0.00154079 -0.838133 0)
(0.000952291 -0.832371 0)
(-0.000221135 -0.838239 0)
(-0.000315555 -0.832781 0)
(-0.000366282 -0.838643 0)
(0.00149889 -0.882381 0)
(0.00108096 -0.892459 0)
(0.00101993 -0.893616 0)
(0.000888913 -0.899756 0)
(0.000700248 -0.898748 0)
(0.000335079 -0.902443 0)
(1.98655e-05 -0.89979 0)
(-0.000341613 -0.901754 0)
(-0.00033746 -0.898876 0)
(-0.000163858 -0.901436 0)
(0.0549605 -0.197753 1.89329e-21)
(0.0449653 -0.252215 -1.86027e-21)
(0.0426425 -0.301911 3.61161e-22)
(0.0374123 -0.357754 0)
(0.0326433 -0.421081 0)
(0.0277061 -0.496954 6.3995e-22)
(0.0222408 -0.591447 -3.08749e-21)
(0.0164985 -0.70407 3.07844e-21)
(0.0101211 -0.815941 9.74508e-22)
(0.00321398 -0.879006 -9.66768e-22)
(0.0526893 -0.204959 -2.39691e-21)
(0.0453615 -0.258169 0)
(0.0431908 -0.307505 2.8086e-21)
(0.038016 -0.363468 -6.87202e-21)
(0.0335161 -0.426549 4.8232e-21)
(0.0285208 -0.502505 -5.76974e-22)
(0.0230795 -0.596483 1.47551e-21)
(0.016989 -0.707438 3.3231e-21)
(0.0110271 -0.816252 1.05854e-21)
(0.00399932 -0.878877 1.06868e-21)
(0.0510832 -0.211863 3.22563e-21)
(0.0461831 -0.264461 -2.91399e-21)
(0.0439957 -0.312992 2.88633e-21)
(0.0389166 -0.368481 -4.23305e-21)
(0.0346203 -0.431069 3.10847e-21)
(0.0294942 -0.506881 0)
(0.0239879 -0.600209 -1.4792e-21)
(0.017611 -0.709698 1.58495e-22)
(0.0115882 -0.815506 -1.79511e-21)
(0.00436857 -0.879147 -2.00415e-21)
(0.0500337 -0.218436 -5.52032e-22)
(0.0472965 -0.270764 0)
(0.0451143 -0.318544 0)
(0.0401701 -0.373494 0)
(0.0360048 -0.435556 4.07284e-21)
(0.0306796 -0.511067 -2.74539e-21)
(0.0250332 -0.603642 -4.82772e-23)
(0.0183697 -0.711563 -2.04535e-21)
(0.0119061 -0.814792 -1.06099e-21)
(0.00441864 -0.878305 -1.16277e-21)
(0.049526 -0.224562 2.30385e-22)
(0.0486451 -0.276348 -1.9879e-21)
(0.0465211 -0.32342 -2.03908e-21)
(0.0417333 -0.378001 2.03782e-21)
(0.0376437 -0.439649 -1.3094e-21)
(0.0320704 -0.514895 0)
(0.0262381 -0.606753 -1.78459e-21)
(0.0192591 -0.713158 4.20735e-21)
(0.0122091 -0.814167 -2.18694e-21)
(0.00438076 -0.876387 2.25029e-21)
(0.0496018 -0.230211 -5.66406e-21)
(0.050283 -0.281012 3.90186e-22)
(0.0482382 -0.327226 -3.86319e-22)
(0.0435737 -0.381511 2.19416e-21)
(0.0395028 -0.442817 0)
(0.033639 -0.517884 0)
(0.0275884 -0.609136 0)
(0.0202737 -0.714228 2.32285e-21)
(0.012649 -0.813343 0)
(0.00441037 -0.873893 0)
(0.0502895 -0.235308 0)
(0.0522929 -0.284785 2.81825e-21)
(0.0503319 -0.32995 -1.93136e-21)
(0.0457067 -0.383894 -2.86765e-21)
(0.0415846 -0.444838 2.88262e-21)
(0.0353798 -0.519754 1.9867e-21)
(0.0290726 -0.610499 -1.94413e-21)
(0.0214035 -0.714528 -8.35722e-21)
(0.0132519 -0.812105 5.92457e-22)
(0.00454136 -0.871205 -2.18367e-21)
(0.0516092 -0.23973 0)
(0.0547414 -0.28765 -8.89481e-22)
(0.0528626 -0.331628 -5.9071e-22)
(0.0481662 -0.385179 0)
(0.0439196 -0.4457 9.55853e-22)
(0.0373165 -0.520442 -2.88268e-21)
(0.0307048 -0.610738 3.4274e-21)
(0.0226545 -0.713914 1.27578e-21)
(0.0140014 -0.810325 -1.46177e-21)
(0.00476351 -0.868415 2.87972e-21)
(0.0535946 -0.243349 7.1764e-22)
(0.0576844 -0.289538 1.0919e-21)
(0.0558666 -0.332228 -1.96313e-22)
(0.050978 -0.385379 3.90925e-22)
(0.0465389 -0.445432 8.7974e-22)
(0.0394785 -0.519989 1.58657e-21)
(0.0325078 -0.609897 -6.368e-22)
(0.0240285 -0.712431 -7.15406e-22)
(0.0148515 -0.80803 1.46661e-21)
(0.00503544 -0.865505 8.26448e-22)
(0.0563001 -0.246042 -2.24576e-22)
(0.0611768 -0.290377 2.26451e-22)
(0.059365 -0.331685 -3.15565e-22)
(0.0541575 -0.384457 -3.90453e-22)
(0.0494655 -0.444003 5.29303e-22)
(0.0418927 -0.518387 -1.08831e-21)
(0.0345121 -0.607976 9.85299e-22)
(0.0255541 -0.710059 3.64904e-22)
(0.0158131 -0.805176 0)
(0.00536364 -0.862361 -8.28258e-22)
(0.059798 -0.247708 2.33962e-22)
(0.0652721 -0.290133 -2.36048e-22)
(0.0633722 -0.32996 -3.6126e-22)
(0.0577186 -0.382398 -4.48333e-22)
(0.0527139 -0.441402 -5.66989e-22)
(0.0445676 -0.515683 -6.26977e-23)
(0.0367248 -0.605049 3.56365e-22)
(0.0272247 -0.706933 1.19151e-21)
(0.0168552 -0.801874 0)
(0.00571566 -0.858996 -9.40302e-22)
(0.0641722 -0.248261 0)
(0.0700171 -0.288813 -1.31684e-21)
(0.0678932 -0.327074 2.46057e-21)
(0.0616744 -0.379196 4.49127e-22)
(0.0562989 -0.437596 1.16185e-21)
(0.0475249 -0.511779 1.98968e-21)
(0.0391793 -0.601003 -7.28188e-22)
(0.029086 -0.7029 -8.15451e-22)
(0.0180412 -0.797986 1.89486e-21)
(0.00614228 -0.855309 9.3807e-22)
(0.0695036 -0.247648 0)
(0.0754429 -0.286494 -1.24269e-21)
(0.072938 -0.323107 -7.74314e-22)
(0.0660437 -0.374865 0)
(0.0602348 -0.43272 -3.75432e-21)
(0.0507545 -0.506852 1.25283e-21)
(0.0418488 -0.596018 1.61669e-21)
(0.0310931 -0.698205 5.38976e-21)
(0.0192989 -0.793726 -1.88874e-21)
(0.0065749 -0.851429 4.22436e-21)
(0.0758575 -0.245838 0)
(0.0815686 -0.283266 1.2534e-21)
(0.0785217 -0.318194 0)
(0.0708259 -0.369447 4.65919e-21)
(0.0645282 -0.426728 -4.68303e-21)
(0.0543289 -0.50067 -3.18143e-21)
(0.0448143 -0.589757 -1.04269e-22)
(0.0333374 -0.692419 -5.61532e-21)
(0.0207515 -0.788754 -9.30672e-22)
(0.00712106 -0.847164 -5.25411e-21)
(0.0832757 -0.242877 6.71128e-21)
(0.0883872 -0.279339 -2.57723e-21)
(0.084669 -0.312377 8.9275e-22)
(0.0760623 -0.362973 -4.05103e-21)
(0.0692016 -0.419747 0)
(0.0582102 -0.49352 -3.38155e-21)
(0.0479873 -0.582846 -4.15395e-22)
(0.0356761 -0.686245 7.70977e-21)
(0.0222125 -0.783585 1.10964e-21)
(0.00761453 -0.842794 -1.11362e-21)
(0.0916484 -0.238738 -2.27073e-21)
(0.0959607 -0.274511 5.83006e-21)
(0.0914594 -0.305535 4.29219e-21)
(0.0817715 -0.355329 -4.28925e-21)
(0.0742894 -0.411592 -2.96499e-21)
(0.0624817 -0.484997 0)
(0.0515239 -0.574468 -7.95192e-21)
(0.038378 -0.678641 3.97483e-21)
(0.0239765 -0.777443 4.40049e-21)
(0.00830381 -0.837889 4.91001e-21)
(0.100982 -0.233585 -7.65624e-22)
(0.104247 -0.269031 0)
(0.0988247 -0.298243 0)
(0.0878813 -0.347206 0)
(0.0796858 -0.403092 -3.63297e-21)
(0.0669803 -0.476307 6.58605e-21)
(0.0551535 -0.566218 8.169e-21)
(0.0410357 -0.6714 -1.31401e-20)
(0.0256018 -0.771544 2.45066e-21)
(0.00880564 -0.833067 -7.29065e-21)
(0.111196 -0.226727 -6.09614e-23)
(0.113367 -0.261928 7.2892e-21)
(0.106878 -0.28973 -7.21884e-21)
(0.0946011 -0.337532 1.18244e-20)
(0.0856449 -0.392785 -1.50088e-20)
(0.0720785 -0.465389 0)
(0.0594161 -0.555366 -4.34193e-21)
(0.044355 -0.661662 -2.50051e-22)
(0.0277867 -0.764046 -5.16454e-21)
(0.00970265 -0.82738 -5.35222e-21)
(0.121883 -0.220973 -7.3919e-22)
(0.122748 -0.256202 0)
(0.115071 -0.282675 -1.12189e-20)
(0.101334 -0.329483 2.24327e-20)
(0.0915099 -0.38445 -8.97637e-21)
(0.0769847 -0.45683 -1.99861e-21)
(0.0633231 -0.547215 4.33276e-21)
(0.0471829 -0.654355 -3.36036e-22)
(0.0294649 -0.75786 7.46093e-21)
(0.0101014 -0.822211 7.917e-21)
(0.134306 -0.207508 -4.31721e-21)
(0.134357 -0.244286 4.21911e-21)
(0.12509 -0.270755 1.11199e-21)
(0.10976 -0.316109 0)
(0.0989032 -0.370509 0)
(0.0834201 -0.442113 1.92746e-21)
(0.0687756 -0.53269 9.3303e-21)
(0.0514964 -0.641678 -9.04997e-21)
(0.0323368 -0.748637 -2.5973e-21)
(0.0113803 -0.815472 2.53976e-21)
(0.162401 -0.216813 0)
(0.163814 -0.247554 0)
(0.146287 -0.269466 0)
(0.125336 -0.312312 0)
(0.111953 -0.364783 0)
(0.094342 -0.433879 0)
(0.0773905 -0.522507 0)
(0.0577442 -0.629175 0)
(0.0359158 -0.734915 0)
(0.0115259 -0.802563 0)
(0.203367 -0.198702 0)
(0.210408 -0.231844 0)
(0.178739 -0.252003 0)
(0.15438 -0.298816 0)
(0.140298 -0.352302 0)
(0.117993 -0.421352 0)
(0.0978164 -0.508015 0)
(0.0737493 -0.611251 0)
(0.0468428 -0.711326 0)
(0.0174053 -0.772641 0)
(0.248049 -0.175323 0)
(0.253296 -0.200812 0)
(0.208167 -0.220682 0)
(0.190388 -0.274112 0)
(0.171388 -0.327543 0)
(0.144309 -0.393292 0)
(0.120215 -0.477867 0)
(0.0900925 -0.578014 0)
(0.0562421 -0.675946 0)
(0.0177746 -0.739119 0)
(0.292036 -0.153577 0)
(0.296299 -0.169413 0)
(0.24681 -0.197764 0)
(0.237878 -0.256384 0)
(0.208213 -0.308397 0)
(0.181423 -0.370745 0)
(0.151413 -0.454664 0)
(0.115289 -0.548931 0)
(0.0734001 -0.638658 0)
(0.0272331 -0.692103 0)
(0.338428 -0.125057 0)
(0.34515 -0.135117 0)
(0.297172 -0.170639 0)
(0.291751 -0.225596 0)
(0.250015 -0.273471 0)
(0.225132 -0.332563 0)
(0.185185 -0.412763 0)
(0.140581 -0.500373 0)
(0.0878056 -0.585205 0)
(0.0271069 -0.6411 0)
(0.402949 -0.106864 0)
(0.415077 -0.117839 0)
(0.368002 -0.158362 0)
(0.36154 -0.206809 0)
(0.311407 -0.252159 0)
(0.285151 -0.307988 0)
(0.233076 -0.378799 0)
(0.178412 -0.45724 0)
(0.113641 -0.529162 0)
(0.0430207 -0.569763 0)
(0.492791 -0.0787992 0)
(0.503359 -0.0915828 0)
(0.453409 -0.127066 0)
(0.440875 -0.166529 0)
(0.382157 -0.205165 0)
(0.346705 -0.253284 0)
(0.280596 -0.310561 0)
(0.212029 -0.380901 0)
(0.130972 -0.445722 0)
(0.0373771 -0.492049 0)
(0.613358 -0.0692316 0)
(0.614642 -0.0824298 0)
(0.564705 -0.111275 0)
(0.541303 -0.141993 0)
(0.477407 -0.172835 0)
(0.429221 -0.212965 0)
(0.350506 -0.257195 0)
(0.265696 -0.316147 0)
(0.168358 -0.362812 0)
(0.0695428 -0.385353 0)
(0.722397 -0.0332767 0)
(0.709288 -0.0408264 0)
(0.657005 -0.0584444 0)
(0.619445 -0.0764921 0)
(0.547688 -0.0951178 0)
(0.483974 -0.120017 0)
(0.387905 -0.145791 0)
(0.282804 -0.185684 0)
(0.159804 -0.221679 0)
(0.0213481 -0.271805 0)
(0.902152 -0.0188458 0)
(0.881924 -0.0226937 0)
(0.838949 -0.0295318 0)
(0.795731 -0.0371567 0)
(0.730436 -0.0457363 0)
(0.659911 -0.0574803 0)
(0.560732 -0.0706049 0)
(0.442052 -0.0919727 0)
(0.296457 -0.119767 0)
(0.178047 -0.173337 0)
(0.197034 -0.180351 1.73268e-21)
(0.24695 -0.164557 -1.71295e-21)
(0.29375 -0.145471 7.51383e-22)
(0.336015 -0.127298 0)
(0.382044 -0.103595 0)
(0.444565 -0.0875306 1.99839e-21)
(0.532334 -0.0621874 -1.06425e-20)
(0.644465 -0.0544984 1.06067e-20)
(0.749874 -0.0235374 3.38088e-21)
(0.91949 -0.0153748 -3.38975e-21)
(0.208241 -0.164399 8.57663e-22)
(0.257691 -0.149527 0)
(0.30404 -0.132973 6.15812e-21)
(0.346377 -0.116361 -1.66115e-20)
(0.393361 -0.0945312 1.25189e-20)
(0.456683 -0.0793128 -1.81907e-21)
(0.544401 -0.0550657 4.14792e-21)
(0.654478 -0.0480924 1.01479e-20)
(0.758743 -0.0192955 3.1515e-21)
(0.925169 -0.0138499 3.02959e-21)
(0.216529 -0.145902 -1.59398e-21)
(0.265282 -0.132379 -3.64627e-21)
(0.310152 -0.119239 3.61171e-21)
(0.352289 -0.10454 -9.64836e-21)
(0.40008 -0.0847766 6.79498e-21)
(0.464621 -0.0705128 0)
(0.552371 -0.0475794 -4.15819e-21)
(0.661257 -0.0415467 -8.45121e-23)
(0.76513 -0.0151077 -5.52346e-21)
(0.929248 -0.0123877 -5.97397e-21)
(0.223447 -0.125063 2.21787e-22)
(0.273422 -0.113293 0)
(0.317324 -0.103932 0)
(0.359277 -0.0913742 0)
(0.4075 -0.0739055 8.72804e-21)
(0.47269 -0.0608374 -6.07213e-21)
(0.560083 -0.0395561 -4.36573e-22)
(0.667403 -0.0348274 -5.20618e-21)
(0.770868 -0.0109956 -2.81951e-21)
(0.932768 -0.0109965 -2.95712e-21)
(0.228592 -0.102018 2.05592e-21)
(0.280542 -0.0925333 2.49995e-22)
(0.324294 -0.0869604 -2.95016e-21)
(0.366714 -0.0766635 2.94847e-21)
(0.415622 -0.0616686 -2.61738e-21)
(0.481302 -0.050103 0)
(0.568171 -0.0308345 -4.03316e-21)
(0.673529 -0.0278103 9.85373e-21)
(0.776348 -0.00688021 -5.04802e-21)
(0.935961 -0.00964476 5.83321e-21)
(0.231904 -0.0770613 2.28949e-21)
(0.285614 -0.0701054 -1.78508e-21)
(0.329647 -0.0682131 -1.43294e-21)
(0.372995 -0.0603053 2.76588e-21)
(0.422988 -0.0479798 0)
(0.489307 -0.0382631 0)
(0.575722 -0.0213705 0)
(0.679119 -0.0204335 4.62431e-21)
(0.781207 -0.00269672 0)
(0.938634 -0.00830441 0)
(0.233379 -0.0505534 0)
(0.288748 -0.045918 1.47791e-21)
(0.333186 -0.0475063 -1.22192e-21)
(0.37752 -0.0421525 -4.05878e-21)
(0.428796 -0.0327629 4.08002e-21)
(0.495768 -0.0252913 3.44753e-21)
(0.581804 -0.011173 -3.06328e-21)
(0.683448 -0.0127023 -1.58744e-20)
(0.784937 0.00156668 1.10477e-21)
(0.940496 -0.00697317 -4.22955e-21)
(0.233138 -0.0225751 0)
(0.290243 -0.0199666 -2.60057e-22)
(0.33496 -0.0247048 -4.60634e-22)
(0.380322 -0.0220885 0)
(0.432847 -0.0159374 1.52413e-21)
(0.500331 -0.0111369 -4.24916e-21)
(0.585941 -0.000241798 5.87036e-21)
(0.686033 -0.00463502 2.4987e-21)
(0.787143 0.00589844 -2.57603e-21)
(0.94132 -0.00564986 5.61901e-21)
(0.231473 0.00690136 -5.35806e-22)
(0.290207 0.00769334 5.82581e-22)
(0.33488 0.000184348 1.07146e-22)
(0.381463 -0.000132002 4.15149e-22)
(0.435074 0.00251773 1.16848e-21)
(0.502946 0.00422438 2.30873e-21)
(0.588015 0.0114317 -9.52841e-22)
(0.686715 0.00375199 -1.15312e-21)
(0.787675 0.0102716 2.58455e-21)
(0.941013 -0.00435237 1.39885e-21)
(0.228634 0.0379094 -1.1287e-24)
(0.288606 0.0369107 1.13835e-24)
(0.332858 0.0269859 -2.35248e-22)
(0.380833 0.0235535 -4.14643e-22)
(0.435362 0.0225172 6.82939e-22)
(0.503548 0.0207432 -1.46278e-21)
(0.588013 0.0238338 1.4811e-21)
(0.685455 0.0124509 6.21882e-22)
(0.786478 0.0146873 0)
(0.939569 -0.00306689 -1.40187e-21)
(0.224719 0.0704024 2.25334e-23)
(0.285469 0.067375 -2.27154e-23)
(0.328831 0.0553759 -2.76806e-22)
(0.378329 0.0486768 -4.50074e-22)
(0.433602 0.0438616 -7.03929e-22)
(0.502041 0.0382784 -1.07921e-22)
(0.585958 0.0368853 4.61084e-22)
(0.682298 0.0214104 1.74729e-21)
(0.783665 0.0191034 0)
(0.937072 -0.00181964 -1.43459e-21)
(0.219852 0.104128 0)
(0.280922 0.0985937 -8.10602e-22)
(0.322869 0.0849029 1.7205e-21)
(0.373971 0.074829 4.50867e-22)
(0.429703 0.0662735 1.3298e-21)
(0.498348 0.0566208 2.53245e-21)
(0.581801 0.0504722 -1.00062e-21)
(0.677184 0.0305905 -1.20157e-21)
(0.779148 0.0235306 2.74421e-21)
(0.933574 -0.000571239 1.4312e-21)
(0.214264 0.138553 0)
(0.275045 0.129922 -6.80762e-22)
(0.315229 0.114985 -6.28616e-22)
(0.367861 0.101534 0)
(0.423703 0.0893913 -4.45289e-21)
(0.492541 0.0754774 1.42732e-21)
(0.575579 0.0644021 2.04108e-21)
(0.67022 0.0398536 7.47045e-21)
(0.773083 0.0278538 -2.73534e-21)
(0.929159 0.00060577 5.97684e-21)
(0.208134 0.172909 0)
(0.267842 0.160642 6.86607e-22)
(0.306157 0.144959 0)
(0.36004 0.12828 5.14573e-21)
(0.415659 0.112801 -5.17207e-21)
(0.48461 0.094556 -4.08512e-21)
(0.567163 0.0785319 -2.4336e-22)
(0.661337 0.0491824 -7.74113e-21)
(0.765156 0.0321417 -1.27812e-21)
(0.923826 0.00179064 -7.40647e-21)
(0.201602 0.206283 4.0255e-21)
(0.259398 0.190053 -1.41832e-21)
(0.295964 0.174131 1.44345e-21)
(0.350686 0.154523 -4.19892e-21)
(0.405852 0.135999 0)
(0.474807 0.113458 -4.34391e-21)
(0.556765 0.0925009 -7.14659e-22)
(0.650871 0.0582892 1.04084e-20)
(0.755791 0.0361632 1.51245e-21)
(0.917683 0.00281399 -1.51132e-21)
(0.194733 0.237756 -2.25608e-21)
(0.249766 0.217567 5.10543e-21)
(0.284832 0.201853 4.70754e-21)
(0.339774 0.179771 -4.70449e-21)
(0.39427 0.158566 -3.63615e-21)
(0.462963 0.131988 0)
(0.544082 0.106298 -1.05039e-20)
(0.638317 0.0673505 5.24577e-21)
(0.744484 0.0401897 5.90579e-21)
(0.910762 0.00386434 6.4516e-21)
(0.187813 0.266527 -1.13915e-21)
(0.239387 0.24274 0)
(0.273373 0.227521 0)
(0.327988 0.203455 0)
(0.38175 0.179842 -4.74673e-21)
(0.450002 0.14948 8.36693e-21)
(0.530228 0.119158 1.07902e-20)
(0.624702 0.0755656 -1.74794e-20)
(0.732355 0.0435913 3.22678e-21)
(0.903169 0.00461786 -9.57379e-21)
(0.180611 0.292071 -8.91641e-22)
(0.227879 0.265398 8.64932e-21)
(0.26106 0.250828 -8.56665e-21)
(0.314495 0.225464 1.48704e-20)
(0.367297 0.19989 -1.90045e-20)
(0.434691 0.166354 0)
(0.51385 0.131915 -5.81495e-21)
(0.608384 0.0840245 -3.17926e-22)
(0.71785 0.0472628 -6.75506e-21)
(0.894968 0.00553061 -6.79878e-21)
(0.174744 0.313915 -1.40416e-21)
(0.217519 0.285143 0)
(0.250539 0.270957 -1.44657e-20)
(0.302662 0.244591 2.90334e-20)
(0.354537 0.217041 -1.16923e-20)
(0.420903 0.180506 -2.69615e-21)
(0.498842 0.142081 5.80253e-21)
(0.592888 0.0902645 -3.82907e-22)
(0.703965 0.0495183 9.85062e-21)
(0.886238 0.00590039 1.00804e-20)
(0.166013 0.33381 -7.9773e-21)
(0.203036 0.304159 7.75574e-21)
(0.235602 0.290266 1.47919e-21)
(0.285589 0.263787 0)
(0.33649 0.234897 0)
(0.401657 0.196118 2.61567e-21)
(0.478631 0.154389 1.26083e-20)
(0.572441 0.0986163 -1.22532e-20)
(0.686268 0.053052 -3.32619e-21)
(0.877141 0.00677495 3.19205e-21)
(0.178397 0.343082 0)
(0.203846 0.337673 0)
(0.2359 0.31496 0)
(0.279924 0.288163 0)
(0.324281 0.254703 0)
(0.382277 0.211792 0)
(0.450976 0.164176 0)
(0.538933 0.103863 0)
(0.653216 0.0537131 0)
(0.854286 0.00645679 0)
(0.167091 0.352091 0)
(0.181413 0.346416 0)
(0.214649 0.315148 0)
(0.248398 0.288854 0)
(0.285902 0.250549 0)
(0.335754 0.206203 0)
(0.396399 0.156151 0)
(0.482619 0.0969127 0)
(0.608115 0.0475103 0)
(0.833741 0.00524813 0)
(0.146862 0.349369 0)
(0.151529 0.335918 0)
(0.185861 0.301481 0)
(0.206109 0.273475 0)
(0.241814 0.232281 0)
(0.283039 0.188946 0)
(0.338233 0.139696 0)
(0.422048 0.0853946 0)
(0.554878 0.0405483 0)
(0.799378 0.00391497 0)
(0.124843 0.342159 0)
(0.125923 0.322283 0)
(0.157173 0.287652 0)
(0.165892 0.256977 0)
(0.203269 0.215193 0)
(0.236092 0.17382 0)
(0.291383 0.125906 0)
(0.37801 0.0764645 0)
(0.524655 0.0353395 0)
(0.790493 0.00415998 0)
(0.100568 0.335888 0)
(0.0997892 0.31227 0)
(0.124044 0.279143 0)
(0.125845 0.247019 0)
(0.162793 0.206944 0)
(0.186752 0.167876 0)
(0.240859 0.12249 0)
(0.325923 0.0771663 0)
(0.477059 0.0372638 0)
(0.754827 0.00529033 0)
(0.0794039 0.332217 0)
(0.0771372 0.309746 0)
(0.094931 0.278779 0)
(0.0952135 0.248473 0)
(0.129669 0.211272 0)
(0.149401 0.175338 0)
(0.205667 0.133429 0)
(0.293586 0.090338 0)
(0.45517 0.0468063 0)
(0.745694 0.0101743 0)
(0.048657 0.338588 0)
(0.0460881 0.322551 0)
(0.0567467 0.291972 0)
(0.0572252 0.270221 0)
(0.0839227 0.236187 0)
(0.101263 0.208114 0)
(0.154042 0.171328 0)
(0.235583 0.130314 0)
(0.39096 0.0787278 0)
(0.681422 0.0196235 0)
(0.0402379 0.388596 0)
(0.0389873 0.386007 0)
(0.046831 0.349416 0)
(0.051765 0.339284 0)
(0.0725407 0.303471 0)
(0.0919729 0.285791 0)
(0.140775 0.248829 0)
(0.21582 0.207734 0)
(0.362293 0.140325 0)
(0.641674 0.0421673 0)
(0.000189442 0.552252 0)
(-0.00319607 0.556571 0)
(-0.000775745 0.525066 0)
(0.00199576 0.525009 0)
(0.0127417 0.493135 0)
(0.0280944 0.482291 0)
(0.0625636 0.437823 0)
(0.120881 0.388939 0)
(0.236525 0.282519 0)
(0.476192 0.0841628 0)
(0.0136405 0.794109 0)
(0.0171043 0.795636 0)
(0.0220097 0.782011 0)
(0.0290627 0.780294 0)
(0.0393653 0.75935 0)
(0.0545151 0.742567 0)
(0.078125 0.695188 0)
(0.115756 0.626033 0)
(0.18235 0.470727 0)
(0.324721 0.158208 0)
(0.168076 0.37673 1.04329e-20)
(0.151328 0.380342 -1.01829e-20)
(0.131085 0.374547 2.06152e-21)
(0.110939 0.365029 0)
(0.0888806 0.357485 0)
(0.0701468 0.351451 2.9747e-21)
(0.0435044 0.360456 -1.29179e-20)
(0.0356335 0.415437 1.27671e-20)
(0.000348076 0.576283 3.37216e-21)
(0.0124346 0.803038 -3.42207e-21)
(0.164525 0.380275 -7.65128e-21)
(0.145476 0.382111 0)
(0.125102 0.376945 1.43641e-20)
(0.105608 0.368458 -3.47374e-20)
(0.0842793 0.361906 2.33763e-20)
(0.0665376 0.356697 -2.74568e-21)
(0.0414911 0.367565 5.52566e-21)
(0.0337817 0.425469 1.16566e-20)
(0.00039456 0.585609 2.88101e-21)
(0.0118847 0.805925 2.91206e-21)
(0.159665 0.38145 9.69067e-21)
(0.13999 0.380049 -1.31598e-20)
(0.119964 0.375447 1.30419e-20)
(0.101098 0.368545 -1.83239e-20)
(0.0803827 0.363584 1.33195e-20)
(0.063523 0.36028 0)
(0.0398553 0.373248 -5.53903e-21)
(0.0322219 0.434446 -2.02955e-22)
(0.00043858 0.594188 -5.80633e-21)
(0.0112396 0.808418 -5.94109e-21)
(0.154121 0.385285 -1.89206e-21)
(0.134682 0.38226 0)
(0.115357 0.377314 0)
(0.0971625 0.370901 0)
(0.0770508 0.366636 1.43581e-20)
(0.0609919 0.364618 -9.72962e-21)
(0.0385197 0.379134 -2.35967e-22)
(0.0309278 0.443087 -5.66842e-21)
(0.000540507 0.60223 -2.80891e-21)
(0.010552 0.811123 -2.77287e-21)
(0.148666 0.389233 3.45407e-21)
(0.129738 0.386765 -6.48189e-21)
(0.111055 0.381595 -7.47097e-21)
(0.0935199 0.375251 7.46858e-21)
(0.0740372 0.371094 -4.56644e-21)
(0.0587576 0.369764 0)
(0.0373627 0.38535 -5.19334e-21)
(0.0298186 0.451469 1.08109e-20)
(0.000740936 0.609777 -5.35226e-21)
(0.00988309 0.813958 5.6479e-21)
(0.143511 0.392317 -1.43479e-20)
(0.125352 0.391169 2.85352e-22)
(0.10714 0.386101 -1.20519e-21)
(0.0901647 0.379857 7.1343e-21)
(0.0712733 0.37579 0)
(0.0567376 0.375035 0)
(0.0363296 0.391478 0)
(0.0288575 0.45938 5.04722e-21)
(0.00104385 0.616748 0)
(0.00926246 0.816661 0)
(0.138654 0.394882 0)
(0.121506 0.395112 8.07678e-21)
(0.103655 0.39024 -5.65118e-21)
(0.087171 0.384227 -7.7637e-21)
(0.0688532 0.380258 7.80525e-21)
(0.0549725 0.380188 4.58117e-21)
(0.0354334 0.397099 -4.38974e-21)
(0.028032 0.466643 -1.72261e-20)
(0.00142648 0.623044 1.22902e-21)
(0.0086912 0.819064 -3.75521e-21)
(0.134158 0.397149 0)
(0.118094 0.398858 -2.43588e-21)
(0.100615 0.39422 -1.46507e-21)
(0.0845592 0.388558 0)
(0.0667879 0.384664 2.17326e-21)
(0.053416 0.385181 -6.21906e-21)
(0.0346481 0.40226 6.90528e-21)
(0.0273756 0.47317 2.54008e-21)
(0.00185912 0.628581 -2.33021e-21)
(0.00816421 0.821123 5.05654e-21)
(0.130129 0.399203 1.21105e-21)
(0.115069 0.402628 2.55127e-21)
(0.0979816 0.398323 -4.16562e-22)
(0.0823199 0.392914 8.17002e-22)
(0.0650417 0.389087 1.91833e-21)
(0.0520632 0.389887 3.09179e-21)
(0.0339703 0.407215 -1.0509e-21)
(0.0268228 0.47905 -1.10796e-21)
(0.00230705 0.633337 2.3379e-21)
(0.00767488 0.822892 1.15527e-21)
(0.126652 0.401041 -4.4961e-22)
(0.112418 0.406373 4.56379e-22)
(0.0957165 0.402539 -6.95196e-22)
(0.0804202 0.397338 -8.16018e-22)
(0.0635738 0.393514 9.28287e-22)
(0.0509144 0.39434 -1.93416e-21)
(0.033425 0.411846 1.5759e-21)
(0.0263163 0.484119 5.79924e-22)
(0.00275131 0.637233 0)
(0.0072467 0.824412 -1.15781e-21)
(0.00217977 -0.00420673 0)
(0.00374467 -0.00450613 0)
(0.00569659 0.000996219 -2.45213e-22)
(0.00821912 0.0101118 0)
(0.0114904 0.0218527 1.25058e-21)
(0.0154775 0.0355047 -1.15888e-21)
(0.0201622 0.0504853 0)
(0.0257311 0.0662172 0)
(0.0332848 0.0821209 -3.27794e-21)
(0.0418677 0.0932132 5.8354e-21)
(0.0021303 -0.00349933 0)
(0.00553086 -0.0048239 6.86214e-22)
(0.00901956 -0.000865491 -1.41346e-22)
(0.0125556 0.00619163 -1.45865e-21)
(0.0162477 0.0153721 -9.13523e-22)
(0.0200399 0.0259369 -3.69067e-21)
(0.0238924 0.0373395 0)
(0.0278427 0.0491687 0)
(0.0322544 0.0610249 0)
(0.0376042 0.0704647 -6.56791e-22)
(0.00242745 -0.00275049 0)
(0.00839018 -0.00411672 -1.15351e-22)
(0.0143634 -0.000226171 1.41639e-22)
(0.0198965 0.00650478 1.21526e-21)
(0.0250469 0.0150982 5.30575e-23)
(0.0297564 0.0247772 1.71855e-22)
(0.0340232 0.0350196 2.33866e-21)
(0.0379455 0.0455151 -2.08206e-21)
(0.0417457 0.0557967 3.24512e-21)
(0.0458491 0.06373 -2.79344e-21)
(0.00330783 -0.00204076 2.80747e-22)
(0.0126306 -0.00261123 -6.18184e-22)
(0.0219107 0.00250813 5.52853e-22)
(0.0302703 0.0104203 -2.42811e-21)
(0.0377224 0.0200989 1.84043e-21)
(0.0442331 0.0307015 2.25839e-21)
(0.0498639 0.0416612 -1.26772e-21)
(0.0548136 0.0526549 3.71011e-21)
(0.0593573 0.0631641 -1.1606e-21)
(0.063493 0.0711052 -8.97332e-22)
(0.00496033 -0.00138924 2.02218e-22)
(0.0184779 -0.000468207 -1.92123e-22)
(0.0317008 0.00693281 0)
(0.0434343 0.0171385 1.94192e-21)
(0.053657 0.0290356 -4.12503e-22)
(0.0623705 0.0416932 5.49743e-23)
(0.0696966 0.054469 -9.24185e-22)
(0.0758862 0.0669796 -1.64137e-21)
(0.0812802 0.078741 -7.30735e-24)
(0.0857221 0.0878793 -2.86019e-22)
(0.00754309 -0.000743135 0)
(0.026009 0.00227772 3.01127e-22)
(0.0435682 0.0126923 3.80843e-24)
(0.0588578 0.0258126 -1.11124e-21)
(0.0718458 0.0403874 3.85887e-22)
(0.082589 0.0553836 1.3456e-22)
(0.0912864 0.0700921 1.89272e-22)
(0.0982386 0.0840829 7.96408e-22)
(0.103824 0.0969637 2.85699e-23)
(0.108097 0.107517 -9.34274e-22)
(0.0111185 2.93592e-05 -2.12124e-22)
(0.0351406 0.00568489 -3.05221e-22)
(0.057122 0.0194934 0)
(0.0757353 0.0356129 1.07296e-21)
(0.0909876 0.0526072 -1.0693e-21)
(0.103046 0.0693544 -2.85371e-22)
(0.112243 0.0851317 8.2383e-22)
(0.118988 0.0995389 0)
(0.123723 0.112315 0)
(0.126797 0.123247 0)
(0.0156353 0.0011029 1.38675e-22)
(0.0455952 0.00985637 8.81881e-24)
(0.0717367 0.0270633 1.59868e-22)
(0.0930235 0.0457158 4.6814e-22)
(0.109601 0.0641896 5.64685e-22)
(0.121854 0.0813442 1.69636e-22)
(0.130348 0.0965504 0)
(0.135701 0.109563 -5.4058e-22)
(0.138502 0.120349 2.31702e-23)
(0.139261 0.129552 0)
(0.0209223 0.00265165 0)
(0.056892 0.0148648 -1.93583e-22)
(0.0865782 0.0350741 -1.59828e-22)
(0.109533 0.0552696 -3.01522e-22)
(0.126207 0.0737281 1.99134e-23)
(0.137359 0.0894454 -8.15823e-23)
(0.143924 0.102055 -8.898e-23)
(0.146829 0.111624 0)
(0.146891 0.118489 4.83067e-22)
(0.144715 0.123686 9.94485e-22)
(0.026714 0.00480465 -2.9539e-23)
(0.0683919 0.0206752 4.92739e-23)
(0.100699 0.0430896 -2.74737e-23)
(0.124101 0.0634186 -2.67197e-24)
(0.139577 0.0800573 -8.6043e-23)
(0.148452 0.0923816 0)
(0.152155 0.100495 8.89605e-23)
(0.151998 0.104935 0)
(0.149059 0.106489 0)
(0.14412 0.106278 0)
(0.0327299 0.00761624 5.37646e-23)
(0.0794 0.0271073 0)
(0.113191 0.050585 0)
(0.135795 0.0694225 -1.36398e-22)
(0.148971 0.0824706 -1.35804e-23)
(0.154766 0.0897701 -6.68329e-23)
(0.155185 0.0920845 4.93334e-23)
(0.151935 0.090514 0)
(0.146331 0.0862566 0)
(0.139362 0.0804751 0)
(0.0386052 0.0110703 0)
(0.0892273 0.0338928 -6.49053e-23)
(0.123316 0.057085 5.98483e-23)
(0.144066 0.0728531 1.67201e-22)
(0.154216 0.0808955 0)
(0.156623 0.082163 -1.10259e-22)
(0.153861 0.0781787 1.0254e-22)
(0.147967 0.0705819 0)
(0.140405 0.0608483 -1.13273e-21)
(0.132221 0.0501701 1.08489e-21)
(0.0438575 0.0150377 0)
(0.097169 0.0406295 9.7703e-22)
(0.130521 0.0621558 0)
(0.148726 0.0735725 1.22924e-21)
(0.1556 0.075762 0)
(0.15478 0.070706 -2.25803e-22)
(0.149322 0.060653 0)
(0.14147 0.0476443 -1.56928e-21)
(0.132707 0.0332656 1.46985e-21)
(0.123918 0.0186607 2.21372e-21)
(0.0480808 0.019289 -1.72349e-22)
(0.102738 0.0468722 -4.44834e-22)
(0.134594 0.0655229 -3.39791e-22)
(0.149971 0.0717638 -5.94512e-22)
(0.153723 0.06785 -5.86456e-22)
(0.150149 0.0567636 1.97151e-22)
(0.142642 0.0413319 2.66755e-23)
(0.133522 0.023816 5.6686e-22)
(0.124161 0.00576594 -1.16941e-21)
(0.115165 -0.0118141 -2.22449e-21)
(0.0509595 0.023529 -2.83834e-22)
(0.105674 0.0522082 -1.10111e-21)
(0.135597 0.0670863 -2.70808e-21)
(0.148224 0.0678133 1.01777e-21)
(0.149293 0.0580253 0)
(0.14359 0.0415683 0)
(0.134674 0.0216482 1.40223e-22)
(0.124854 0.000582805 7.24877e-22)
(0.115321 -0.0201985 -7.57762e-22)
(0.106387 -0.0398859 2.43797e-21)
(0.0522905 0.027431 6.80273e-22)
(0.10593 0.0562968 8.99541e-22)
(0.13379 0.0668775 -5.77116e-21)
(0.144016 0.0621722 7.58072e-21)
(0.143004 0.047054 -1.17979e-21)
(0.135816 0.0260525 0)
(0.126054 0.00257519 0)
(0.115955 -0.021142 2.54077e-22)
(0.106534 -0.0438138 2.63459e-21)
(0.097867 -0.0648215 3.75849e-21)
(0.052002 0.0306741 9.15637e-21)
(0.103651 0.0588864 0)
(0.129554 0.0650019 6.96623e-21)
(0.137902 0.0552502 -6.30462e-21)
(0.135475 0.0355225 0)
(0.127415 0.0108374 1.83984e-21)
(0.117272 -0.0153273 -5.18661e-21)
(0.107182 -0.0408939 -1.69373e-21)
(0.0980391 -0.0647295 8.12666e-22)
(0.0898074 -0.0863615 -1.37937e-21)
(0.0501531 0.0329741 -2.14127e-20)
(0.0991239 0.059814 -2.61435e-21)
(0.123339 0.0616005 -6.06046e-21)
(0.130402 0.0473764 -1.2022e-20)
(0.127231 0.0238152 -3.40118e-21)
(0.118887 -0.00373645 -3.29898e-21)
(0.108759 -0.0318167 -1.31701e-21)
(0.0988629 -0.0585466 0)
(0.0900624 -0.0829508 0)
(0.0823699 -0.104623 1.13392e-21)
(0.0469211 0.0341134 1.22568e-20)
(0.0927312 0.0589963 -1.37543e-20)
(0.115602 0.0568187 7.97387e-21)
(0.12197 0.0387944 1.75845e-20)
(0.118697 0.0121442 -4.71195e-21)
(0.110653 -0.0175639 1.84825e-21)
(0.100973 -0.0469103 1.76112e-21)
(0.0914978 -0.0742298 0)
(0.0831046 -0.0987365 0)
(0.0758871 -0.119959 -1.10781e-21)
(0.0425788 0.0339626 -2.11141e-21)
(0.0849209 0.0564397 1.75128e-20)
(0.106772 0.0508056 -3.46354e-21)
(0.11296 0.0296731 0)
(0.11015 0.000575864 0)
(0.102986 -0.0307777 7.86607e-21)
(0.0943523 -0.0609803 0)
(0.0859222 -0.0885011 -4.48569e-21)
(0.0785195 -0.112718 9.93635e-22)
(0.071869 -0.132852 3.13774e-21)
(0.0374545 0.0324846 0)
(0.0761528 0.0522303 0)
(0.0972362 0.0437305 -1.65871e-20)
(0.10362 0.0201652 0)
(0.101657 -0.0108666 5.68102e-21)
(0.0957747 -0.0436715 -5.26518e-21)
(0.0886818 -0.075024 0)
(0.081931 -0.103769 0)
(0.076214 -0.129926 -4.77706e-21)
(0.0705995 -0.15331 9.78377e-21)
(0.0318875 0.0297105 0)
(0.0668795 0.0465214 -1.50497e-20)
(0.0873478 0.0358004 -5.79503e-21)
(0.0941377 0.0104938 -1.59728e-20)
(0.0931513 -0.0219104 -7.45659e-21)
(0.0885431 -0.0557575 -1.75858e-20)
(0.0828052 -0.0878953 0)
(0.0772751 -0.117193 0)
(0.0723634 -0.143488 0)
(0.0670024 -0.166129 6.62939e-22)
(0.0262274 0.0257506 0)
(0.0575512 0.0395305 -6.39655e-21)
(0.0774573 0.0272505 8.21882e-21)
(0.0847341 0.000893179 1.17585e-20)
(0.0847235 -0.0322904 -8.92411e-22)
(0.0812661 -0.0666584 -9.00484e-22)
(0.0766587 -0.0990221 1.07651e-20)
(0.0720732 -0.128149 -9.17833e-21)
(0.0678283 -0.153748 1.50814e-20)
(0.0631452 -0.175257 -1.38789e-20)
(0.0208209 0.0208198 -3.2027e-21)
(0.0485846 0.0315389 1.57413e-20)
(0.0678905 0.0183152 2.4018e-20)
(0.0756529 -0.00845575 -2.58829e-20)
(0.076579 -0.0418727 1.51841e-20)
(0.0741783 -0.0763026 1.31002e-20)
(0.0705896 -0.108474 -4.9491e-21)
(0.0668896 -0.137068 1.84278e-20)
(0.0634129 -0.161799 2.49422e-22)
(0.0596459 -0.182422 -7.94319e-21)
(0.0159592 0.0151914 -3.11297e-21)
(0.0403309 0.0228642 2.95824e-21)
(0.0589321 0.00922185 0)
(0.0671254 -0.017417 2.17849e-20)
(0.068941 -0.0506152 -3.97724e-21)
(0.0675408 -0.084775 -2.5766e-22)
(0.0649258 -0.116536 -6.06207e-21)
(0.0621186 -0.144517 -1.5142e-20)
(0.0594854 -0.168488 6.35549e-22)
(0.0566986 -0.188511 1.28118e-20)
(0.011857 0.00916624 0)
(0.0330593 0.013841 -1.6485e-20)
(0.0508097 0.000189763 5.05546e-21)
(0.0593421 -0.0258812 -1.30584e-20)
(0.0619965 -0.0585115 3.98623e-21)
(0.0615639 -0.0921856 1.39663e-22)
(0.0599055 -0.123459 1.69017e-22)
(0.0579999 -0.150885 1.0405e-20)
(0.0562318 -0.174277 -1.42409e-20)
(0.0544094 -0.193918 1.37963e-20)
(0.00864584 0.00305078 1.61848e-21)
(0.026949 0.00480479 1.10031e-20)
(0.0436839 -0.00857274 0)
(0.0524393 -0.0337509 1.29774e-20)
(0.0558772 -0.0655572 -1.14254e-20)
(0.0563917 -0.098614 -3.30646e-21)
(0.0556834 -0.129399 9.07659e-21)
(0.0546793 -0.156378 0)
(0.0537654 -0.179362 0)
(0.0528557 -0.198761 0)
(0.00637544 -0.00286221 -1.46151e-21)
(0.0220872 -0.00392074 -3.65917e-21)
(0.0376487 -0.0168571 4.51267e-21)
(0.0464983 -0.0409328 6.05878e-21)
(0.0506585 -0.071737 5.6308e-21)
(0.052107 -0.104097 3.20637e-21)
(0.0523504 -0.134425 0)
(0.0522467 -0.161072 5.32819e-21)
(0.0521669 -0.183788 -2.52212e-21)
(0.052106 -0.203027 0)
(0.00502045 -0.00831002 0)
(0.0184789 -0.0120404 7.38254e-21)
(0.0327297 -0.024475 -4.51152e-21)
(0.0415398 -0.0473359 -4.02194e-21)
(0.0463644 -0.0770233 -3.98279e-23)
(0.0487434 -0.108636 -1.61663e-21)
(0.049952 -0.138542 1.37975e-21)
(0.0507575 -0.164955 0)
(0.0515013 -0.187513 -2.46766e-21)
(0.052231 -0.206642 -2.46336e-21)
(0.00449041 -0.0130797 1.6386e-22)
(0.0160459 -0.0193024 -2.60975e-21)
(0.0288911 -0.0312697 -2.38823e-22)
(0.0375432 -0.0528831 1.26511e-23)
(0.0429777 -0.0813849 -1.26636e-21)
(0.0462942 -0.112209 0)
(0.0484996 -0.141713 -1.37926e-21)
(0.0502443 -0.167962 0)
(0.0518256 -0.190444 0)
(0.0533092 -0.209493 0)
(0.00464807 -0.0170395 -2.90425e-22)
(0.0146505 -0.0255208 0)
(0.026052 -0.0371273 0)
(0.0344531 -0.0575467 -1.10281e-21)
(0.0404527 -0.0848417 3.53951e-22)
(0.0447249 -0.114836 -3.98903e-24)
(0.0479778 -0.143927 -6.1722e-22)
(0.0507168 -0.170043 0)
(0.0531839 -0.192492 0)
(0.0554226 -0.21147 0)
(0.00533094 -0.0201119 0)
(0.0141094 -0.0305729 -8.49046e-22)
(0.024081 -0.041956 7.83039e-22)
(0.032178 -0.0612863 1.49944e-21)
(0.0387223 -0.0873807 0)
(0.0439874 -0.116495 1.18267e-21)
(0.0483611 -0.145131 -1.09981e-21)
(0.0521769 -0.171101 0)
(0.0556152 -0.193534 2.24462e-21)
(0.0586596 -0.212442 -2.16683e-21)
(0.00636217 -0.0222382 0)
(0.0142156 -0.0343667 5.11999e-21)
(0.0228323 -0.0456784 0)
(0.0306192 -0.0640596 4.18407e-21)
(0.0377125 -0.0889871 0)
(0.0440229 -0.117172 -3.61248e-21)
(0.0496084 -0.145279 0)
(0.0546041 -0.171057 4.02101e-21)
(0.0591296 -0.193456 -3.76593e-21)
(0.0630913 -0.212291 -4.08181e-21)
(0.00756113 -0.0234211 -1.23478e-21)
(0.0147511 -0.036877 -2.82821e-21)
(0.0221535 -0.0482665 -1.03135e-21)
(0.0296783 -0.0658594 -2.33697e-21)
(0.0373529 -0.0896729 -1.70596e-21)
(0.0447712 -0.116873 1.94844e-21)
(0.051668 -0.14435 1.54716e-21)
(0.057956 -0.169843 -5.33568e-22)
(0.0636893 -0.192152 3.28459e-21)
(0.0687445 -0.210899 4.07563e-21)
(0.00875837 -0.0237139 -9.14783e-22)
(0.0155063 -0.0381406 -1.63033e-21)
(0.0218998 -0.0497343 -2.37735e-21)
(0.0292702 -0.0667005 1.35657e-21)
(0.0375893 -0.0894628 0)
(0.046184 -0.115621 0)
(0.054489 -0.142338 -2.65125e-21)
(0.0621823 -0.167419 -2.81097e-21)
(0.0692137 -0.189542 2.67856e-21)
(0.0755265 -0.208044 -4.62178e-21)
(0.00980554 -0.0232063 5.52379e-22)
(0.0162987 -0.038249 4.955e-22)
(0.02195 -0.0501283 -1.10084e-21)
(0.0293333 -0.0666046 3.03982e-21)
(0.0383913 -0.0883733 -7.58015e-22)
(0.0482318 -0.113429 0)
(0.0580214 -0.13924 0)
(0.0672197 -0.16374 9.97584e-21)
(0.0757274 -0.185506 -1.23545e-20)
(0.0834348 -0.203615 -1.03415e-20)
(0.010585 -0.0220211 4.23618e-22)
(0.016987 -0.0373359 0)
(0.0222212 -0.0495164 2.56922e-21)
(0.0298392 -0.0655894 -2.21924e-21)
(0.0397577 -0.0863996 0)
(0.0509091 -0.110288 7.2557e-22)
(0.0622357 -0.135041 -1.40315e-21)
(0.0729942 -0.158771 -6.18868e-21)
(0.0830549 -0.180026 2.82932e-21)
(0.092353 -0.197673 5.34931e-21)
(0.0110218 -0.0203042 1.64294e-21)
(0.0174884 -0.0355634 1.7658e-22)
(0.0226779 -0.0479799 1.46316e-21)
(0.0307954 -0.063662 2.24892e-21)
(0.0417148 -0.083507 4.62055e-22)
(0.0542305 -0.10615 1.32753e-21)
(0.0671094 -0.129687 1.82639e-21)
(0.0794154 -0.152449 0)
(0.0909789 -0.172999 0)
(0.101941 -0.189951 7.47083e-21)
(0.0110868 -0.0182118 -2.06673e-21)
(0.0177883 -0.0331111 3.83875e-21)
(0.0233396 -0.045604 -1.06967e-21)
(0.0322467 -0.0608116 -4.36688e-21)
(0.0443133 -0.0796193 1.48252e-21)
(0.0582294 -0.100911 7.44283e-22)
(0.0726475 -0.123072 4.8682e-23)
(0.0864628 -0.144677 0)
(0.0994003 -0.164372 0)
(0.111981 -0.180629 -2.64597e-21)
(0.0108018 -0.0159026 6.76793e-22)
(0.0179434 -0.0301578 -5.12547e-21)
(0.0242784 -0.0424656 1.18602e-21)
(0.0342666 -0.0570066 0)
(0.0476163 -0.0746214 0)
(0.0629404 -0.0944044 -3.73353e-21)
(0.0788246 -0.114982 0)
(0.093998 -0.135085 2.02578e-21)
(0.107732 -0.153329 -1.44395e-21)
(0.120819 -0.167954 -4.34761e-22)
(0.0102404 -0.0135244 0)
(0.0180769 -0.0268618 0)
(0.0256083 -0.0386232 7.81305e-21)
(0.0369435 -0.0521982 0)
(0.051693 -0.068377 -3.56395e-21)
(0.0684502 -0.0864378 3.30283e-21)
(0.0858656 -0.105182 0)
(0.102873 -0.123402 0)
(0.118642 -0.140172 1.8203e-21)
(0.134282 -0.155381 -3.44761e-21)
(0.00951505 -0.0111986 0)
(0.0183619 -0.0233444 6.99011e-21)
(0.0274653 -0.034112 3.71832e-21)
(0.0403553 -0.0463361 9.73293e-21)
(0.0565685 -0.0607774 5.21427e-21)
(0.0747449 -0.0769054 1.35105e-20)
(0.0936542 -0.0937388 0)
(0.112515 -0.110261 0)
(0.130715 -0.126032 0)
(0.148411 -0.141638 -4.79794e-22)
(0.00877258 -0.0090183 0)
(0.0189997 -0.0196894 3.96343e-21)
(0.029982 -0.0289532 -3.71626e-21)
(0.0445423 -0.0393869 -7.23989e-21)
(0.0621937 -0.0517492 1.5126e-21)
(0.081685 -0.0657021 1.52816e-21)
(0.101923 -0.0804904 -9.99701e-21)
(0.122302 -0.0952945 8.71644e-21)
(0.142446 -0.10984 -1.24304e-20)
(0.161742 -0.124742 9.04326e-21)
(0.00819307 -0.0070435 1.37983e-21)
(0.0202048 -0.0159345 -7.60953e-21)
(0.0332741 -0.0231536 -1.36149e-20)
(0.0495013 -0.0313426 1.86091e-20)
(0.0684554 -0.0412757 -1.08756e-20)
(0.0890487 -0.0527869 -1.07428e-20)
(0.110341 -0.0653176 4.63663e-21)
(0.131782 -0.0782351 -1.75639e-20)
(0.153101 -0.0912143 1.08412e-22)
(0.173423 -0.10494 6.64666e-21)
(0.00796775 -0.00528937 1.51698e-21)
(0.0221703 -0.0120642 -1.44134e-21)
(0.0374086 -0.0167044 0)
(0.0551737 -0.0222299 -1.57857e-20)
(0.0751836 -0.0294283 3.11696e-21)
(0.0965567 -0.0382709 1.65999e-22)
(0.118514 -0.0483495 5.88131e-21)
(0.140531 -0.0591843 1.5396e-20)
(0.162223 -0.0705585 -1.05816e-21)
(0.182899 -0.0828488 -1.00414e-20)
(0.00828245 -0.00372059 0)
(0.0250367 -0.00800618 9.8034e-21)
(0.0423986 -0.00959009 -3.1112e-21)
(0.0614504 -0.0121182 1.04678e-20)
(0.0821657 -0.0163617 -3.28703e-21)
(0.103908 -0.0223878 1.98417e-22)
(0.126047 -0.0298983 9.71923e-23)
(0.148084 -0.0385353 -1.07937e-20)
(0.169524 -0.0481649 1.39201e-20)
(0.189748 -0.0585915 -1.20868e-20)
(0.00927092 -0.00223919 -7.3368e-22)
(0.0289015 -0.00365403 -6.42967e-21)
(0.0482068 -0.00179891 0)
(0.0681871 -0.00109686 -1.05573e-20)
(0.0891778 -0.00227125 1.0384e-20)
(0.110822 -0.00543179 3.42334e-21)
(0.132634 -0.010344 -9.5013e-21)
(0.154157 -0.0167 0)
(0.174873 -0.0243087 0)
(0.194122 -0.0327842 0)
(0.0110051 -0.00072609 7.84699e-22)
(0.033792 0.00111523 2.50075e-21)
(0.0547482 0.00669901 -3.38036e-21)
(0.0752223 0.0107455 -5.28764e-21)
(0.0960195 0.0126453 -5.33018e-21)
(0.117093 0.0123055 -3.33209e-21)
(0.138105 0.00994704 0)
(0.158663 0.00588524 -5.51464e-21)
(0.178307 0.00041809 2.735e-21)
(0.196434 -0.00611876 0)
(0.0135117 0.000957426 0)
(0.0396418 0.00644721 -4.83668e-21)
(0.0618913 0.0159382 3.37978e-21)
(0.0823957 0.0233333 3.46499e-21)
(0.102537 0.0282225 7.5768e-23)
(0.122606 0.030594 1.72472e-21)
(0.142422 0.0307029 -1.47075e-21)
(0.161679 0.0289121 0)
(0.180013 0.0256356 2.42967e-21)
(0.196956 0.0211069 1.83349e-21)
(0.0167558 0.00295869 -8.04559e-23)
(0.0463262 0.0124815 1.79801e-21)
(0.069479 0.0259523 2.33089e-22)
(0.0895617 0.0366095 3.17539e-23)
(0.108629 0.0443426 1.26677e-21)
(0.127333 0.0492852 0)
(0.145659 0.051771 1.47042e-21)
(0.163398 0.0522357 0)
(0.18029 0.0511997 0)
(0.19602 0.0488039 0)
(0.0206909 0.00541643 1.50472e-22)
(0.0537071 0.0193378 0)
(0.077372 0.0367671 0)
(0.0966259 0.0505313 1.08352e-21)
(0.114274 0.0609259 -3.86698e-22)
(0.131346 0.0682916 3.67589e-24)
(0.147992 0.0730752 6.43522e-22)
(0.164096 0.0757965 0)
(0.179486 0.0770609 0)
(0.19398 0.076946 0)
(0.0251854 0.00845338 0)
(0.0615797 0.0271133 7.54373e-22)
(0.0853966 0.0483931 -6.95774e-22)
(0.103486 0.0650584 -1.4775e-21)
(0.119457 0.0779139 0)
(0.134721 0.0875599 -1.20283e-21)
(0.149585 0.0945755 1.11856e-21)
(0.164015 0.0995595 0)
(0.177895 0.10318 -1.34063e-21)
(0.191134 0.105487 1.30236e-21)
(0.0300001 0.0121529 0)
(0.0696504 0.035861 -5.47718e-21)
(0.0933411 0.0608203 0)
(0.110034 0.0801461 -4.83358e-21)
(0.124169 0.0952486 0)
(0.137541 0.107027 3.74478e-21)
(0.150601 0.116199 0)
(0.163374 0.123425 -2.52835e-21)
(0.175773 0.129412 2.36795e-21)
(0.187746 0.134219 7.78415e-22)
(0.0348831 0.0165401 1.22932e-21)
(0.0776138 0.0455646 2.95484e-21)
(0.100999 0.0739884 1.24896e-21)
(0.116172 0.0957147 2.61827e-21)
(0.12841 0.112839 2.04652e-21)
(0.139883 0.126587 -2.2105e-21)
(0.151173 0.137808 -1.42683e-21)
(0.162343 0.147196 1.74659e-22)
(0.173306 0.155482 -1.39448e-21)
(0.184008 0.162766 -7.79598e-22)
(0.0395697 0.0215777 1.06123e-21)
(0.0851589 0.0561383 2.5899e-21)
(0.108168 0.0877892 4.40201e-21)
(0.12181 0.111649 -2.07707e-21)
(0.132177 0.130558 0)
(0.141808 0.146087 0)
(0.151403 0.159201 1.24907e-21)
(0.161051 0.170604 4.06645e-22)
(0.170639 0.181025 6.13797e-22)
(0.18006 0.190642 -1.61039e-21)
(0.0437867 0.0271607 -1.24439e-21)
(0.0919716 0.0674219 -1.32966e-21)
(0.114649 0.102063 6.36887e-21)
(0.126857 0.127797 -8.01087e-21)
(0.135456 0.148246 1.43457e-21)
(0.143348 0.165336 0)
(0.151347 0.180131 0)
(0.159558 0.19332 2.86678e-21)
(0.167818 0.205623 -5.45239e-21)
(0.175934 0.217313 -9.60588e-21)
(0.0472707 0.0331165 -1.00978e-20)
(0.0977476 0.0791809 0)
(0.120248 0.116597 -8.59e-21)
(0.131218 0.14397 6.45817e-21)
(0.138223 0.165714 0)
(0.144524 0.184121 -2.37539e-22)
(0.151058 0.200346 -1.24766e-21)
(0.157957 0.215045 -5.37035e-21)
(0.164997 0.228914 3.53122e-21)
(0.171837 0.242319 5.58621e-21)
(0.0497871 0.0392108 2.13324e-20)
(0.102208 0.0911101 2.50131e-21)
(0.124782 0.131132 4.09417e-21)
(0.134801 0.159948 6.51819e-21)
(0.140444 0.182755 6.38855e-22)
(0.145325 0.202214 -1.26607e-21)
(0.150516 0.219561 -1.69802e-21)
(0.156168 0.235405 0)
(0.161981 0.250434 0)
(0.167464 0.265136 2.07821e-20)
(0.0511493 0.0451599 -1.12349e-20)
(0.105113 0.102843 1.20159e-20)
(0.128087 0.145363 -6.48704e-21)
(0.137521 0.17549 -8.0076e-21)
(0.142083 0.199163 1.44864e-21)
(0.145754 0.219435 1.38212e-22)
(0.149779 0.23765 1.86865e-21)
(0.154393 0.25439 0)
(0.159292 0.270322 0)
(0.163809 0.285957 -1.00737e-20)
(0.0512388 0.0506523 1.66274e-21)
(0.106275 0.113966 -1.46871e-20)
(0.130026 0.158952 2.46252e-21)
(0.139299 0.190336 0)
(0.14311 0.214719 0)
(0.145798 0.235548 1.93182e-21)
(0.148797 0.254256 0)
(0.152377 0.271267 -9.51598e-21)
(0.156062 0.287063 -2.82536e-21)
(0.158851 0.302527 1.14382e-20)
(0.0500172 0.0553797 0)
(0.105572 0.124041 0)
(0.130484 0.171532 8.61745e-21)
(0.140063 0.204207 0)
(0.143477 0.22922 9.14057e-22)
(0.145406 0.250444 -8.47142e-22)
(0.147487 0.269529 0)
(0.150084 0.287058 0)
(0.15291 0.304016 -1.34725e-20)
(0.155662 0.323232 2.84142e-20)
(0.0474813 0.0590037 0)
(0.102895 0.132569 1.12451e-20)
(0.129353 0.182691 3.03707e-21)
(0.139743 0.21681 3.87552e-21)
(0.143169 0.242478 6.37357e-22)
(0.144635 0.26401 -5.51142e-21)
(0.146055 0.283363 0)
(0.148014 0.30133 0)
(0.150602 0.318815 0)
(0.153846 0.337502 2.22636e-21)
(0.0437089 0.0611858 0)
(0.0982515 0.139052 3.61264e-21)
(0.12658 0.191997 -4.18152e-21)
(0.138285 0.227831 -2.32718e-21)
(0.142163 0.254281 -1.87846e-22)
(0.143493 0.276098 -3.71772e-22)
(0.144508 0.295563 8.19545e-21)
(0.146021 0.313647 -1.12341e-20)
(0.148247 0.331053 2.9413e-20)
(0.151002 0.348332 -3.34707e-20)
(0.0389276 0.0617082 2.37108e-21)
(0.091786 0.143066 -1.15709e-20)
(0.122144 0.199007 -1.21904e-20)
(0.135628 0.236929 4.82303e-21)
(0.14042 0.264418 -1.47615e-21)
(0.141946 0.286579 2.69529e-21)
(0.142764 0.306046 -4.9778e-21)
(0.143935 0.323944 2.44774e-20)
(0.145766 0.340799 3.68988e-21)
(0.14791 0.356699 -1.53098e-20)
(0.0334517 0.0604783 2.24324e-21)
(0.0837122 0.144247 -2.13122e-21)
(0.116057 0.203293 0)
(0.13173 0.243739 -4.43904e-21)
(0.137891 0.272648 3.79303e-22)
(0.139948 0.29534 1.04063e-21)
(0.140775 0.314812 -3.27601e-21)
(0.141688 0.332384 -1.91747e-20)
(0.143147 0.348498 -1.66418e-21)
(0.144785 0.363086 2.71295e-20)
(0.0276313 0.0575188 0)
(0.0743401 0.142334 1.06628e-20)
(0.108396 0.204458 -2.959e-21)
(0.126534 0.247882 2.51368e-21)
(0.134498 0.278697 -3.97145e-22)
(0.137454 0.302254 -1.01852e-21)
(0.138522 0.321876 -9.39017e-22)
(0.139277 0.339156 1.24357e-20)
(0.140371 0.3546 -2.20585e-20)
(0.14156 0.368113 2.51561e-20)
(0.0218325 0.0529783 -1.269e-21)
(0.064078 0.137225 -7.4532e-21)
(0.0992881 0.202146 0)
(0.119985 0.248939 -2.5288e-21)
(0.130143 0.282243 1.15231e-22)
(0.134397 0.307148 -1.70419e-21)
(0.13598 0.327222 5.77816e-21)
(0.136729 0.344378 0)
(0.137527 0.359323 0)
(0.138282 0.372082 0)
(0.0164046 0.0471241 1.08912e-21)
(0.0534131 0.129007 2.3669e-21)
(0.0889331 0.196093 -2.20984e-21)
(0.112037 0.246467 -1.22215e-21)
(0.12469 0.282876 5.03631e-22)
(0.130656 0.309754 1.10135e-21)
(0.133086 0.330754 0)
(0.13403 0.348106 6.28139e-21)
(0.134615 0.362812 -2.61606e-21)
(0.134995 0.375107 0)
(0.0116435 0.0403141 0)
(0.0428854 0.117978 -4.97676e-21)
(0.0776287 0.186181 2.20924e-21)
(0.102682 0.240037 9.97265e-22)
(0.117966 0.280088 -2.58066e-22)
(0.126044 0.309677 -8.12643e-22)
(0.129724 0.332257 9.10171e-22)
(0.131151 0.350304 0)
(0.131686 0.365161 -3.2663e-21)
(0.131802 0.377345 -4.09536e-21)
(0.00776236 0.0329843 -1.40442e-22)
(0.033049 0.104669 1.73673e-21)
(0.0658037 0.172517 3.56788e-23)
(0.092 0.229277 -1.19549e-22)
(0.109783 0.273256 -9.95636e-23)
(0.120287 0.306296 0)
(0.125672 0.331279 -9.09795e-22)
(0.127986 0.35072 0)
(0.128745 0.366275 0)
(0.128756 0.37878 0)
)
;

boundaryField
{
    inlet
    {
        type            uniformFixedValue;
        uniformValue    constant (1 0 0);
        value           uniform (1 0 0);
    }
    outlet
    {
        type            pressureInletOutletVelocity;
        value           nonuniform List<vector> 
40
(
(0.0194981 0.328259 0)
(-0.00615216 0.388382 0)
(-0.00671555 0.457989 0)
(-0.00518871 0.502793 0)
(-0.00752588 0.524504 0)
(-0.0116967 0.536608 0)
(-0.0185009 0.547617 0)
(-0.0241946 0.564276 0)
(-0.027105 0.591732 0)
(-0.0136848 0.630271 0)
(0.029335 0.288719 -8.4362e-24)
(0.0304626 0.266367 2.61608e-23)
(0.0298954 0.238716 -3.12507e-23)
(0.0278054 0.206526 -1.65264e-23)
(0.0244233 0.170918 1.11663e-23)
(0.0202314 0.133396 0)
(0.0157728 0.0956648 2.38335e-24)
(0.01155 0.0593629 -1.19264e-23)
(0.00792468 0.0258042 -5.71467e-24)
(0 -0.00420455 0)
(0 -0.0304345 0)
(0 -0.0531902 0)
(0 -0.0730533 0)
(0 -0.0906885 0)
(0 -0.106712 0)
(0 -0.121628 0)
(0 -0.135814 0)
(0 -0.149537 0)
(0 -0.162984 0)
(0 -0.17628 0)
(0 -0.2077 0)
(0 -0.261022 0)
(0 -0.314596 0)
(0 -0.370562 0)
(0 -0.433997 0)
(0 -0.511173 0)
(0 -0.609725 0)
(0 -0.728397 0)
(0 -0.838643 0)
(0 -0.901436 0)
)
;
    }
    cylinder
    {
        type            fixedValue;
        value           uniform (0 0 0);
    }
    top
    {
        type            symmetryPlane;
    }
    bottom
    {
        type            symmetryPlane;
    }
    defaultFaces
    {
        type            empty;
    }
}


// ************************************************************************* //
