/*--------------------------------*- C++ -*----------------------------------*\
  =========                 |
  \\      /  F ield         | OpenFOAM: The Open Source CFD Toolbox
   \\    /   O peration     | Website:  https://openfoam.org
    \\  /    A nd           | Version:  7
     \\/     M anipulation  |
\*---------------------------------------------------------------------------*/
FoamFile
{
    version     2.0;
    format      ascii;
    class       volVectorField;
    location    "42.5";
    object      U;
}
// * * * * * * * * * * * * * * * * * * * * * * * * * * * * * * * * * * * * * //

dimensions      [0 1 -1 0 0 0 0];

internalField   nonuniform List<vector> 
2000
(
(-0.00120795 0.00541968 -4.06182e-22)
(-0.000542457 0.0072242 0)
(0.00351725 0.00744278 0)
(0.00985935 0.0087831 -2.18786e-21)
(0.0178368 0.0127324 7.70756e-22)
(0.0269146 0.0200105 5.71635e-23)
(0.0366993 0.0308838 -1.32372e-21)
(0.0468699 0.0453328 0)
(0.0571187 0.0631353 0)
(0.0670347 0.0838995 0)
(-0.00138592 0.00552681 0)
(0.000103701 0.00578876 -1.59915e-21)
(0.00536791 0.0042906 1.47469e-21)
(0.0125585 0.00395838 2.94948e-21)
(0.0208867 0.00632414 0)
(0.0297881 0.0120974 2.79103e-21)
(0.038931 0.021552 -2.59537e-21)
(0.0481069 0.03472 0)
(0.0571237 0.0514822 4.8699e-21)
(0.0656466 0.0716309 -9.32209e-21)
(-0.00141792 0.00532897 0)
(0.00145571 0.00393924 1.20055e-20)
(0.00855729 0.000890681 0)
(0.0171698 -0.000850077 1.12608e-20)
(0.0263198 0.000212008 0)
(0.0354049 0.00470914 -1.0514e-20)
(0.044153 0.0128669 0)
(0.052475 0.0247297 9.88511e-21)
(0.0603222 0.0402653 -9.25776e-21)
(0.0674544 0.0594684 -8.6816e-21)
(-0.0012111 0.00477357 -3.01429e-21)
(0.00368469 0.00161838 -6.11485e-21)
(0.013272 -0.00273179 -2.79079e-21)
(0.0238621 -0.00552086 -5.58384e-21)
(0.0342864 -0.0053704 -5.24315e-21)
(0.0439075 -0.00179232 5.26756e-21)
(0.0525175 0.00532858 4.87801e-21)
(0.0601512 0.0159928 -2.73641e-22)
(0.0669259 0.0302157 8.86169e-21)
(0.0727328 0.0481788 8.6768e-21)
(-0.000647191 0.00380988 -2.77797e-21)
(0.00697553 -0.0011819 -5.84128e-21)
(0.0196748 -0.00652746 -1.11245e-20)
(0.032736 -0.00993485 5.22347e-21)
(0.044815 -0.0102229 0)
(0.0552649 -0.00710776 0)
(0.063963 -0.000641174 -9.52934e-21)
(0.0710772 0.00907346 -8.9831e-21)
(0.0769056 0.0220401 8.12197e-21)
(0.0815317 0.0385684 2.31823e-20)
(0.000407972 0.00241986 2.74428e-21)
(0.0115125 -0.00442922 3.00529e-21)
(0.0278786 -0.0104168 -1.51592e-20)
(0.0437794 -0.0139762 2.54138e-20)
(0.0577478 -0.0142007 -4.85382e-21)
(0.069184 -0.0110564 0)
(0.0780944 -0.0047985 0)
(0.0848037 0.00431975 4.17305e-20)
(0.0898001 0.0162296 -3.93673e-20)
(0.093438 0.0312797 7.4807e-21)
(0.0020932 0.000624992 1.89487e-20)
(0.0174566 -0.00803311 0)
(0.0379172 -0.0142768 2.08279e-20)
(0.0568319 -0.0175273 -2.01587e-20)
(0.0727029 -0.0172239 0)
(0.0850694 -0.0136085 9.01002e-21)
(0.0941362 -0.00714879 -2.46406e-20)
(0.100425 0.00173713 -3.17752e-20)
(0.104623 0.0128645 1.45397e-20)
(0.107424 0.0265312 1.39095e-20)
(0.00454002 -0.00150877 -3.65791e-20)
(0.0249206 -0.0118338 -5.13379e-21)
(0.0497165 -0.0179341 -9.34889e-21)
(0.0715642 -0.0204661 -2.29895e-20)
(0.0890761 -0.0192753 -9.03901e-21)
(0.102057 -0.0148843 -7.96895e-21)
(0.110998 -0.00795068 1.18051e-21)
(0.116667 0.000962903 0)
(0.119956 0.0115424 0)
(0.121926 0.0239739 -2.17031e-22)
(0.00785831 -0.00387007 1.76307e-20)
(0.0339387 -0.0156036 -1.85865e-20)
(0.0630688 -0.0211723 1.43099e-20)
(0.0874771 -0.0226724 3.18656e-20)
(0.106084 -0.0203965 -8.39108e-21)
(0.119115 -0.0151247 8.90806e-21)
(0.127442 -0.00765383 7.78507e-21)
(0.132119 0.00136364 0)
(0.134234 0.01151 0)
(0.135204 0.0228663 -1.36873e-21)
(0.0121226 -0.00630784 -1.9741e-21)
(0.0444394 -0.0190621 2.32737e-20)
(0.0776172 -0.0237545 -4.31919e-21)
(0.103922 -0.0240485 0)
(0.122837 -0.0206879 0)
(0.135187 -0.0146562 1.52851e-20)
(0.142312 -0.00681219 0)
(0.14557 0.00218211 -1.1303e-20)
(0.14622 0.0118882 8.76261e-22)
(0.145929 0.0224084 9.21708e-21)
(0.0874072 0.136232 3.93943e-22)
(0.115869 0.238553 -3.99311e-22)
(0.122168 0.328112 -4.74692e-22)
(0.113777 0.401768 -5.71859e-22)
(0.0949563 0.468912 -7.52186e-22)
(0.0784744 0.536908 -1.86087e-23)
(0.0547167 0.615514 3.95172e-22)
(0.0439039 0.710696 1.41162e-21)
(0.014965 0.828838 0)
(0.0126956 0.961838 -1.03382e-21)
(0.0829981 0.124496 1.38676e-21)
(0.109733 0.230448 -1.68155e-21)
(0.117956 0.326263 3.03312e-21)
(0.11111 0.404085 5.72882e-22)
(0.093153 0.473071 1.23634e-21)
(0.0770854 0.5416 2.21351e-21)
(0.0537226 0.620172 -8.59692e-22)
(0.0429104 0.715268 -9.41889e-22)
(0.0147843 0.83331 1.83879e-21)
(0.0122248 0.965364 1.03135e-21)
(0.0810872 0.112296 0)
(0.104396 0.220398 -1.37836e-21)
(0.113962 0.322342 -8.65727e-22)
(0.108674 0.404808 0)
(0.0916397 0.476078 -3.78795e-21)
(0.0760052 0.545433 1.13036e-21)
(0.052954 0.62412 1.33756e-21)
(0.0420675 0.719319 4.86638e-21)
(0.0146539 0.837575 -1.83285e-21)
(0.0117872 0.968902 3.57853e-21)
(0.0819847 0.100157 0)
(0.100012 0.208639 1.39008e-21)
(0.110183 0.316313 0)
(0.106399 0.40378 3.90683e-21)
(0.0903489 0.477674 -3.92689e-21)
(0.0751943 0.548022 -2.66188e-21)
(0.0524313 0.626828 -2.62948e-22)
(0.0414597 0.722098 -4.64954e-21)
(0.0146625 0.840655 -7.66722e-22)
(0.0113902 0.971743 -4.39399e-21)
(0.0859838 0.0886552 -1.00395e-22)
(0.0967973 0.195556 -3.33367e-21)
(0.106625 0.308188 3.59734e-22)
(0.104197 0.400997 -2.87874e-21)
(0.089219 0.478167 0)
(0.0745928 0.549995 -2.43244e-21)
(0.0520447 0.629224 -2.83694e-22)
(0.0409101 0.724849 5.71849e-21)
(0.0146453 0.843954 7.7033e-22)
(0.0110144 0.974861 -7.73034e-22)
(0.0931771 0.078338 -8.6362e-21)
(0.09503 0.181671 5.38329e-21)
(0.103329 0.298077 2.50884e-21)
(0.102008 0.396112 -2.50769e-21)
(0.0881513 0.476717 -1.59615e-21)
(0.0741804 0.55016 0)
(0.0519207 0.629826 -4.7265e-21)
(0.0406497 0.725701 2.30896e-21)
(0.014812 0.845456 2.6959e-21)
(0.0106767 0.97692 2.79306e-21)
(0.103174 0.069591 -8.29988e-22)
(0.0950098 0.167581 0)
(0.100335 0.286207 0)
(0.0997747 0.389795 0)
(0.0871247 0.474846 -1.74712e-21)
(0.0738259 0.55062 3.33767e-21)
(0.0517488 0.631156 4.4989e-21)
(0.040257 0.727639 -7.04979e-21)
(0.0148183 0.848204 1.29665e-21)
(0.010345 0.979826 -4.04999e-21)
(0.114814 0.0625332 5.22475e-21)
(0.096913 0.154009 3.26615e-21)
(0.0977909 0.272554 -3.23741e-21)
(0.0974239 0.380261 4.57823e-21)
(0.0859728 0.469313 -5.72237e-21)
(0.0736643 0.547577 0)
(0.0520108 0.629094 -1.80054e-21)
(0.0403582 0.72612 2.07528e-22)
(0.0151474 0.847846 -2.19707e-21)
(0.0100504 0.981001 -2.31549e-21)
(0.125928 0.0568312 -3.97374e-21)
(0.100404 0.140985 0)
(0.0957245 0.258821 -3.20609e-21)
(0.0951155 0.372207 6.72516e-21)
(0.0847747 0.466595 -2.58799e-21)
(0.0731671 0.54784 -6.58046e-22)
(0.0517285 0.630573 1.79681e-21)
(0.0399031 0.728346 2.5122e-23)
(0.0150569 0.850846 3.1022e-21)
(0.00974203 0.984068 3.33735e-21)
(0.132901 0.0510216 -2.15441e-21)
(0.104 0.125742 2.09934e-21)
(0.0940682 0.237903 2.78678e-22)
(0.092378 0.353715 0)
(0.083396 0.45363 0)
(0.0733891 0.539365 6.25971e-22)
(0.0525863 0.624271 3.04893e-21)
(0.0405181 0.723329 -2.96184e-21)
(0.0156196 0.84791 -8.84594e-22)
(0.00947561 0.984134 8.58335e-22)
(0.126858 0.0492319 0)
(0.102701 0.116949 0)
(0.0903102 0.228035 0)
(0.0866085 0.35007 0)
(0.0781546 0.456991 0)
(0.0691632 0.547653 0)
(0.0497096 0.634617 0)
(0.0381361 0.734637 0)
(0.0146532 0.858794 0)
(0.00875712 0.993182 0)
(0.112941 0.0826019 0)
(0.0874832 0.14814 0)
(0.072926 0.244586 0)
(0.0697662 0.35788 0)
(0.0657557 0.465211 0)
(0.0610595 0.559589 0)
(0.0452828 0.648742 0)
(0.0346016 0.748541 0)
(0.0131003 0.8702 0)
(0.00762381 0.999936 0)
(0.0910752 0.100276 0)
(0.0677265 0.16777 0)
(0.0524566 0.258165 0)
(0.0482532 0.364136 0)
(0.0468349 0.470225 0)
(0.0465612 0.568327 0)
(0.036176 0.662634 0)
(0.0289369 0.765359 0)
(0.0106281 0.887235 0)
(0.00645775 1.0137 0)
(0.064651 0.117033 0)
(0.0435761 0.184738 0)
(0.0293097 0.269797 0)
(0.0254187 0.368724 0)
(0.0267292 0.47191 0)
(0.0308095 0.571788 0)
(0.0256943 0.669766 0)
(0.0221313 0.773793 0)
(0.00748663 0.894836 0)
(0.00505543 1.01683 0)
(0.0391068 0.132582 0)
(0.0195626 0.200105 0)
(0.00519252 0.278319 0)
(-0.000338243 0.368378 0)
(0.00217515 0.467199 0)
(0.0101284 0.569979 0)
(0.0112792 0.674525 0)
(0.0132111 0.784312 0)
(0.00299959 0.907926 0)
(0.00331882 1.02752 0)
(0.0173234 0.147176 0)
(-0.00105913 0.215804 0)
(-0.0136297 0.288967 0)
(-0.019214 0.370669 0)
(-0.0162298 0.461566 0)
(-0.00670347 0.561413 0)
(-0.00148271 0.667045 0)
(0.00481775 0.780675 0)
(-0.000927338 0.905936 0)
(0.00160396 1.02328 0)
(0.00106836 0.160793 0)
(-0.0175864 0.230509 0)
(-0.0320097 0.297261 0)
(-0.0391266 0.370357 0)
(-0.0362816 0.45502 0)
(-0.025448 0.553604 0)
(-0.0156784 0.663205 0)
(-0.00441371 0.782837 0)
(-0.00542524 0.911296 0)
(0.000204336 1.02813 0)
(-0.00864599 0.172555 0)
(-0.0229914 0.24585 0)
(-0.0359098 0.310819 0)
(-0.0437994 0.375788 0)
(-0.043215 0.449691 0)
(-0.0344974 0.539678 0)
(-0.024279 0.646302 0)
(-0.0114862 0.768511 0)
(-0.00905652 0.899947 0)
(-0.00109083 1.01537 0)
(-0.0149728 0.18293 0)
(-0.0299387 0.255892 0)
(-0.0444987 0.316307 0)
(-0.0531795 0.375624 0)
(-0.0530267 0.445103 0)
(-0.0442482 0.533093 0)
(-0.0323376 0.641493 0)
(-0.0174553 0.767171 0)
(-0.0122941 0.901752 0)
(-0.00209491 1.0169 0)
(-0.00997428 0.196683 0)
(-0.0211455 0.276364 0)
(-0.0348691 0.336937 0)
(-0.0453418 0.38702 0)
(-0.0487142 0.442712 0)
(-0.0439544 0.517812 0)
(-0.0345539 0.61926 0)
(-0.0210011 0.746138 0)
(-0.0143831 0.884692 0)
(-0.00293895 0.999348 0)
(0.146158 0.0352711 -9.58459e-23)
(0.127699 0.0540763 9.47551e-23)
(0.101047 0.0663201 -3.87199e-22)
(0.0716582 0.0795028 0)
(0.0442209 0.0923921 0)
(0.0211083 0.104724 -5.58681e-22)
(0.00467773 0.116103 1.66663e-21)
(-0.00535565 0.125043 -1.63843e-21)
(-0.0105203 0.133426 -1.26319e-22)
(-0.00674025 0.142605 1.23348e-22)
(0.144761 0.0304199 -1.81819e-21)
(0.12412 0.0437499 0)
(0.0981488 0.0527054 -3.2228e-21)
(0.0703153 0.0636087 7.8595e-21)
(0.0444984 0.0748073 -5.36145e-21)
(0.0224224 0.0859083 5.45035e-22)
(0.00651227 0.0961765 -8.95971e-22)
(-0.003203 0.104084 -1.18476e-21)
(-0.00812941 0.11166 2.12784e-23)
(-0.00529192 0.118957 1.86235e-23)
(0.144231 0.0243346 1.53764e-21)
(0.121878 0.0331815 2.3179e-21)
(0.0963089 0.0392144 -2.29512e-21)
(0.0693992 0.0476349 4.19596e-21)
(0.0447927 0.0566354 -3.05702e-21)
(0.0237234 0.0661173 0)
(0.00827559 0.0750571 8.98045e-22)
(-0.00114497 0.0820052 2.00315e-23)
(-0.00597566 0.0888433 3.82995e-22)
(-0.00400268 0.0945695 1.03138e-22)
(0.142949 0.016038 -6.59941e-23)
(0.119432 0.0207811 0)
(0.0946842 0.0243701 0)
(0.0687784 0.0306572 0)
(0.0452524 0.037511 -3.10523e-21)
(0.0249929 0.0453315 2.06145e-21)
(0.00995489 0.0528739 -9.60068e-23)
(0.000646474 0.0589862 5.25598e-22)
(-0.00407652 0.0651501 1.19394e-22)
(-0.00288135 0.0695432 -1.36721e-23)
(0.140915 0.00559043 -1.73018e-21)
(0.116734 0.0065764 3.81817e-22)
(0.0930024 0.00793157 1.64482e-21)
(0.0681241 0.0123757 -1.64347e-21)
(0.0456633 0.0172698 1.02903e-21)
(0.0261706 0.0235784 0)
(0.0115413 0.0298503 8.46699e-22)
(0.00221365 0.035207 -1.12327e-21)
(-0.0023668 0.0406974 4.93201e-22)
(-0.00190345 0.0440285 -1.06675e-22)
(0.138202 -0.00675786 -2.08059e-22)
(0.113836 -0.00906806 6.93769e-22)
(0.0912921 -0.00989391 5.11481e-22)
(0.0674324 -0.00709488 -1.56208e-21)
(0.0459692 -0.0039887 0)
(0.0272328 0.00101733 0)
(0.0130044 0.00617867 0)
(0.00379998 0.0108946 -5.89957e-22)
(-0.00077367 0.0157493 0)
(-0.00107782 0.0182317 0)
(0.134848 -0.020639 0)
(0.110694 -0.0256475 -1.26201e-21)
(0.0894686 -0.0287035 9.59369e-22)
(0.0666563 -0.0273893 1.73983e-21)
(0.0461657 -0.0259395 -1.7487e-21)
(0.0281838 -0.0220366 -8.28068e-22)
(0.0143499 -0.0178324 9.09576e-22)
(0.00528121 -0.0136837 2.06769e-21)
(0.000528665 -0.00940128 -1.75493e-22)
(-0.000395179 -0.00756956 5.19705e-23)
(0.130747 -0.0356065 0)
(0.107274 -0.0425977 3.04798e-22)
(0.0874988 -0.0480067 2.65924e-22)
(0.065746 -0.0480244 0)
(0.0462584 -0.0481298 -4.33936e-22)
(0.0290248 -0.0451619 1.26147e-21)
(0.0155887 -0.0417949 -1.07208e-21)
(0.00662235 -0.0381318 -2.46153e-22)
(0.00153941 -0.0344238 1.6551e-22)
(0.000117228 -0.0331122 -1.09578e-22)
(0.125845 -0.0511782 3.48594e-22)
(0.103624 -0.0594315 -3.53762e-22)
(0.085392 -0.0672898 -2.24849e-23)
(0.0646887 -0.0684581 -1.66991e-22)
(0.0462264 -0.070043 -4.11951e-22)
(0.0297379 -0.0678926 -5.99537e-22)
(0.0166961 -0.0652951 1.68001e-22)
(0.00780635 -0.062103 1.29499e-22)
(0.00243549 -0.0589709 -1.66051e-22)
(0.000466675 -0.0580293 -2.65404e-23)
(0.120293 -0.0668755 -9.64337e-24)
(0.099736 -0.0757363 9.72734e-24)
(0.0830741 -0.0860643 1.14102e-22)
(0.0634559 -0.0881972 1.66734e-22)
(0.0460329 -0.0911905 -1.82009e-22)
(0.0303019 -0.0897954 3.74493e-22)
(0.0176416 -0.0879427 -2.39986e-22)
(0.0088209 -0.0852486 -5.70479e-23)
(0.00316272 -0.0826726 0)
(0.000675075 -0.0819922 2.65867e-23)
(0.114356 -0.0823067 3.21968e-23)
(0.0956367 -0.091203 -3.24508e-23)
(0.0805368 -0.10394 7.19823e-23)
(0.0620594 -0.106864 1.27887e-22)
(0.045651 -0.111177 1.66009e-22)
(0.0306936 -0.110525 -5.84642e-24)
(0.0183906 -0.10941 -7.86486e-23)
(0.00964213 -0.10726 -1.82688e-22)
(0.00371251 -0.105206 0)
(0.000804222 -0.104691 2.45262e-23)
(0.108294 -0.0971924 0)
(0.0914373 -0.105644 1.01881e-22)
(0.0778114 -0.120636 -2.72754e-22)
(0.0605394 -0.124224 -1.28072e-22)
(0.045066 -0.129725 -2.73487e-22)
(0.0308963 -0.129848 -4.54285e-22)
(0.0189142 -0.129451 1.45902e-22)
(0.0102497 -0.127891 1.14644e-22)
(0.004083 -0.126307 -1.35983e-22)
(0.00085103 -0.12589 -2.44594e-23)
(0.102273 -0.111368 0)
(0.0872412 -0.119007 -1.8716e-22)
(0.074939 -0.135974 9.83145e-23)
(0.0589364 -0.14019 0)
(0.0442839 -0.14668 8.04449e-22)
(0.0309111 -0.147645 -2.41553e-22)
(0.0192135 -0.14791 -2.59275e-22)
(0.0106545 -0.146978 -6.2496e-22)
(0.00429892 -0.145792 1.35539e-22)
(0.000834556 -0.145444 -8.49605e-23)
(0.0964033 -0.124757 0)
(0.0831205 -0.131373 1.887e-22)
(0.0719593 -0.149873 0)
(0.0572841 -0.154804 -7.34036e-22)
(0.0433315 -0.162001 7.37872e-22)
(0.0307527 -0.163901 4.76999e-22)
(0.0193176 -0.164723 9.17183e-24)
(0.0108895 -0.164445 5.96869e-22)
(0.00439949 -0.163576 1.14643e-22)
(0.000779253 -0.163293 1.2482e-22)
(0.0907649 -0.137334 6.35668e-21)
(0.0791513 -0.142941 -2.30122e-21)
(0.06892 -0.162323 -5.61217e-22)
(0.0556136 -0.168196 1.65204e-22)
(0.0422527 -0.175733 0)
(0.0304419 -0.178678 4.21965e-22)
(0.0192653 -0.179914 -4.49643e-23)
(0.0109881 -0.180302 -7.36833e-22)
(0.0044196 -0.179663 -3.69125e-23)
(0.000702668 -0.179463 3.68458e-23)
(0.0854119 -0.149067 1.82477e-21)
(0.0754326 -0.153999 3.21356e-21)
(0.0658999 -0.173366 2.48428e-23)
(0.0539605 -0.180549 -2.48295e-23)
(0.0411087 -0.187992 2.48943e-22)
(0.0300037 -0.192093 0)
(0.0190986 -0.193574 6.81738e-22)
(0.0109806 -0.194635 -3.72848e-22)
(0.00438902 -0.194142 -2.53543e-22)
(0.000616829 -0.194054 -6.1509e-23)
(0.080445 -0.159862 -1.16188e-21)
(0.0721345 -0.164893 0)
(0.0630404 -0.183095 0)
(0.052375 -0.192045 0)
(0.039979 -0.198944 2.68492e-22)
(0.0294726 -0.204295 -5.16658e-22)
(0.0188613 -0.205855 -6.40386e-22)
(0.0108936 -0.207586 8.37973e-22)
(0.00433242 -0.207165 -5.94031e-23)
(0.000530096 -0.207224 1.1961e-22)
(0.0758169 -0.169514 -3.35716e-21)
(0.0692833 -0.175952 2.14286e-21)
(0.0604033 -0.191641 -2.12291e-21)
(0.0508409 -0.202833 -1.66817e-22)
(0.0389215 -0.208793 2.6699e-22)
(0.0288869 -0.215444 0)
(0.0186102 -0.216941 2.51324e-22)
(0.010763 -0.219334 -3.19994e-23)
(0.00427513 -0.218928 1.49137e-22)
(0.000448233 -0.219172 4.59296e-23)
(0.0704787 -0.177584 -1.37156e-21)
(0.066057 -0.187432 0)
(0.0575981 -0.199232 -1.51877e-21)
(0.0490586 -0.213036 1.41489e-21)
(0.0378458 -0.217779 -2.76692e-22)
(0.0282272 -0.225715 7.6944e-23)
(0.018388 -0.227041 -2.50752e-22)
(0.0106412 -0.230072 -4.78179e-23)
(0.0042501 -0.229641 -2.72128e-22)
(0.000372665 -0.230118 -8.95959e-23)
(0.0648736 -0.183168 -5.54464e-21)
(0.0622613 -0.199532 5.39941e-21)
(0.0547143 -0.206313 2.77136e-22)
(0.0469494 -0.222828 0)
(0.0366285 -0.226214 0)
(0.0273707 -0.235318 -7.94432e-23)
(0.018051 -0.236385 -3.66256e-22)
(0.0104571 -0.239997 3.5916e-22)
(0.00421574 -0.23951 3.89497e-23)
(0.000298103 -0.240288 -3.80346e-23)
(0.0695918 -0.188647 0)
(0.0626787 -0.228319 0)
(0.0543955 -0.222826 0)
(0.0451574 -0.245371 0)
(0.0348591 -0.245774 0)
(0.0251831 -0.257396 0)
(0.0164877 -0.257758 0)
(0.00922501 -0.262575 0)
(0.00366488 -0.261702 0)
(0.000183648 -0.263173 0)
(0.052935 -0.238237 0)
(0.0454455 -0.273556 0)
(0.0417222 -0.264292 0)
(0.0338719 -0.285121 0)
(0.0274535 -0.282393 0)
(0.0197696 -0.294194 0)
(0.0134568 -0.292739 0)
(0.00752283 -0.298167 0)
(0.0031824 -0.296197 0)
(0.00024388 -0.298275 0)
(0.0475494 -0.285723 0)
(0.0388449 -0.319098 0)
(0.0348212 -0.307171 0)
(0.0273334 -0.327636 0)
(0.0221632 -0.322278 0)
(0.0156952 -0.334406 0)
(0.0109515 -0.331013 0)
(0.00610663 -0.336899 0)
(0.00278497 -0.333588 0)
(0.000212516 -0.336328 0)
(0.0411799 -0.33775 0)
(0.0326062 -0.370401 0)
(0.0289917 -0.355845 0)
(0.0220971 -0.376575 0)
(0.0180421 -0.368703 0)
(0.0125438 -0.381467 0)
(0.00902833 -0.376082 0)
(0.00503436 -0.382608 0)
(0.00251377 -0.37783 0)
(0.000181636 -0.381432 0)
(0.0352956 -0.398982 0)
(0.0273006 -0.431521 0)
(0.023976 -0.414869 0)
(0.0178477 -0.436218 0)
(0.0147044 -0.426175 0)
(0.0100671 -0.43985 0)
(0.0074954 -0.432625 0)
(0.00415649 -0.440063 0)
(0.00224425 -0.433874 0)
(0.000131959 -0.43863 0)
(0.0297091 -0.473531 0)
(0.0223678 -0.504692 0)
(0.0195125 -0.487978 0)
(0.0141925 -0.509311 0)
(0.0118433 -0.498371 0)
(0.00790099 -0.512613 0)
(0.0060298 -0.504312 0)
(0.00316338 -0.512609 0)
(0.00178321 -0.505534 0)
(2.63966e-07 -0.511508 0)
(0.0230631 -0.559664 0)
(0.0174989 -0.586408 0)
(0.0150998 -0.573331 0)
(0.0108716 -0.592431 0)
(0.0089629 -0.582991 0)
(0.00572725 -0.596187 0)
(0.00424778 -0.588461 0)
(0.00185227 -0.596607 0)
(0.000970329 -0.58986 0)
(-0.000202156 -0.596316 0)
(0.0180377 -0.645356 0)
(0.0131487 -0.665143 0)
(0.0109947 -0.658224 0)
(0.00739132 -0.672152 0)
(0.00601478 -0.666569 0)
(0.00337027 -0.676361 0)
(0.00232713 -0.671058 0)
(0.00041194 -0.677159 0)
(0.000117154 -0.672213 0)
(-0.000371741 -0.677439 0)
(0.0106624 -0.711463 0)
(0.00733425 -0.721745 0)
(0.00619322 -0.72225 0)
(0.0040565 -0.73032 0)
(0.00331749 -0.729613 0)
(0.00159975 -0.734684 0)
(0.000940301 -0.732538 0)
(-0.000283593 -0.73532 0)
(-0.00026047 -0.732807 0)
(-0.000326996 -0.735416 0)
(0.00241607 -0.743943 0)
(0.00178094 -0.752613 0)
(0.00166415 -0.755997 0)
(0.00129238 -0.761011 0)
(0.00102386 -0.762011 0)
(0.000526626 -0.76467 0)
(0.000222819 -0.763943 0)
(-0.000140748 -0.765032 0)
(-0.000150308 -0.763775 0)
(-0.000104545 -0.764902 0)
(0.062369 -0.205228 8.60018e-21)
(0.0522528 -0.25486 -8.43786e-21)
(0.0486889 -0.302883 1.1594e-21)
(0.0427586 -0.355821 0)
(0.0374231 -0.417455 0)
(0.0318114 -0.490698 1.40353e-21)
(0.0256224 -0.57275 -6.1331e-21)
(0.0195271 -0.650262 6.08648e-21)
(0.0121555 -0.711727 1.67875e-21)
(0.00374731 -0.739477 -1.6566e-21)
(0.0602623 -0.211568 -1.02779e-20)
(0.0525329 -0.260358 0)
(0.0493055 -0.308009 7.94169e-21)
(0.0435602 -0.360952 -1.83908e-20)
(0.0384215 -0.422587 1.1914e-20)
(0.0327984 -0.49531 -1.26655e-21)
(0.0267548 -0.57582 2.88027e-21)
(0.0202056 -0.651645 6.12227e-21)
(0.0128158 -0.710481 1.7266e-21)
(0.00432586 -0.738207 1.72041e-21)
(0.0590465 -0.21837 1.23908e-20)
(0.0535044 -0.266396 -8.84509e-21)
(0.0503 -0.31309 8.76129e-21)
(0.0447085 -0.365493 -1.00286e-20)
(0.0396832 -0.426782 7.43775e-21)
(0.0339974 -0.498748 0)
(0.0278809 -0.577661 -2.88747e-21)
(0.0209562 -0.652187 1.73931e-22)
(0.0133299 -0.708382 -3.19458e-21)
(0.00462497 -0.736866 -3.33386e-21)
(0.058609 -0.224502 -2.03964e-21)
(0.0550052 -0.272306 0)
(0.0517019 -0.318195 0)
(0.0462548 -0.370049 0)
(0.0412521 -0.430923 8.45628e-21)
(0.0354427 -0.502057 -5.64819e-21)
(0.0290955 -0.579404 -2.88241e-23)
(0.0218081 -0.652272 -3.49521e-21)
(0.0137671 -0.706351 -1.78743e-21)
(0.00473307 -0.734744 -1.91645e-21)
(0.0589773 -0.229839 2.59649e-22)
(0.0569111 -0.277299 -6.41255e-21)
(0.0534486 -0.322574 -5.01876e-21)
(0.0481472 -0.374091 5.01572e-21)
(0.0430921 -0.434664 -2.77061e-21)
(0.0371135 -0.505068 0)
(0.0304719 -0.581008 -3.26518e-21)
(0.0227926 -0.652056 7.16557e-21)
(0.0142552 -0.704435 -3.67336e-21)
(0.00481077 -0.731983 3.74785e-21)
(0.0602142 -0.234509 -1.75668e-20)
(0.0592295 -0.281232 1.88229e-21)
(0.055536 -0.325848 -3.88695e-22)
(0.0503437 -0.377128 5.21945e-21)
(0.0451628 -0.437491 0)
(0.0389777 -0.507294 0)
(0.0320239 -0.582044 0)
(0.0239239 -0.651432 3.86987e-21)
(0.0148717 -0.702396 0)
(0.00495166 -0.728899 0)
(0.0623362 -0.238438 0)
(0.0620052 -0.284166 7.4157e-21)
(0.0580161 -0.328014 -4.99842e-21)
(0.0528523 -0.379037 -5.92923e-21)
(0.0474653 -0.439187 5.96017e-21)
(0.0410297 -0.508462 3.5358e-21)
(0.0337428 -0.582221 -3.51672e-21)
(0.0251977 -0.650246 -1.38501e-20)
(0.0156257 -0.700046 9.86421e-22)
(0.00517196 -0.725677 -3.3849e-21)
(0.0653327 -0.241433 0)
(0.0652626 -0.286071 -2.42302e-21)
(0.0609389 -0.329112 -1.38268e-21)
(0.0557008 -0.37985 0)
(0.0500285 -0.439751 1.72978e-21)
(0.0432914 -0.508536 -5.25208e-21)
(0.0356342 -0.581456 5.80356e-21)
(0.0266147 -0.648407 2.06377e-21)
(0.0165026 -0.697297 -2.27201e-21)
(0.0054578 -0.722332 4.48756e-21)
(0.0691947 -0.243315 2.26838e-21)
(0.0690104 -0.286866 2.67975e-21)
(0.0643302 -0.329109 -6.03743e-22)
(0.0589078 -0.379585 7.9489e-22)
(0.0528831 -0.43922 1.66736e-21)
(0.0457916 -0.507574 2.78708e-21)
(0.0377132 -0.579809 -1.04643e-21)
(0.0281748 -0.64594 -1.12866e-21)
(0.0174787 -0.69416 2.27952e-21)
(0.00578835 -0.718829 1.24076e-21)
(0.0739188 -0.243935 -6.32073e-22)
(0.073256 -0.286494 6.36852e-22)
(0.0682021 -0.327939 -7.19409e-22)
(0.06248 -0.378213 -7.93925e-22)
(0.0560479 -0.43759 9.34824e-22)
(0.0485518 -0.505605 -1.90277e-21)
(0.0400051 -0.577307 1.60183e-21)
(0.0298983 -0.642849 5.70049e-22)
(0.0185595 -0.690634 0)
(0.00616322 -0.715109 -1.2435e-21)
(0.0795038 -0.243167 6.55919e-22)
(0.0780042 -0.284964 -6.61201e-22)
(0.0725631 -0.325552 -7.86358e-22)
(0.0664182 -0.375721 -8.6953e-22)
(0.0595367 -0.434839 -9.80052e-22)
(0.0515842 -0.502658 -6.5739e-23)
(0.0425179 -0.574021 5.69682e-22)
(0.0317817 -0.639215 1.8298e-21)
(0.0197324 -0.686774 0)
(0.00657313 -0.711174 -1.36492e-21)
(0.0859434 -0.240973 0)
(0.0832508 -0.282331 -3.03765e-21)
(0.0774231 -0.321945 5.49594e-21)
(0.0707224 -0.37212 8.71064e-22)
(0.0633572 -0.430966 2.01186e-21)
(0.0548952 -0.4987 3.26305e-21)
(0.0452797 -0.569878 -1.15136e-21)
(0.0338607 -0.634961 -1.24149e-21)
(0.0210323 -0.682524 2.75274e-21)
(0.00703743 -0.706986 1.3617e-21)
(0.0932225 -0.23744 0)
(0.0889895 -0.278639 -3.04861e-21)
(0.0827856 -0.317209 -1.65261e-21)
(0.0753882 -0.367457 0)
(0.067527 -0.426001 -6.3194e-21)
(0.0584906 -0.493797 2.1243e-21)
(0.0482721 -0.565007 2.49099e-21)
(0.0360994 -0.630232 8.00051e-21)
(0.0224192 -0.677972 -2.74383e-21)
(0.00753072 -0.702585 5.9381e-21)
(0.101322 -0.232718 0)
(0.0952123 -0.273888 3.07483e-21)
(0.0886481 -0.311432 0)
(0.0804305 -0.36174 8.18507e-21)
(0.0720458 -0.420043 -8.227e-21)
(0.0623809 -0.487832 -4.92299e-21)
(0.0515465 -0.559203 -8.85397e-23)
(0.0385719 -0.624796 -8.2417e-21)
(0.0239686 -0.67296 -1.37309e-21)
(0.00809543 -0.697862 -7.38685e-21)
(0.11022 -0.226998 2.31885e-20)
(0.101917 -0.268071 -8.81759e-21)
(0.0949782 -0.304889 7.94146e-22)
(0.0858265 -0.355039 -7.78015e-21)
(0.0769446 -0.413173 0)
(0.06658 -0.480982 -5.14747e-21)
(0.0550229 -0.552809 -4.0138e-22)
(0.0411727 -0.618997 1.12185e-20)
(0.0255799 -0.66771 1.53734e-21)
(0.00867002 -0.692968 -1.543e-21)
(0.119879 -0.220462 -1.83849e-21)
(0.109076 -0.261192 1.6352e-20)
(0.101776 -0.297454 8.12625e-21)
(0.09167 -0.347089 -8.12073e-21)
(0.0822453 -0.405048 -4.79654e-21)
(0.0711527 -0.472933 0)
(0.0588424 -0.545266 -1.15083e-20)
(0.0440878 -0.612283 5.76927e-21)
(0.0274187 -0.661881 6.14233e-21)
(0.00934813 -0.687696 6.5999e-21)
(0.13022 -0.213465 -3.25207e-21)
(0.116733 -0.253315 0)
(0.109002 -0.289318 0)
(0.0978893 -0.338545 0)
(0.0878168 -0.396547 -5.47865e-21)
(0.0759231 -0.464784 1.02576e-20)
(0.0627565 -0.537808 1.1733e-20)
(0.0470059 -0.605694 -1.844e-20)
(0.0292104 -0.656065 3.29718e-21)
(0.0099654 -0.682374 -9.80346e-21)
(0.141137 -0.205973 -5.25112e-21)
(0.124996 -0.243765 1.59766e-20)
(0.116649 -0.279997 -1.5824e-20)
(0.104617 -0.328571 1.96099e-20)
(0.0938872 -0.386316 -2.46289e-20)
(0.0812523 -0.45463 0)
(0.0672635 -0.528345 -6.15078e-21)
(0.0504876 -0.597542 -2.57509e-22)
(0.031422 -0.649323 -6.861e-21)
(0.010789 -0.676444 -6.9932e-21)
(0.152292 -0.199284 -3.4787e-21)
(0.133572 -0.234742 0)
(0.124202 -0.271923 -2.08487e-20)
(0.111327 -0.320117 3.88339e-20)
(0.0998358 -0.378002 -1.49447e-20)
(0.0863582 -0.446675 -2.93723e-21)
(0.0714241 -0.521014 6.13776e-21)
(0.0535609 -0.590898 -3.10127e-22)
(0.0332838 -0.643251 1.00161e-20)
(0.0113693 -0.670768 1.03496e-20)
(0.164452 -0.189036 -1.53772e-20)
(0.144091 -0.221501 1.50285e-20)
(0.133184 -0.259241 2.2234e-21)
(0.119533 -0.306594 0)
(0.107215 -0.364152 0)
(0.0929477 -0.433024 2.83621e-21)
(0.0770682 -0.508669 1.27997e-20)
(0.0579791 -0.580781 -1.24721e-20)
(0.036131 -0.635342 -3.40091e-21)
(0.0124668 -0.663924 3.33977e-21)
(0.175466 -0.19141 0)
(0.16566 -0.216507 0)
(0.149713 -0.256378 0)
(0.134247 -0.302385 0)
(0.120332 -0.358753 0)
(0.104174 -0.425671 0)
(0.0861569 -0.498897 0)
(0.0646383 -0.568525 0)
(0.0400829 -0.621495 0)
(0.0132945 -0.649911 0)
(0.197501 -0.171226 0)
(0.202425 -0.201127 0)
(0.17759 -0.245523 0)
(0.163153 -0.290487 0)
(0.146506 -0.346776 0)
(0.12727 -0.411642 0)
(0.10555 -0.481088 0)
(0.0794759 -0.545725 0)
(0.0497459 -0.593645 0)
(0.0176498 -0.61771 0)
(0.230059 -0.150678 0)
(0.240836 -0.181113 0)
(0.207334 -0.225425 0)
(0.196376 -0.268632 0)
(0.175204 -0.324621 0)
(0.152499 -0.386368 0)
(0.126095 -0.451884 0)
(0.0945102 -0.512765 0)
(0.0584928 -0.55877 0)
(0.0190672 -0.584044 0)
(0.272363 -0.136318 0)
(0.284893 -0.165535 0)
(0.244977 -0.208909 0)
(0.238503 -0.251083 0)
(0.210511 -0.306256 0)
(0.184642 -0.363335 0)
(0.152484 -0.423988 0)
(0.114381 -0.478552 0)
(0.0714148 -0.518075 0)
(0.0255518 -0.536893 0)
(0.323829 -0.118824 0)
(0.335076 -0.146238 0)
(0.290817 -0.186497 0)
(0.286202 -0.225492 0)
(0.247871 -0.276006 0)
(0.218564 -0.326086 0)
(0.178053 -0.38117 0)
(0.132416 -0.430153 0)
(0.0811148 -0.46772 0)
(0.0254651 -0.489918 0)
(0.388293 -0.108382 0)
(0.396245 -0.133437 0)
(0.349068 -0.170293 0)
(0.342529 -0.20506 0)
(0.293195 -0.250223 0)
(0.261999 -0.293743 0)
(0.211199 -0.342959 0)
(0.157394 -0.383244 0)
(0.097453 -0.41276 0)
(0.0361011 -0.424338 0)
(0.460128 -0.0865781 0)
(0.460262 -0.107235 0)
(0.410562 -0.138012 0)
(0.397145 -0.166205 0)
(0.337468 -0.203688 0)
(0.302706 -0.238835 0)
(0.235501 -0.278817 0)
(0.173592 -0.310789 0)
(0.102698 -0.341063 0)
(0.0282694 -0.363544 0)
(0.542333 -0.0745786 0)
(0.531856 -0.090347 0)
(0.483577 -0.115266 0)
(0.45929 -0.136709 0)
(0.395204 -0.166692 0)
(0.352209 -0.19296 0)
(0.271361 -0.224187 0)
(0.20513 -0.250218 0)
(0.12473 -0.275746 0)
(0.0543151 -0.277348 0)
(0.605402 -0.0397394 0)
(0.58464 -0.047967 0)
(0.530836 -0.0632398 0)
(0.4937 -0.0745195 0)
(0.421838 -0.0926163 0)
(0.365167 -0.105822 0)
(0.270738 -0.124645 0)
(0.194661 -0.139419 0)
(0.0935909 -0.164933 0)
(-0.00558608 -0.209943 0)
(0.793297 -0.0197208 0)
(0.767371 -0.0237425 0)
(0.721294 -0.0297966 0)
(0.678243 -0.0353039 0)
(0.613378 -0.0434295 0)
(0.549405 -0.0510564 0)
(0.459728 -0.0627631 0)
(0.368073 -0.0767529 0)
(0.245337 -0.104911 0)
(0.165663 -0.159222 0)
(0.208894 -0.167951 1.63524e-20)
(0.234791 -0.144593 -1.6094e-20)
(0.267814 -0.12583 2.55027e-21)
(0.308613 -0.112959 0)
(0.358709 -0.0979243 0)
(0.420069 -0.0890174 3.62446e-21)
(0.489534 -0.0703929 -1.68886e-20)
(0.566846 -0.061231 1.67456e-20)
(0.63216 -0.0313183 4.76163e-21)
(0.8138 -0.016588 -4.78075e-21)
(0.21784 -0.158001 -1.57239e-20)
(0.243161 -0.133725 0)
(0.276065 -0.115981 1.77145e-20)
(0.316908 -0.103736 -4.23352e-20)
(0.367136 -0.0896583 2.81849e-20)
(0.428292 -0.0813684 -3.31179e-21)
(0.497593 -0.0639492 7.17515e-21)
(0.574016 -0.0558643 1.58677e-20)
(0.641085 -0.0279295 4.41081e-21)
(0.820939 -0.0152705 4.27865e-21)
(0.225687 -0.146528 1.83561e-20)
(0.249485 -0.122431 -1.73182e-20)
(0.281496 -0.106036 1.71554e-20)
(0.322035 -0.0945142 -2.2432e-20)
(0.372281 -0.0814693 1.63533e-20)
(0.433478 -0.0738908 0)
(0.502816 -0.057752 -7.19285e-21)
(0.579004 -0.0508494 -6.95362e-23)
(0.648189 -0.0248663 -8.27396e-21)
(0.82687 -0.0140327 -8.5707e-21)
(0.234378 -0.134197 -3.16547e-21)
(0.257337 -0.110864 0)
(0.288418 -0.0959206 0)
(0.328369 -0.0852066 0)
(0.378352 -0.0732919 1.82308e-20)
(0.439315 -0.0665296 -1.23535e-20)
(0.508479 -0.0517566 -3.7448e-22)
(0.584274 -0.0461167 -8.10321e-21)
(0.655097 -0.0220856 -4.17682e-21)
(0.832583 -0.0128799 -4.24297e-21)
(0.242631 -0.12145 2.77385e-21)
(0.265147 -0.0992612 -1.00237e-20)
(0.29551 -0.0857615 -9.60256e-21)
(0.335133 -0.0758991 9.59695e-21)
(0.384942 -0.0651686 -5.79612e-21)
(0.445708 -0.0592982 0)
(0.514674 -0.0459295 -7.12432e-21)
(0.590008 -0.0415715 1.56993e-20)
(0.662069 -0.0194938 -7.92499e-21)
(0.838225 -0.0117917 8.50156e-21)
(0.249984 -0.108361 -2.42325e-20)
(0.271996 -0.087684 1.66392e-21)
(0.301494 -0.0756282 -1.27008e-21)
(0.341 -0.0666995 9.46498e-21)
(0.390782 -0.0571884 0)
(0.451543 -0.052262 0)
(0.520467 -0.0402973 0)
(0.595498 -0.0371945 7.58559e-21)
(0.668707 -0.0170441 0)
(0.843551 -0.0107552 0)
(0.256471 -0.0949652 0)
(0.277806 -0.0760795 1.17178e-20)
(0.306258 -0.0654837 -8.06487e-21)
(0.345609 -0.0576302 -1.06128e-20)
(0.395367 -0.0493715 1.06682e-20)
(0.456205 -0.0454489 6.60083e-21)
(0.525222 -0.0348779 -6.30991e-21)
(0.600161 -0.033 -2.62793e-20)
(0.67458 -0.0147329 1.86512e-21)
(0.848284 -0.00976857 -6.20272e-21)
(0.262031 -0.0813019 0)
(0.282524 -0.0644132 -3.66443e-21)
(0.310013 -0.0552922 -2.14794e-21)
(0.349112 -0.0486499 0)
(0.398723 -0.0416792 3.11487e-21)
(0.459629 -0.0388256 -9.07735e-21)
(0.528773 -0.0296489 1.04895e-20)
(0.603796 -0.0289819 3.93773e-21)
(0.679472 -0.0125574 -3.94389e-21)
(0.852296 -0.00883143 8.29414e-21)
(0.266515 -0.067384 2.49253e-21)
(0.286064 -0.0526738 3.92862e-21)
(0.31277 -0.045066 -7.54047e-22)
(0.351548 -0.0397106 1.23218e-21)
(0.40094 -0.0340564 2.79054e-21)
(0.461921 -0.0323442 4.68087e-21)
(0.531158 -0.024567 -1.70823e-21)
(0.606491 -0.0251141 -1.86064e-21)
(0.68334 -0.0105001 3.95693e-21)
(0.855577 -0.00794393 2.04081e-21)
(0.269748 -0.0532024 -7.98679e-22)
(0.288359 -0.0408473 8.08697e-22)
(0.314414 -0.0348047 -1.06541e-21)
(0.352818 -0.0307908 -1.23066e-21)
(0.402056 -0.0264774 1.46519e-21)
(0.463103 -0.0259464 -3.03482e-21)
(0.532461 -0.0195991 2.59602e-21)
(0.608274 -0.0213555 9.67763e-22)
(0.686222 -0.00852647 0)
(0.858199 -0.00710771 -2.04524e-21)
(0.271628 -0.0387213 7.95809e-22)
(0.289418 -0.0289177 -8.05929e-22)
(0.314896 -0.0244977 -1.06484e-21)
(0.352889 -0.0218762 -1.23069e-21)
(0.402033 -0.0189223 -1.46475e-21)
(0.463165 -0.019598 -7.626e-23)
(0.532775 -0.0147105 8.2025e-22)
(0.609157 -0.0176762 2.74553e-21)
(0.688278 -0.00661956 0)
(0.860185 -0.00632613 -2.02792e-21)
(0.2722 -0.0239144 0)
(0.289354 -0.0168663 -3.91692e-21)
(0.314263 -0.0141257 7.15376e-21)
(0.351792 -0.0129429 1.23285e-21)
(0.400835 -0.0113634 2.79138e-21)
(0.462058 -0.0132712 4.67166e-21)
(0.532035 -0.00985794 -1.70506e-21)
(0.609043 -0.0140389 -1.85064e-21)
(0.689447 -0.00474558 3.91253e-21)
(0.861536 -0.00556642 2.02315e-21)
(0.271528 -0.00879836 0)
(0.288293 -0.00466169 -3.61174e-21)
(0.312607 -0.00365493 -2.14714e-21)
(0.349608 -0.0039554 0)
(0.398505 -0.00376448 -8.70085e-21)
(0.459834 -0.00693734 2.82658e-21)
(0.530308 -0.00501469 3.30952e-21)
(0.608061 -0.0104385 1.09986e-20)
(0.689847 -0.00290674 -3.89987e-21)
(0.862283 -0.00483915 8.08085e-21)
(0.269558 0.00658523 0)
(0.286219 0.0077277 3.64287e-21)
(0.309936 0.00695183 0)
(0.346343 0.00512751 1.06257e-20)
(0.395009 0.00391967 -1.068e-20)
(0.456412 -0.000549813 -6.56091e-21)
(0.527417 -0.000123294 -2.5714e-22)
(0.605997 -0.00681529 -1.10556e-20)
(0.689247 -0.00105134 -1.83751e-21)
(0.862431 -0.00409829 -1.00098e-20)
(0.266281 0.0221866 2.24825e-20)
(0.283171 0.0203193 -8.72597e-21)
(0.30634 0.0177106 1.36425e-21)
(0.342113 0.0143299 -9.46525e-21)
(0.390498 0.0117131 0)
(0.452023 0.00590529 -6.61695e-21)
(0.523685 0.00480904 -5.37371e-22)
(0.603239 -0.00320355 1.46118e-20)
(0.688013 0.000783895 1.98156e-21)
(0.862022 -0.00339162 -1.98015e-21)
(0.261582 0.0379171 -3.70631e-21)
(0.278978 0.0331433 1.69676e-20)
(0.301711 0.0286585 9.59162e-21)
(0.336791 0.0237033 -9.58443e-21)
(0.384757 0.0196773 -5.79815e-21)
(0.446297 0.0125092 0)
(0.518547 0.00989577 -1.42355e-20)
(0.599171 0.000523179 7.09548e-21)
(0.685582 0.00269706 7.65802e-21)
(0.861049 -0.00263494 8.06732e-21)
(0.255902 0.0536608 -2.88361e-21)
(0.274116 0.0461413 0)
(0.296548 0.0397256 0)
(0.330915 0.0331978 0)
(0.378462 0.0277568 -6.53661e-21)
(0.440145 0.0191824 1.23137e-20)
(0.51314 0.015003 1.42946e-20)
(0.594939 0.0042035 -2.23483e-20)
(0.682931 0.00457344 3.98185e-21)
(0.859567 -0.00194092 -1.19189e-20)
(0.248319 0.0692709 -3.69518e-21)
(0.267462 0.0595141 1.70292e-20)
(0.289915 0.0511196 -1.68639e-20)
(0.323503 0.0430186 2.26321e-20)
(0.370356 0.0361755 -2.84061e-20)
(0.431893 0.0261964 0)
(0.505453 0.0204679 -7.16054e-21)
(0.588668 0.00816965 -1.09741e-22)
(0.678549 0.0066279 -7.94761e-21)
(0.857552 -0.00113669 -8.07887e-21)
(0.242288 0.0841184 -2.99599e-21)
(0.262303 0.072464 0)
(0.28472 0.0621369 -2.27765e-20)
(0.317529 0.0526 4.32508e-20)
(0.363843 0.0444031 -1.6767e-20)
(0.425464 0.0330134 -3.35092e-21)
(0.4996 0.0256921 7.14532e-21)
(0.583802 0.0118904 -2.41409e-22)
(0.67501 0.00856825 1.15791e-20)
(0.855055 -0.000465115 1.19052e-20)
(0.228774 0.100062 -1.37657e-20)
(0.25093 0.0877195 1.35068e-20)
(0.274444 0.074952 2.35031e-21)
(0.306582 0.0635867 0)
(0.351943 0.0538501 0)
(0.413361 0.040909 3.2442e-21)
(0.488311 0.0319179 1.44789e-20)
(0.574709 0.0163495 -1.40814e-20)
(0.668298 0.0108911 -3.79029e-21)
(0.852081 0.000436153 3.64175e-21)
(0.2387 0.125933 0)
(0.254239 0.120425 0)
(0.276126 0.101753 0)
(0.306203 0.0869657 0)
(0.349294 0.0735737 0)
(0.408625 0.0572465 0)
(0.48119 0.0443326 0)
(0.5659 0.0252458 0)
(0.659843 0.0158482 0)
(0.843483 0.0019395 0)
(0.219089 0.165284 0)
(0.236588 0.171868 0)
(0.263254 0.144183 0)
(0.293732 0.126795 0)
(0.337207 0.107439 0)
(0.395988 0.0855743 0)
(0.468146 0.0661484 0)
(0.553592 0.0409281 0)
(0.652975 0.0245651 0)
(0.838733 0.0050908 0)
(0.195914 0.212944 0)
(0.212874 0.2267 0)
(0.238029 0.185774 0)
(0.266762 0.168543 0)
(0.311021 0.143622 0)
(0.368364 0.117057 0)
(0.438002 0.0909203 0)
(0.52114 0.058605 0)
(0.621787 0.0341022 0)
(0.81027 0.00751299 0)
(0.177951 0.270713 0)
(0.189264 0.282859 0)
(0.213064 0.228712 0)
(0.243187 0.217152 0)
(0.288574 0.184196 0)
(0.343407 0.15251 0)
(0.411838 0.118657 0)
(0.495462 0.0784967 0)
(0.602227 0.0448658 0)
(0.796647 0.0112161 0)
(0.150915 0.334242 0)
(0.156531 0.340926 0)
(0.182786 0.281621 0)
(0.211082 0.275393 0)
(0.251452 0.229589 0)
(0.300086 0.195045 0)
(0.363807 0.152908 0)
(0.442915 0.103522 0)
(0.549037 0.0583463 0)
(0.749147 0.0142166 0)
(0.127264 0.404953 0)
(0.13235 0.407471 0)
(0.16167 0.347385 0)
(0.183547 0.340825 0)
(0.221506 0.281609 0)
(0.265924 0.249001 0)
(0.327471 0.194306 0)
(0.403341 0.134734 0)
(0.51399 0.0760607 0)
(0.723774 0.0201562 0)
(0.0924218 0.49076 0)
(0.0978866 0.48757 0)
(0.122011 0.428629 0)
(0.136185 0.417167 0)
(0.169844 0.34985 0)
(0.204099 0.319654 0)
(0.255327 0.24727 0)
(0.319762 0.180988 0)
(0.426613 0.105003 0)
(0.642143 0.0273786 0)
(0.0759433 0.591445 0)
(0.0801468 0.581634 0)
(0.0990291 0.524314 0)
(0.109407 0.50539 0)
(0.138301 0.435581 0)
(0.162222 0.402588 0)
(0.208279 0.31476 0)
(0.267408 0.249482 0)
(0.374795 0.152571 0)
(0.59038 0.0451951 0)
(0.0262524 0.723688 0)
(0.0264473 0.70723 0)
(0.0349466 0.656694 0)
(0.0387442 0.631603 0)
(0.0535332 0.569028 0)
(0.0646296 0.530715 0)
(0.0950237 0.444388 0)
(0.13363 0.379941 0)
(0.218172 0.25413 0)
(0.418381 0.078428 0)
(0.0215159 0.895362 0)
(0.0251775 0.873636 0)
(0.0305125 0.839999 0)
(0.0370035 0.812622 0)
(0.0467756 0.767769 0)
(0.0590494 0.725912 0)
(0.0796512 0.655323 0)
(0.109284 0.57743 0)
(0.166728 0.423704 0)
(0.300315 0.150481 0)
(0.207001 0.157673 1.20817e-20)
(0.19873 0.207946 -1.19659e-20)
(0.178991 0.259889 1.97646e-21)
(0.161623 0.316999 0)
(0.135854 0.378732 0)
(0.113631 0.445075 2.9672e-21)
(0.081977 0.52791 -1.37978e-20)
(0.0670063 0.624285 1.37162e-20)
(0.0235587 0.751442 3.77769e-21)
(0.0204047 0.914053 -3.7939e-21)
(0.193943 0.165244 -1.08504e-20)
(0.190428 0.219055 0)
(0.172507 0.272397 1.36974e-20)
(0.155415 0.32923 -3.31211e-20)
(0.130049 0.391336 2.22455e-20)
(0.10837 0.457397 -2.70102e-21)
(0.0778374 0.539855 5.61506e-21)
(0.0634133 0.635301 1.24059e-20)
(0.0225199 0.761321 3.2371e-21)
(0.0199459 0.918812 3.18958e-21)
(0.179968 0.169907 1.24539e-20)
(0.181674 0.227063 -1.2545e-20)
(0.16596 0.281523 1.24245e-20)
(0.149356 0.338201 -1.72759e-20)
(0.124603 0.400385 1.24988e-20)
(0.103517 0.466869 0)
(0.0739786 0.549207 -5.62895e-21)
(0.0601186 0.644498 -2.14668e-22)
(0.0213087 0.76977 -6.33446e-21)
(0.0191988 0.921695 -6.48296e-21)
(0.165648 0.173361 -2.12799e-21)
(0.172645 0.235193 0)
(0.159422 0.29146 0)
(0.143419 0.34867 0)
(0.11943 0.410304 1.37076e-20)
(0.0990445 0.476958 -9.35416e-21)
(0.0704218 0.558852 -3.73752e-22)
(0.0571151 0.654035 -6.06434e-21)
(0.0199817 0.778346 -3.08157e-21)
(0.0182161 0.925747 -3.07487e-21)
(0.151493 0.174625 1.75924e-21)
(0.163657 0.242123 -6.54877e-21)
(0.153139 0.301256 -6.70667e-21)
(0.137761 0.359724 6.70223e-21)
(0.114543 0.421262 -4.29267e-21)
(0.0949337 0.487665 0)
(0.06716 0.568995 -5.24373e-21)
(0.0543902 0.664014 1.14023e-20)
(0.0187059 0.787276 -5.6746e-21)
(0.0171585 0.931288 6.22973e-21)
(0.137796 0.173438 -1.53548e-20)
(0.15485 0.246971 8.58897e-22)
(0.147213 0.309767 -1.04871e-21)
(0.132602 0.369853 6.30893e-21)
(0.110046 0.431971 0)
(0.0911801 0.498136 0)
(0.064242 0.578859 0)
(0.0519597 0.67381 5.15781e-21)
(0.0176213 0.79606 0)
(0.0161524 0.937434 0)
(0.124864 0.169919 0)
(0.146271 0.249646 7.05494e-21)
(0.14162 0.316735 -4.92345e-21)
(0.127972 0.378669 -6.9187e-21)
(0.106057 0.441545 6.95472e-21)
(0.0878132 0.507931 4.40077e-21)
(0.0616809 0.58788 -4.09501e-21)
(0.0498589 0.682909 -1.74231e-20)
(0.0167738 0.80424 1.23319e-21)
(0.015258 0.943415 -3.95093e-21)
(0.113046 0.164207 0)
(0.137989 0.250164 -2.13862e-21)
(0.136328 0.322157 -1.21659e-21)
(0.123814 0.386285 0)
(0.102604 0.449917 2.0262e-21)
(0.0848612 0.516726 -5.66757e-21)
(0.0594465 0.596013 6.73745e-21)
(0.0480573 0.691176 2.61174e-21)
(0.0161362 0.811503 -2.37492e-21)
(0.0144728 0.948752 5.31993e-21)
(0.102678 0.156488 1.54413e-21)
(0.130097 0.248483 2.13198e-21)
(0.131329 0.325948 -3.7416e-22)
(0.120083 0.392745 6.75997e-22)
(0.0996362 0.457251 1.68922e-21)
(0.082332 0.524466 2.82176e-21)
(0.0575517 0.603358 -9.88411e-22)
(0.0464851 0.698618 -1.07837e-21)
(0.0156423 0.817909 2.38278e-21)
(0.0137978 0.953556 1.17501e-21)
(0.0940467 0.147037 -4.18863e-22)
(0.12269 0.24459 4.24488e-22)
(0.126616 0.327969 -5.6235e-22)
(0.116751 0.397947 -6.75182e-22)
(0.0971029 0.463591 8.10666e-22)
(0.0802134 0.531161 -1.71729e-21)
(0.0559884 0.609831 1.48669e-21)
(0.0451102 0.705051 5.77332e-22)
(0.0152659 0.823552 0)
(0.0132161 0.957798 -1.17758e-21)
(0.0173592 -0.0086398 0)
(0.0562273 -0.0219034 0)
(0.0928609 -0.0254588 -1.68451e-20)
(0.12015 -0.0245463 0)
(0.138445 -0.020312 7.52011e-21)
(0.149339 -0.0138539 -6.96886e-21)
(0.154702 -0.00600491 0)
(0.156217 0.00265241 0)
(0.155369 0.0118034 -8.17823e-21)
(0.154273 0.0217534 1.43429e-20)
(0.023511 -0.0106478 0)
(0.0689563 -0.02382 -1.23037e-20)
(0.10817 -0.0261131 -3.55367e-21)
(0.135377 -0.0241913 -1.55457e-20)
(0.15211 -0.0194883 -7.11123e-21)
(0.160864 -0.013101 -1.91672e-20)
(0.164047 -0.00575246 0)
(0.163603 0.00210179 0)
(0.161071 0.0102462 0)
(0.158214 0.0189441 -1.57399e-21)
(0.0304099 -0.0121036 0)
(0.0821104 -0.0245581 -4.05493e-21)
(0.12282 -0.0256448 8.24717e-21)
(0.148861 -0.0231007 1.17633e-20)
(0.163228 -0.0184728 4.21974e-22)
(0.169376 -0.0127246 5.51071e-22)
(0.170198 -0.00639273 1.01231e-20)
(0.167808 0.000238485 -8.20383e-21)
(0.163723 0.00710818 1.23793e-20)
(0.15936 0.0145431 -9.82165e-21)
(0.0378139 -0.0128178 -1.70535e-21)
(0.095094 -0.0239732 1.22154e-20)
(0.136113 -0.0240984 2.00935e-20)
(0.16002 -0.0214646 -2.27201e-20)
(0.171457 -0.0175187 1.41163e-20)
(0.174809 -0.0129675 1.25451e-20)
(0.173346 -0.00810999 -4.90853e-21)
(0.169242 -0.00304731 1.53947e-20)
(0.163915 0.00230985 -1.89318e-21)
(0.158473 0.00828949 -5.0826e-21)
(0.0454036 -0.0126499 -1.98077e-21)
(0.107271 -0.0220384 1.88173e-21)
(0.147439 -0.0216192 0)
(0.168468 -0.0195109 1.89945e-20)
(0.176709 -0.0168421 -3.47429e-21)
(0.177349 -0.0139698 -3.78308e-22)
(0.173884 -0.0109427 -5.12661e-21)
(0.168432 -0.00770145 -1.06505e-20)
(0.162245 -0.00405542 5.40382e-22)
(0.156153 0.000260581 5.11101e-21)
(0.0527989 -0.0115271 0)
(0.118022 -0.018848 -1.35446e-20)
(0.15633 -0.0184296 4.14296e-21)
(0.174033 -0.0174733 -1.19838e-20)
(0.179102 -0.0166014 3.573e-21)
(0.177331 -0.0157746 3.06358e-22)
(0.172269 -0.0148148 2.34323e-22)
(0.165879 -0.0135506 7.21955e-21)
(0.159198 -0.0117533 -8.11111e-21)
(0.152816 -0.0092571 5.77166e-21)
(0.0595898 -0.00945884 1.06026e-21)
(0.126808 -0.014607 9.05145e-21)
(0.162485 -0.0148001 0)
(0.17672 -0.0155684 1.21877e-20)
(0.178885 -0.0168966 -1.13638e-20)
(0.17514 -0.0183526 -2.91688e-21)
(0.168933 -0.0195839 7.67266e-21)
(0.161986 -0.0203666 0)
(0.155106 -0.0204951 0)
(0.148691 -0.0199128 0)
(0.0653674 -0.0065423 -1.2748e-21)
(0.133203 -0.00960883 -4.18987e-21)
(0.165771 -0.0110214 5.15328e-21)
(0.176673 -0.0139835 6.88215e-21)
(0.176373 -0.0177813 5.58135e-21)
(0.171153 -0.0216351 3.47642e-21)
(0.164229 -0.0250855 0)
(0.157046 -0.0279139 3.89987e-21)
(0.150177 -0.0299867 -1.91052e-21)
(0.143852 -0.0313538 0)
(0.0697586 -0.00295899 0)
(0.136924 -0.00421045 8.41459e-21)
(0.166204 -0.00738561 -5.15255e-21)
(0.174126 -0.0128771 -4.69441e-21)
(0.171895 -0.0192813 1.98413e-22)
(0.165701 -0.0255421 -1.57527e-21)
(0.158439 -0.0311637 1.5763e-21)
(0.151265 -0.0359762 0)
(0.144552 -0.0399241 -1.74211e-21)
(0.13839 -0.0432057 -1.19046e-21)
(0.0725035 0.00103386 2.0178e-22)
(0.137865 0.00119426 -3.41556e-21)
(0.163923 -0.00417207 -3.70116e-22)
(0.169363 -0.0123829 2.62078e-23)
(0.16577 -0.0214099 -1.64209e-21)
(0.159067 -0.0300006 0)
(0.151782 -0.0376843 -1.57603e-21)
(0.144805 -0.044371 0)
(0.138343 -0.0500967 0)
(0.132403 -0.0551809 0)
(0.0735778 0.00514115 -4.65324e-22)
(0.136109 0.00622394 0)
(0.159169 -0.00162756 0)
(0.162699 -0.0126118 -2.4227e-21)
(0.158296 -0.0241739 5.78865e-22)
(0.151489 -0.034952 -1.04845e-22)
(0.144444 -0.0445466 -9.79906e-22)
(0.137812 -0.0529605 0)
(0.131677 -0.0603116 0)
(0.125993 -0.0670257 0)
(0.0729586 0.00909659 0)
(0.131835 0.0105747 -2.01204e-21)
(0.152241 4.17359e-05 1.85568e-21)
(0.154431 -0.0136692 3.14941e-21)
(0.149719 -0.0276032 0)
(0.143157 -0.0403772 2.3433e-21)
(0.136564 -0.0516983 -2.17921e-21)
(0.130403 -0.0616639 0)
(0.124668 -0.0704579 2.63994e-21)
(0.1193 -0.0786052 -2.56845e-21)
(0.0705394 0.0125975 0)
(0.125184 0.0139077 1.89709e-20)
(0.143423 0.000631173 0)
(0.144865 -0.0156436 1.52556e-20)
(0.1403 -0.0317157 0)
(0.134273 -0.0462555 -1.13686e-20)
(0.128305 -0.059097 0)
(0.122716 -0.0704255 7.33955e-21)
(0.117448 -0.080472 -6.87411e-21)
(0.112457 -0.0898516 -5.9493e-21)
(0.0664278 0.015342 -5.36327e-21)
(0.116466 0.0159143 -8.93114e-21)
(0.133066 -3.54636e-05 -4.56e-21)
(0.134309 -0.0186138 -7.52199e-21)
(0.130277 -0.036535 -7.14529e-21)
(0.125016 -0.0525814 5.66348e-21)
(0.119804 -0.0667223 5.30621e-21)
(0.114873 -0.0792186 8.48006e-22)
(0.110133 -0.0903283 7.70468e-21)
(0.105579 -0.10074 5.96104e-21)
(0.0608402 0.0170667 -6.07737e-21)
(0.106068 0.0163447 -1.08173e-20)
(0.121549 -0.00209669 -2.01112e-20)
(0.123077 -0.0226435 8.8683e-21)
(0.119891 -0.042083 0)
(0.115564 -0.0593544 0)
(0.111202 -0.0745621 -1.06569e-20)
(0.106989 -0.088029 -9.08125e-21)
(0.10283 -0.100018 8.57715e-21)
(0.0987622 -0.111269 -5.95268e-21)
(0.0540577 0.0175598 6.46574e-21)
(0.0944196 0.0150113 5.56749e-21)
(0.109265 -0.00565405 -3.42674e-20)
(0.111487 -0.0277808 4.74355e-20)
(0.109386 -0.0483781 -8.33547e-21)
(0.106106 -0.0665744 0)
(0.102641 -0.0826031 0)
(0.0991767 -0.0968388 5.156e-20)
(0.0956271 -0.109529 -4.45526e-20)
(0.0920806 -0.121427 -2.30018e-20)
(0.0464092 0.0166714 5.95342e-20)
(0.081978 0.0117927 0)
(0.0966166 -0.010771 4.39399e-20)
(0.0998626 -0.0340584 -3.8416e-20)
(0.0990222 -0.0554375 0)
(0.0968518 -0.0742448 1.43943e-20)
(0.0942858 -0.0908324 -4.00161e-20)
(0.091553 -0.105621 -4.32973e-20)
(0.0886048 -0.118826 2.03144e-20)
(0.0856014 -0.131173 1.69709e-20)
(0.0382532 0.0143208 -1.22602e-19)
(0.0692116 0.0066369 -1.3279e-20)
(0.0840003 -0.0174719 -2.51228e-20)
(0.0885303 -0.0414961 -5.34874e-20)
(0.0890845 -0.063285 -1.75878e-20)
(0.0880596 -0.0823882 -1.60032e-20)
(0.086358 -0.0992584 -1.54861e-21)
(0.084281 -0.114365 0)
(0.0818702 -0.127888 0)
(0.0794045 -0.140464 3.85352e-20)
(0.0299572 0.0104987 6.3069e-20)
(0.0565787 -0.000436831 -5.78483e-20)
(0.0717972 -0.0257407 3.68488e-20)
(0.0778091 -0.0501032 7.51822e-20)
(0.0798788 -0.0719639 -1.9589e-20)
(0.0800634 -0.0910754 1.45994e-20)
(0.0792303 -0.107955 1.3256e-20)
(0.0777536 -0.123124 0)
(0.0757972 -0.136741 0)
(0.0737049 -0.149255 -2.00447e-20)
(0.0218787 0.00526689 -8.39765e-21)
(0.0445098 -0.00933722 7.22586e-20)
(0.0603501 -0.0355174 -1.32818e-20)
(0.067978 -0.0598781 0)
(0.0716876 -0.0815586 0)
(0.0732431 -0.100504 3.37614e-20)
(0.0734985 -0.117235 0)
(0.0729147 -0.132286 -2.59587e-20)
(0.071702 -0.145748 1.23519e-21)
(0.0698317 -0.157504 2.26139e-20)
(0.0143439 -0.00124887 0)
(0.0333844 -0.0199042 0)
(0.0499396 -0.0466868 -5.35049e-20)
(0.0592229 -0.070781 0)
(0.0646339 -0.0921672 1.97551e-20)
(0.0677093 -0.111073 -1.83085e-20)
(0.0693477 -0.128138 0)
(0.0701698 -0.14414 0)
(0.0705019 -0.159636 -2.46848e-20)
(0.0696738 -0.174441 4.87357e-20)
(0.00764774 -0.00886063 0)
(0.0235393 -0.0319022 -4.61528e-20)
(0.040794 -0.0590484 -1.42836e-20)
(0.0516348 -0.0826256 -4.74113e-20)
(0.0586201 -0.103548 -2.14892e-20)
(0.0630437 -0.122319 -5.57144e-20)
(0.0657734 -0.139579 0)
(0.0674291 -0.155977 0)
(0.068234 -0.171811 0)
(0.0673209 -0.18624 5.66726e-22)
(0.0020531 -0.0173017 0)
(0.0152762 -0.0450014 -1.47269e-20)
(0.0331153 -0.0723103 2.70758e-20)
(0.0453051 -0.0951125 3.52196e-20)
(0.0536263 -0.115299 -4.23846e-22)
(0.0591284 -0.133601 -5.98115e-22)
(0.0626288 -0.150553 3.37081e-20)
(0.0647396 -0.166548 -3.04442e-20)
(0.0657213 -0.181651 5.46553e-20)
(0.0649785 -0.195069 -5.25611e-20)
(-0.00223635 -0.0262552 -8.59038e-21)
(0.00883044 -0.0588239 4.59772e-20)
(0.0270728 -0.0861458 6.77402e-20)
(0.0403428 -0.107927 -7.08467e-20)
(0.0497317 -0.127063 4.29765e-20)
(0.0560696 -0.144502 3.82177e-20)
(0.0601403 -0.160658 -1.6409e-20)
(0.0625825 -0.175729 6.0895e-20)
(0.0637632 -0.189707 2.44617e-22)
(0.0633587 -0.202081 -2.73533e-20)
(-0.00508783 -0.035375 -8.09602e-21)
(0.00437052 -0.0729585 7.69396e-21)
(0.0228052 -0.100212 0)
(0.0368612 -0.120772 5.91172e-20)
(0.047052 -0.138576 -1.0752e-20)
(0.0540202 -0.154816 -2.47896e-22)
(0.05853 -0.169842 -1.74769e-20)
(0.0612596 -0.183751 -4.70763e-20)
(0.0626763 -0.196556 6.8303e-22)
(0.0626474 -0.208019 4.21992e-20)
(-0.00644519 -0.0443062 0)
(0.00199218 -0.0869808 -4.24073e-20)
(0.0204109 -0.114166 1.31234e-20)
(0.034958 -0.133382 -3.45743e-20)
(0.0456969 -0.149643 1.06366e-20)
(0.0531154 -0.164447 1.52393e-22)
(0.0579593 -0.178147 1.12624e-22)
(0.0609365 -0.190812 3.17942e-20)
(0.0625841 -0.202507 -4.44606e-20)
(0.0629038 -0.213192 4.35469e-20)
(-0.00632942 -0.0527056 3.83719e-21)
(0.00171423 -0.100471 2.8177e-20)
(0.0199404 -0.127674 0)
(0.0347011 -0.145513 3.43788e-20)
(0.0457506 -0.160106 -3.10406e-20)
(0.0534551 -0.17333 -9.45097e-21)
(0.0585346 -0.185605 2.62391e-20)
(0.0617067 -0.197013 0)
(0.0635451 -0.207662 0)
(0.0641522 -0.217643 0)
(-0.00483451 -0.0602559 -3.5336e-21)
(0.00347781 -0.113032 -9.38426e-21)
(0.0213909 -0.140416 1.18273e-20)
(0.0361202 -0.156938 1.64578e-20)
(0.0472631 -0.169825 1.54631e-20)
(0.0551 -0.181402 9.38352e-21)
(0.0603168 -0.192214 0)
(0.0636199 -0.202373 1.64236e-20)
(0.0655906 -0.212018 -7.61069e-21)
(0.0664094 -0.221306 0)
(-0.00212027 -0.0666747 0)
(0.00714793 -0.124293 1.8718e-20)
(0.0247046 -0.152092 -1.18242e-20)
(0.0392043 -0.167446 -1.09188e-20)
(0.0502482 -0.17867 -7.71632e-23)
(0.0580745 -0.188595 -4.73147e-21)
(0.0633309 -0.197939 4.37808e-21)
(0.0666957 -0.206866 0)
(0.0687362 -0.215522 -7.76963e-21)
(0.0696898 -0.22409 -7.80027e-21)
(0.00159453 -0.0717596 3.8744e-22)
(0.0125131 -0.133944 -6.70916e-21)
(0.0297673 -0.162426 -7.11264e-22)
(0.0439005 -0.176835 -2.83996e-23)
(0.0546848 -0.186508 -3.73059e-21)
(0.0623713 -0.194825 0)
(0.0675738 -0.202725 -4.37656e-21)
(0.0709328 -0.210434 0)
(0.0729862 -0.218098 0)
(0.0740064 -0.225895 0)
(0.00606162 -0.0755491 -7.10095e-22)
(0.0193096 -0.141849 0)
(0.0364198 -0.171242 0)
(0.0501239 -0.184957 -3.60124e-21)
(0.0605271 -0.193239 1.24772e-21)
(0.0679613 -0.200031 7.05206e-23)
(0.0730226 -0.206524 -2.14753e-21)
(0.0763135 -0.213027 0)
(0.0783361 -0.219681 0)
(0.0793742 -0.226634 0)
(0.0110636 -0.0780101 0)
(0.0272867 -0.147826 -2.55353e-21)
(0.0444618 -0.178328 2.35509e-21)
(0.0577348 -0.191638 4.86503e-21)
(0.0676807 -0.198735 0)
(0.0747776 -0.20412 4.57622e-21)
(0.0796278 -0.209265 -4.25563e-21)
(0.0828026 -0.21458 0)
(0.0847736 -0.220206 8.3378e-21)
(0.0858133 -0.226244 -8.07395e-21)
(0.0163652 -0.0790278 0)
(0.0361556 -0.151712 1.73019e-20)
(0.0536713 -0.183512 0)
(0.0665786 -0.196729 1.77537e-20)
(0.0760372 -0.202886 0)
(0.0827386 -0.207015 -1.75158e-20)
(0.0873232 -0.210893 0)
(0.0903452 -0.215051 1.73251e-20)
(0.0922619 -0.219639 -1.6226e-20)
(0.0933186 -0.224706 -1.69065e-20)
(0.0217222 -0.0786224 -4.23004e-21)
(0.0455865 -0.153426 -8.92242e-21)
(0.063783 -0.186665 -4.02054e-21)
(0.0764635 -0.200104 -8.70977e-21)
(0.0854582 -0.205593 -8.3533e-21)
(0.0917378 -0.208648 8.54669e-21)
(0.0960197 -0.211362 8.33938e-21)
(0.0988609 -0.214413 -4.22018e-22)
(0.10073 -0.217973 1.63561e-20)
(0.101847 -0.222037 1.68842e-20)
(0.0269108 -0.0768899 -3.65611e-21)
(0.0552416 -0.152967 -8.01334e-21)
(0.0745091 -0.187722 -1.62657e-20)
(0.0871704 -0.201668 7.75634e-21)
(0.0957793 -0.206774 0)
(0.101646 -0.208958 0)
(0.105607 -0.210635 -1.76968e-20)
(0.108245 -0.212651 -1.76114e-20)
(0.110074 -0.215216 1.70304e-20)
(0.111316 -0.218274 -1.82202e-20)
(0.0317344 -0.0739711 3.38862e-21)
(0.0647878 -0.150412 4.1294e-21)
(0.0855424 -0.186657 -1.98183e-20)
(0.0984618 -0.201354 3.89181e-20)
(0.106814 -0.206359 -7.7056e-21)
(0.112312 -0.207893 0)
(0.115955 -0.20868 0)
(0.118368 -0.209753 8.66568e-20)
(0.120143 -0.211379 -8.53875e-20)
(0.121586 -0.213462 -5.48086e-20)
(0.0360312 -0.0700401 2.12922e-20)
(0.0739218 -0.145902 0)
(0.096562 -0.183481 2.82831e-20)
(0.110074 -0.199123 -3.05764e-20)
(0.118355 -0.2043 0)
(0.12357 -0.205414 1.73095e-20)
(0.126923 -0.205471 -4.97206e-20)
(0.129094 -0.205712 -6.97036e-20)
(0.130758 -0.206492 3.32314e-20)
(0.132466 -0.207701 3.51611e-20)
(0.0396728 -0.0652873 -4.00088e-20)
(0.0823703 -0.139616 -6.17235e-21)
(0.107262 -0.178265 -1.16715e-20)
(0.121721 -0.194979 -3.403e-20)
(0.130175 -0.20057 -1.63828e-20)
(0.135233 -0.201486 -1.68548e-20)
(0.138345 -0.200975 3.1341e-22)
(0.140259 -0.200489 0)
(0.141635 -0.20049 0)
(0.143561 -0.200924 7.2669e-20)
(0.042571 -0.0599085 1.87169e-20)
(0.0898846 -0.131765 -1.91636e-20)
(0.117352 -0.171145 1.77823e-20)
(0.133124 -0.18897 4.83764e-20)
(0.142037 -0.19517 -1.36075e-20)
(0.147114 -0.196096 1.74799e-20)
(0.150086 -0.195172 1.76655e-20)
(0.151838 -0.194051 0)
(0.152842 -0.193515 0)
(0.154579 -0.193268 -3.56416e-20)
(0.0446813 -0.0541037 -1.9379e-21)
(0.0962604 -0.1226 2.43913e-20)
(0.126557 -0.162296 -4.81853e-21)
(0.144004 -0.181186 0)
(0.153693 -0.188136 0)
(0.159002 -0.189254 3.13842e-20)
(0.16192 -0.188053 0)
(0.163402 -0.186341 -3.55808e-20)
(0.163764 -0.184935 -2.87106e-21)
(0.164106 -0.183537 3.48013e-20)
(0.0460029 -0.0480632 0)
(0.10135 -0.112393 0)
(0.134629 -0.151923 -1.97361e-20)
(0.15409 -0.171747 0)
(0.164899 -0.17953 1.50875e-20)
(0.170732 -0.180984 -1.39826e-20)
(0.173902 -0.179584 0)
(0.175753 -0.17711 0)
(0.177032 -0.174473 -3.66627e-20)
(0.179076 -0.172989 7.19711e-20)
(0.0465208 -0.041923 0)
(0.10502 -0.101384 -1.05122e-20)
(0.141335 -0.140241 -2.99421e-21)
(0.16311 -0.160813 -2.2611e-20)
(0.175392 -0.169477 -1.16068e-20)
(0.182065 -0.171455 -4.27415e-20)
(0.185758 -0.170162 0)
(0.188212 -0.167528 0)
(0.190591 -0.164946 0)
(0.193952 -0.164397 6.77545e-22)
(0.0462281 -0.0358197 0)
(0.107176 -0.0898603 -3.40362e-21)
(0.146478 -0.127522 1.01301e-20)
(0.170804 -0.148587 1.77901e-20)
(0.184882 -0.158125 9.47664e-22)
(0.192684 -0.160783 8.28418e-22)
(0.19709 -0.159866 3.06961e-20)
(0.200124 -0.157434 -3.24349e-20)
(0.203185 -0.155091 6.93337e-20)
(0.207229 -0.154394 -7.1058e-20)
(0.0451807 -0.0299069 -1.34511e-21)
(0.10779 -0.0781206 1.01465e-20)
(0.149913 -0.114056 2.13249e-20)
(0.176944 -0.135288 -3.26715e-20)
(0.193095 -0.145608 2.26464e-20)
(0.202288 -0.149009 2.59506e-20)
(0.207573 -0.148593 -1.66373e-20)
(0.211169 -0.146452 6.63432e-20)
(0.21459 -0.144242 2.73407e-21)
(0.218787 -0.143109 -3.36385e-20)
(0.0434627 -0.0243192 -1.51982e-21)
(0.106895 -0.0664501 1.4439e-21)
(0.151552 -0.10014 0)
(0.181346 -0.121155 2.64604e-20)
(0.199795 -0.132077 -5.32429e-21)
(0.210629 -0.136197 1.36274e-21)
(0.216976 -0.13633 -1.36826e-20)
(0.221203 -0.134522 -4.88669e-20)
(0.224909 -0.132432 -2.01263e-21)
(0.229053 -0.130972 5.30972e-20)
(0.0411696 -0.0191621 0)
(0.104568 -0.0551095 -1.03497e-20)
(0.151365 -0.0860733 3.49665e-21)
(0.183875 -0.106442 -1.5194e-20)
(0.204789 -0.117716 5.13984e-21)
(0.217494 -0.122464 -9.6017e-22)
(0.225104 -0.123148 -9.29354e-22)
(0.230087 -0.121707 3.19003e-20)
(0.234128 -0.119751 -4.92378e-20)
(0.238205 -0.118066 5.07554e-20)
(0.0384044 -0.0145143 6.44521e-22)
(0.100931 -0.0443291 6.55743e-21)
(0.149379 -0.0721451 0)
(0.184452 -0.0914214 1.50203e-20)
(0.207919 -0.102735 -1.60246e-20)
(0.222697 -0.107953 -6.95796e-21)
(0.231774 -0.109144 2.07066e-20)
(0.23766 -0.108074 0)
(0.242131 -0.106263 0)
(0.24621 -0.104435 0)
(0.0352729 -0.0104295 -7.65159e-22)
(0.0961408 -0.0343047 -2.6271e-21)
(0.145676 -0.0586299 3.86767e-21)
(0.183051 -0.0763689 7.20958e-21)
(0.209071 -0.0873653 8.61927e-21)
(0.226073 -0.0928352 6.11425e-21)
(0.236807 -0.0944308 0)
(0.243761 -0.0937029 1.56646e-20)
(0.248784 -0.0920401 -6.96467e-21)
(0.252962 -0.0901449 0)
(0.0318763 -0.00693804 0)
(0.0903743 -0.025194 5.0787e-21)
(0.140386 -0.045778 -3.86683e-21)
(0.179701 -0.0615585 -4.5854e-21)
(0.208179 -0.0718502 -3.24747e-22)
(0.22749 -0.0772999 -3.38195e-21)
(0.240049 -0.0791457 3.2943e-21)
(0.248241 -0.0786916 0)
(0.253956 -0.0771651 -7.70577e-21)
(0.258345 -0.0752587 -8.46111e-21)
(0.0283289 -0.00405087 9.20303e-23)
(0.0838405 -0.0171185 -1.96608e-21)
(0.133684 -0.0338156 -3.24752e-22)
(0.174482 -0.0472606 -1.25945e-22)
(0.205214 -0.0564468 -2.03886e-21)
(0.226842 -0.0615588 0)
(0.241354 -0.0634476 -3.29331e-21)
(0.250951 -0.0631548 0)
(0.257511 -0.0617209 0)
(0.262226 -0.0598203 0)
(0.0248293 -0.00175462 -1.97453e-22)
(0.0768703 -0.0101556 0)
(0.125902 -0.0229412 0)
(0.167642 -0.0337473 -1.61896e-21)
(0.200308 -0.0414381 8.33849e-22)
(0.224152 -0.0458614 2.63376e-22)
(0.240669 -0.0475321 -1.46004e-21)
(0.251801 -0.0472346 0)
(0.259349 -0.0457998 0)
(0.264502 -0.0438584 0)
(0.021459 5.54219e-06 0)
(0.0696437 -0.0042814 -1.02912e-21)
(0.117238 -0.0132347 9.48966e-22)
(0.159325 -0.0211911 2.24256e-21)
(0.193512 -0.0270446 0)
(0.219383 -0.0304311 3.0736e-21)
(0.237898 -0.0315962 -2.85827e-21)
(0.250669 -0.0310881 0)
(0.259349 -0.0295156 7.62391e-21)
(0.265075 -0.027427 -7.27681e-21)
(0.0182248 0.00128311 0)
(0.0623036 0.000537234 8.23806e-21)
(0.10791 -0.0047584 0)
(0.149742 -0.00975094 9.10528e-21)
(0.184972 -0.0134861 0)
(0.212593 -0.0155058 -1.09879e-20)
(0.233022 -0.0158626 0)
(0.24749 -0.0149067 1.41208e-20)
(0.25743 -0.0130285 -1.32254e-20)
(0.263866 -0.0106468 -1.49968e-20)
(0.0151776 0.00213421 -2.07799e-21)
(0.0550176 0.00435518 -4.04034e-21)
(0.0981592 0.00246102 -2.05029e-21)
(0.139145 0.000446271 -4.12959e-21)
(0.174888 -0.000966637 -4.59592e-21)
(0.203897 -0.00132663 5.05976e-21)
(0.226073 -0.000573255 5.51246e-21)
(0.242232 0.00108983 -1.03785e-21)
(0.253524 0.00347152 1.29611e-20)
(0.260778 0.0063297 1.4992e-20)
(0.0123731 0.00262347 -2.07696e-21)
(0.0479463 0.00725637 -4.63267e-21)
(0.0882275 0.00844216 -9.58049e-21)
(0.127806 0.00931979 4.38209e-21)
(0.1635 0.010342 0)
(0.193462 0.011876 0)
(0.21713 0.0140199 -1.26365e-20)
(0.234901 0.0166584 -1.35547e-20)
(0.24759 0.0197692 1.34169e-20)
(0.255734 0.0233319 -1.66067e-20)
(0.00985254 0.00282105 2.32544e-21)
(0.0412232 0.00934702 2.61773e-21)
(0.0783367 0.013243 -1.42006e-20)
(0.115998 0.0168351 2.42595e-20)
(0.151079 0.0203063 -4.68295e-21)
(0.181504 0.0238915 0)
(0.206332 0.027663 0)
(0.225559 0.0315335 6.3739e-20)
(0.239628 0.0356101 -6.65429e-20)
(0.248678 0.0401348 -4.62894e-20)
(0.00764253 0.00280029 1.93597e-20)
(0.0349521 0.0107485 0)
(0.0686809 0.0169529 1.88493e-20)
(0.103988 0.023 -1.91908e-20)
(0.137915 0.0288337 0)
(0.168288 0.0345378 1.14208e-20)
(0.193877 0.0401113 -3.32274e-20)
(0.214326 0.0454374 -5.06567e-20)
(0.229703 0.0507095 2.43907e-20)
(0.239653 0.0564821 2.82523e-20)
(0.0057563 0.00263556 -3.98083e-20)
(0.0292074 0.0115903 -5.22843e-21)
(0.059423 0.019683 -1.02213e-20)
(0.092024 0.0278582 -2.48708e-20)
(0.124307 0.0358727 -1.07954e-20)
(0.154112 0.0436664 -1.1225e-20)
(0.180017 0.0511382 2.46959e-22)
(0.201382 0.0580832 0)
(0.217911 0.0647147 0)
(0.22864 0.0719407 5.62621e-20)
(0.00419387 0.00239941 2.04491e-20)
(0.0240344 0.012002 -2.15848e-20)
(0.0506931 0.021556 1.48902e-20)
(0.0803316 0.0314802 3.56642e-20)
(0.110555 0.0414097 -9.83662e-21)
(0.139304 0.051169 1.12408e-20)
(0.16506 0.0605557 1.18729e-20)
(0.186971 0.0692318 0)
(0.204444 0.0773244 0)
(0.215954 0.0862015 -2.68967e-20)
(0.00294263 0.00215954 -2.75425e-21)
(0.019452 0.012106 2.72175e-20)
(0.0425898 0.0226958 -5.19065e-21)
(0.0691096 0.0339528 0)
(0.0969496 0.0454623 0)
(0.124214 0.0569742 2.12734e-20)
(0.149355 0.0682057 0)
(0.171344 0.078657 -2.45933e-20)
(0.189236 0.0880243 -2.67984e-21)
(0.20076 0.0978607 2.45536e-20)
(0.00197708 0.00197484 0)
(0.0154519 0.0120089 0)
(0.035177 0.0232156 -2.22502e-20)
(0.058522 0.035364 0)
(0.0837599 0.0480633 1.10813e-20)
(0.109197 0.0610441 -1.02689e-20)
(0.133312 0.0740085 0)
(0.154905 0.0864978 0)
(0.173131 0.0978576 -2.53671e-20)
(0.187037 0.109107 4.94127e-20)
(0.00125794 0.00188786 0)
(0.0120031 0.0117919 -1.7879e-20)
(0.0284919 0.0232083 -6.16145e-21)
(0.0487082 0.0357956 -2.21908e-20)
(0.071246 0.0492531 -1.05748e-20)
(0.094644 0.0633396 -3.21108e-20)
(0.117499 0.077756 0)
(0.138619 0.0921014 0)
(0.157345 0.105675 0)
(0.173195 0.118582 4.43464e-22)
(0.000738768 0.00192624 0)
(0.00906557 0.011514 -6.80695e-21)
(0.0225603 0.0227499 1.10511e-20)
(0.0397908 0.0353255 1.67188e-20)
(0.0596391 0.0490832 -3.82933e-22)
(0.0808756 0.0638478 -2.17783e-22)
(0.102259 0.0793278 2.19253e-20)
(0.122658 0.0951277 -2.21558e-20)
(0.141435 0.110582 4.66136e-20)
(0.158043 0.125348 -4.76955e-20)
(0.000373331 0.00210778 -3.18618e-21)
(0.00659243 0.0112133 1.82067e-20)
(0.0173931 0.0219028 2.92992e-20)
(0.0318655 0.0340337 -3.49448e-20)
(0.0491306 0.0476337 2.15391e-20)
(0.0681644 0.0626248 2.12209e-20)
(0.0878868 0.0787465 -1.13207e-20)
(0.107256 0.0955925 4.51454e-20)
(0.125632 0.112514 1.44955e-21)
(0.142351 0.128982 -2.23269e-20)
(0.000112108 0.0024342 -3.29503e-21)
(0.0045328 0.0109045 3.13071e-21)
(0.0129923 0.0207121 0)
(0.0250089 0.0319996 2.91567e-20)
(0.0398881 0.0450106 -5.53937e-21)
(0.0567748 0.0597885 2.86768e-22)
(0.0747379 0.0761304 -1.0682e-20)
(0.0928457 0.0936395 -3.36676e-20)
(0.110477 0.111678 -9.4995e-22)
(0.1269 0.1296 3.45341e-20)
(-9.3483e-05 0.00288671 0)
(0.0028402 0.0105804 -1.9466e-20)
(0.00935715 0.0192082 6.03694e-21)
(0.0192838 0.0293017 -1.80203e-20)
(0.0320546 0.0413388 5.62009e-21)
(0.0469456 0.0554989 -3.63315e-22)
(0.0631551 0.0716568 -3.10586e-22)
(0.079865 0.0894497 2.21945e-20)
(0.0964863 0.108267 -3.29819e-20)
(0.112274 0.127386 3.29274e-20)
(-0.000283843 0.00343026 1.67448e-21)
(0.00147921 0.0102116 1.29189e-20)
(0.00649174 0.0174103 0)
(0.0147446 0.0260189 1.80847e-20)
(0.0257466 0.036758 -1.73601e-20)
(0.0388697 0.0499482 -5.81039e-21)
(0.05342 0.0655524 1.64663e-20)
(0.0686854 0.0832606 0)
(0.0841146 0.102512 0)
(0.0990013 0.122558 0)
(-0.000487537 0.00401668 -1.69705e-21)
(0.000433299 0.00974874 -4.90214e-21)
(0.00441539 0.0153314 6.25398e-21)
(0.0114465 0.0222331 9.13552e-21)
(0.0210617 0.0314233 8.82032e-21)
(0.0326969 0.0433575 5.69082e-21)
(0.0457469 0.0580897 0)
(0.0595971 0.0753758 1.10428e-20)
(0.073739 0.0947213 -5.09697e-21)
(0.0875345 0.115405 0)
(-0.000718398 0.00458769 0)
(-0.000285137 0.00913764 9.75625e-21)
(0.00317156 0.0129725 -6.25261e-21)
(0.00945843 0.0180306 -6.04086e-21)
(0.0180965 0.0255063 -7.50662e-23)
(0.0285529 0.0359755 -2.91065e-21)
(0.0402994 0.0495799 2.74849e-21)
(0.052815 0.0661498 0)
(0.0656413 0.0852704 -5.24445e-21)
(0.0782187 0.106291 -5.22803e-21)
(-0.000967923 0.00507724 2.06802e-22)
(-0.000635511 0.00831733 -3.65425e-21)
(0.00283421 0.0103367 -4.15429e-22)
(0.00888323 0.013508 -3.65532e-23)
(0.0169699 0.0192001 -2.21148e-21)
(0.0265702 0.0280828 0)
(0.0372258 0.0403733 -2.74768e-21)
(0.0485119 0.0559797 0)
(0.0600342 0.0745788 0)
(0.0713095 0.0956298 0)
)
;

boundaryField
{
    inlet
    {
        type            uniformFixedValue;
        uniformValue    constant (1 0 0);
        value           uniform (1 0 0);
    }
    outlet
    {
        type            pressureInletOutletVelocity;
        value           nonuniform List<vector> 
40
(
(-0.00997428 0.196683 0)
(-0.0211455 0.276364 0)
(-0.0348691 0.336937 0)
(-0.0453418 0.38702 0)
(-0.0487142 0.442712 0)
(-0.0439544 0.517812 0)
(-0.0345539 0.61926 0)
(-0.0210011 0.746138 0)
(-0.0143831 0.884692 0)
(-0.00293895 0.999348 0)
(-0.00674025 0.142605 1.23348e-22)
(-0.00529192 0.118957 1.86235e-23)
(-0.00400268 0.0945695 1.03138e-22)
(-0.00288135 0.0695432 -1.36721e-23)
(-0.00190345 0.0440285 -1.06675e-22)
(-0.00107782 0.0182317 0)
(0 -0.00756956 0)
(0 -0.0331122 0)
(0 -0.0580293 0)
(0 -0.0819922 0)
(0 -0.104691 0)
(0 -0.12589 0)
(0 -0.145444 0)
(0 -0.163293 0)
(0 -0.179463 0)
(0 -0.194054 0)
(0 -0.207224 0)
(0 -0.219172 0)
(0 -0.230118 0)
(0 -0.240288 0)
(0 -0.263173 0)
(0 -0.298275 0)
(0 -0.336328 0)
(0 -0.381432 0)
(0 -0.43863 0)
(0 -0.511508 0)
(0 -0.596316 0)
(0 -0.677439 0)
(0 -0.735416 0)
(0 -0.764902 0)
)
;
    }
    cylinder
    {
        type            fixedValue;
        value           uniform (0 0 0);
    }
    top
    {
        type            symmetryPlane;
    }
    bottom
    {
        type            symmetryPlane;
    }
    defaultFaces
    {
        type            empty;
    }
}


// ************************************************************************* //
