/*--------------------------------*- C++ -*----------------------------------*\
  =========                 |
  \\      /  F ield         | OpenFOAM: The Open Source CFD Toolbox
   \\    /   O peration     | Website:  https://openfoam.org
    \\  /    A nd           | Version:  7
     \\/     M anipulation  |
\*---------------------------------------------------------------------------*/
FoamFile
{
    version     2.0;
    format      ascii;
    class       volVectorField;
    location    "55.8";
    object      U;
}
// * * * * * * * * * * * * * * * * * * * * * * * * * * * * * * * * * * * * * //

dimensions      [0 1 -1 0 0 0 0];

internalField   nonuniform List<vector> 
2000
(
(-0.000566681 -0.00831009 -6.79304e-22)
(-0.00153082 -0.0141502 0)
(-0.00186417 -0.013784 0)
(-0.000843362 -0.00889267 -3.3689e-21)
(0.00153861 -0.000308753 1.0514e-21)
(0.00519711 0.0115071 1.81113e-23)
(0.00996923 0.0261954 -1.81286e-21)
(0.0156072 0.0433454 0)
(0.0217216 0.0624129 0)
(0.027923 0.0826651 0)
(-0.000145795 -0.00759888 0)
(-0.0008912 -0.013578 -2.62277e-21)
(-0.00145249 -0.0139389 2.41874e-21)
(-0.000991599 -0.0101176 4.4867e-21)
(0.000561791 -0.00284526 0)
(0.00319355 0.00750313 3.96993e-21)
(0.00682412 0.0206759 -3.6917e-21)
(0.0112935 0.0363994 0)
(0.0162736 0.0542853 6.65982e-21)
(0.0213729 0.0737842 -1.28459e-20)
(0.000222182 -0.00678146 0)
(-8.69319e-05 -0.0128385 2.12262e-20)
(-0.000510974 -0.0138612 0)
(-0.000239505 -0.0110526 1.84419e-20)
(0.000822864 -0.00506745 0)
(0.00270417 0.00377217 -1.61956e-20)
(0.00538932 0.0152959 0)
(0.00880085 0.0293592 1.43254e-20)
(0.0126915 0.0457526 -1.34163e-20)
(0.0166404 0.0641603 -1.31321e-20)
(0.000560987 -0.0059374 -5.60311e-21)
(0.000961329 -0.0120281 -1.05448e-20)
(0.00109905 -0.0135953 -4.9406e-21)
(0.00161289 -0.0116554 -9.10106e-21)
(0.00258984 -0.00681692 -8.62792e-21)
(0.00407262 0.000610268 7.98297e-21)
(0.00608732 0.0104952 7.6366e-21)
(0.00862616 0.022793 4.67045e-23)
(0.0115412 0.0374754 1.36553e-20)
(0.0143608 0.0544918 1.31332e-20)
(0.000918535 -0.00515707 -5.62057e-21)
(0.00235801 -0.0112534 -1.08001e-20)
(0.00352241 -0.0131982 -2.02459e-20)
(0.00474966 -0.0119022 9.3047e-21)
(0.00609517 -0.00795806 0)
(0.00759424 -0.00170214 0)
(0.00929197 0.00672352 -1.56993e-20)
(0.0112303 0.0173237 -1.48168e-20)
(0.0133774 0.0302259 1.4051e-20)
(0.0152202 0.0456414 4.05022e-20)
(0.00136533 -0.00452692 5.65486e-21)
(0.00422367 -0.0106151 5.4949e-21)
(0.00689144 -0.0127334 -3.03855e-20)
(0.00930681 -0.011799 4.74855e-20)
(0.0114846 -0.00841117 -8.80783e-21)
(0.0134419 -0.00296236 0)
(0.0152278 0.00434828 0)
(0.0169134 0.0135118 7.49085e-20)
(0.0185926 0.0247583 -7.05846e-20)
(0.0197715 0.0385109 1.34718e-20)
(0.00199106 -0.00411879 4.49434e-20)
(0.00668256 -0.0101903 0)
(0.0113062 -0.012262 4.04763e-20)
(0.0153418 -0.0113831 -3.79507e-20)
(0.0187711 -0.0081753 0)
(0.0215964 -0.00310185 1.70079e-20)
(0.0238673 0.00355166 -4.77805e-20)
(0.0256714 0.0117027 -6.03654e-20)
(0.0272262 0.0216064 2.84192e-20)
(0.028168 0.0338151 2.74025e-20)
(0.0028948 -0.00397108 -8.97443e-20)
(0.00985158 -0.0100212 -1.09538e-20)
(0.0168159 -0.0118305 -2.04232e-20)
(0.0228115 -0.0107155 -4.78009e-20)
(0.0278047 -0.00733371 -1.81534e-20)
(0.0318007 -0.00221691 -1.71489e-20)
(0.0348608 0.00425984 -9.87488e-23)
(0.0370853 0.0119034 0)
(0.0388036 0.0209092 0)
(0.0399273 0.0318614 1.9436e-22)
(0.0041694 -0.00408461 4.48017e-20)
(0.0138193 -0.0101029 -4.35532e-20)
(0.0234058 -0.0114544 3.04958e-20)
(0.0315599 -0.0098659 6.71941e-20)
(0.0382677 -0.00604008 -1.78867e-20)
(0.0435672 -0.000561144 1.71162e-20)
(0.0475516 0.00613368 1.61404e-20)
(0.0503312 0.0137551 0)
(0.052299 0.0224018 0)
(0.0537786 0.0325664 -2.35937e-22)
(0.00589575 -0.0044236 -5.56599e-21)
(0.018627 -0.0103717 5.4555e-20)
(0.0309796 -0.011111 -1.01389e-20)
(0.0413145 -0.00889877 0)
(0.0496905 -0.00449406 0)
(0.0562307 0.00148632 3.39803e-20)
(0.061107 0.00859214 0)
(0.0644711 0.0165237 -3.02851e-20)
(0.0666637 0.0253549 -2.91469e-22)
(0.0681773 0.0353533 2.73405e-20)
(0.0434701 0.128883 5.12162e-22)
(0.060648 0.203739 -5.18339e-22)
(0.0631789 0.261991 -6.03552e-22)
(0.0596018 0.316558 -6.72176e-22)
(0.0512431 0.375806 -7.82126e-22)
(0.0451095 0.443611 -1.92748e-23)
(0.0312983 0.521576 4.10666e-22)
(0.0274357 0.613031 1.38763e-21)
(0.00463465 0.732626 0)
(0.00894706 0.871956 -9.99573e-22)
(0.0347487 0.119816 1.90677e-21)
(0.0543464 0.198286 -2.27e-21)
(0.0589598 0.260465 4.08044e-21)
(0.0565124 0.316918 6.73335e-22)
(0.0488341 0.376993 1.43571e-21)
(0.0431801 0.445305 2.37499e-21)
(0.0299765 0.523753 -8.64892e-22)
(0.0263351 0.615715 -9.28251e-22)
(0.00446375 0.735217 1.84755e-21)
(0.00845509 0.873495 9.97197e-22)
(0.0269598 0.10938 0)
(0.048285 0.190718 -2.15843e-21)
(0.0550831 0.257364 -1.19208e-21)
(0.0537848 0.31608 0)
(0.0467329 0.377123 -4.38737e-21)
(0.0415218 0.44604 1.40236e-21)
(0.0288475 0.525074 1.53622e-21)
(0.0253784 0.617661 5.1581e-21)
(0.00435935 0.737421 -1.84157e-21)
(0.00801127 0.874849 3.69235e-21)
(0.0207178 0.0981235 0)
(0.0424643 0.180985 2.17674e-21)
(0.0515328 0.252606 0)
(0.051396 0.313991 5.2933e-21)
(0.0449264 0.376168 -5.32057e-21)
(0.0401204 0.445745 -3.07356e-21)
(0.0279009 0.525363 -1.36703e-22)
(0.0245732 0.61858 -5.0605e-21)
(0.004325 0.738771 -8.37431e-22)
(0.00759313 0.875794 -4.55491e-21)
(0.0169556 0.0867925 3.02985e-22)
(0.036981 0.169205 -6.23668e-21)
(0.04829 0.246115 2.91782e-22)
(0.0493161 0.31062 -4.82309e-21)
(0.0433963 0.374209 0)
(0.0389506 0.444623 -2.98078e-21)
(0.0271121 0.524996 -1.7044e-22)
(0.0238906 0.619062 6.48272e-21)
(0.00432744 0.739949 8.47427e-22)
(0.00721371 0.87667 -8.50459e-22)
(0.016764 0.0762508 -1.70759e-20)
(0.0321103 0.1558 1.09055e-20)
(0.0453384 0.237845 4.76938e-21)
(0.0475236 0.30587 -4.76678e-21)
(0.042135 0.371076 -2.5963e-21)
(0.038012 0.442321 0)
(0.0264863 0.523364 -5.97222e-21)
(0.0233483 0.618194 2.9677e-21)
(0.00439476 0.739912 3.17199e-21)
(0.0068438 0.877032 3.25262e-21)
(0.0209719 0.0673463 -2.13672e-21)
(0.02838 0.141563 0)
(0.042668 0.227792 0)
(0.0459834 0.299876 0)
(0.0411219 0.367236 -2.72025e-21)
(0.0372692 0.43968 5.3083e-21)
(0.0259866 0.52172 5.86734e-21)
(0.0228811 0.617623 -8.99088e-21)
(0.00445336 0.740359 1.56211e-21)
(0.00651778 0.87757 -4.76848e-21)
(0.0296464 0.0606171 1.32927e-20)
(0.0265648 0.127572 9.28446e-21)
(0.0403474 0.216021 -9.20088e-21)
(0.0446977 0.292095 9.91395e-21)
(0.0403453 0.361583 -1.23208e-20)
(0.0367514 0.435043 0)
(0.0256514 0.517832 -2.73655e-21)
(0.0225762 0.614659 8.99651e-23)
(0.00461098 0.738745 -2.9079e-21)
(0.00618143 0.877367 -2.97671e-21)
(0.0417611 0.0557919 -1.14227e-20)
(0.0275404 0.114352 0)
(0.0384454 0.203228 -1.06784e-20)
(0.0436564 0.284301 1.92174e-20)
(0.0398089 0.356946 -7.17792e-21)
(0.0363676 0.4321 -1.28252e-21)
(0.0253831 0.516055 2.73076e-21)
(0.0222464 0.614026 1.12699e-23)
(0.00466421 0.739123 4.23769e-21)
(0.00590437 0.877772 4.35052e-21)
(0.0550142 0.0530734 -9.55909e-21)
(0.0321246 0.101634 9.33795e-21)
(0.0375322 0.186207 1.17538e-21)
(0.0427297 0.27051 0)
(0.0394205 0.34617 0)
(0.0362974 0.423095 1.24032e-21)
(0.0253675 0.508315 5.10575e-21)
(0.0222282 0.607847 -4.95684e-21)
(0.00495273 0.735326 -1.28264e-21)
(0.00558608 0.876982 1.24314e-21)
(0.0755109 0.0635393 0)
(0.0453666 0.0990316 0)
(0.0401724 0.174849 0)
(0.0434553 0.26524 0)
(0.0392898 0.346169 0)
(0.0356531 0.425598 0)
(0.0249111 0.511377 0)
(0.0212903 0.61172 0)
(0.00476299 0.738825 0)
(0.00505701 0.878352 0)
(0.0911617 0.0928897 0)
(0.0661909 0.128341 0)
(0.0482113 0.184453 0)
(0.0457131 0.268042 0)
(0.0400512 0.351371 0)
(0.0341653 0.433063 0)
(0.0233247 0.520796 0)
(0.0194764 0.622906 0)
(0.00454177 0.749712 0)
(0.00447102 0.885047 0)
(0.0952487 0.10453 0)
(0.0803003 0.149996 0)
(0.0591418 0.199653 0)
(0.049914 0.275013 0)
(0.0433694 0.358085 0)
(0.036773 0.439985 0)
(0.0250632 0.527099 0)
(0.0196408 0.628918 0)
(0.00503234 0.754863 0)
(0.00419909 0.886782 0)
(0.0920194 0.109282 0)
(0.0854782 0.165338 0)
(0.0678056 0.216021 0)
(0.0542331 0.286054 0)
(0.0441561 0.368046 0)
(0.0360352 0.450793 0)
(0.0247174 0.538682 0)
(0.0190898 0.641285 0)
(0.0054383 0.766719 0)
(0.00394407 0.894409 0)
(0.0847508 0.109775 0)
(0.0838432 0.174747 0)
(0.0719165 0.229365 0)
(0.0594569 0.296493 0)
(0.0491743 0.377121 0)
(0.0395304 0.459142 0)
(0.0268243 0.545446 0)
(0.0198354 0.646508 0)
(0.00624001 0.770634 0)
(0.0039085 0.895572 0)
(0.0738338 0.107721 0)
(0.076909 0.179715 0)
(0.0703507 0.241018 0)
(0.0589093 0.308789 0)
(0.0479457 0.38889 0)
(0.0385017 0.472044 0)
(0.0265369 0.55939 0)
(0.019473 0.660956 0)
(0.00671611 0.783867 0)
(0.00377358 0.904439 0)
(0.0606187 0.102921 0)
(0.0669367 0.178671 0)
(0.0671166 0.246301 0)
(0.0614168 0.317809 0)
(0.051839 0.398466 0)
(0.0413227 0.480303 0)
(0.0282924 0.565447 0)
(0.0200703 0.665095 0)
(0.00721995 0.786867 0)
(0.00373628 0.905456 0)
(0.0464455 0.096367 0)
(0.0544197 0.174901 0)
(0.0570558 0.24797 0)
(0.0542896 0.32409 0)
(0.0477174 0.40869 0)
(0.0393834 0.494404 0)
(0.0279123 0.581717 0)
(0.0199275 0.68175 0)
(0.00778503 0.801782 0)
(0.00367273 0.915912 0)
(0.0337226 0.0871593 0)
(0.0453487 0.167587 0)
(0.0537389 0.247479 0)
(0.0550575 0.329356 0)
(0.0494548 0.415333 0)
(0.0406826 0.499853 0)
(0.0287072 0.585464 0)
(0.0201482 0.684041 0)
(0.00801541 0.803435 0)
(0.00365953 0.916497 0)
(0.0180705 0.0718824 0)
(0.0284744 0.150555 0)
(0.0388571 0.234594 0)
(0.0451582 0.325995 0)
(0.0446031 0.422194 0)
(0.0391098 0.514511 0)
(0.0289462 0.60373 0)
(0.0204468 0.70275 0)
(0.00875304 0.81987 0)
(0.00365112 0.928145 0)
(0.0956203 0.0517211 8.26591e-21)
(0.102358 0.0655262 -8.12884e-21)
(0.100874 0.0686377 7.35064e-22)
(0.0947379 0.0681079 0)
(0.085318 0.0648466 0)
(0.072341 0.0603483 2.1875e-22)
(0.0571399 0.0542847 -2.39178e-22)
(0.0412781 0.0470605 2.35343e-22)
(0.0272222 0.0388325 -3.22219e-23)
(0.0129141 0.0253597 3.17704e-23)
(0.101193 0.0466033 -1.05734e-20)
(0.102825 0.054347 0)
(0.0990012 0.0538307 4.17579e-21)
(0.0917877 0.0510555 -8.33103e-21)
(0.0819139 0.0461729 4.14635e-21)
(0.0688521 0.0405893 -2.15014e-22)
(0.0538213 0.0338771 1.65733e-22)
(0.0382336 0.026368 -8.90473e-25)
(0.0242372 0.0184541 -6.87559e-23)
(0.0109369 0.00572506 -4.89618e-23)
(0.104048 0.0402358 1.18982e-20)
(0.102324 0.0428229 -5.84261e-21)
(0.0972016 0.0393329 5.78618e-21)
(0.0892307 0.034482 -3.25581e-21)
(0.0789278 0.0279196 2.54862e-21)
(0.0656857 0.0211189 0)
(0.0507138 0.0135817 -1.66111e-22)
(0.0353499 0.00572835 -6.56916e-24)
(0.0214067 -0.00198442 5.11083e-23)
(0.00877999 -0.013704 8.32256e-23)
(0.105143 0.0317876 -1.83473e-21)
(0.100802 0.0299795 0)
(0.0948365 0.0241131 0)
(0.0863402 0.0175457 0)
(0.0757951 0.00953287 1.56587e-21)
(0.0625225 0.00169227 -9.61078e-22)
(0.0477057 -0.00658205 6.57126e-23)
(0.0326204 -0.014698 5.92939e-23)
(0.0188405 -0.0222798 3.10361e-23)
(0.00718333 -0.0327324 3.69449e-23)
(0.104585 0.0214218 -9.90887e-22)
(0.0983031 0.0160078 -4.86118e-21)
(0.0918486 0.00818836 -2.02018e-21)
(0.0830005 0.000214447 2.01865e-21)
(0.0723455 -0.00901745 -5.97232e-22)
(0.0591934 -0.01768 0)
(0.0446387 -0.0265315 -1.41124e-22)
(0.0299379 -0.034784 -1.14732e-23)
(0.016519 -0.0421942 1.88404e-23)
(0.00574074 -0.0512583 -6.86573e-23)
(0.102657 0.00953999 -1.29257e-20)
(0.0950492 0.00129388 2.12496e-21)
(0.0883798 -0.00819281 5.55123e-22)
(0.0793312 -0.0173103 1.93968e-21)
(0.06869 -0.0275675 0)
(0.0557448 -0.0368496 0)
(0.0415435 -0.0461109 0)
(0.0273145 -0.054372 1.98562e-23)
(0.0144111 -0.0615084 0)
(0.00449384 -0.069165 0)
(0.0996026 -0.00342809 0)
(0.091181 -0.0137832 3.72393e-21)
(0.0845466 -0.0247509 -2.41291e-21)
(0.0753963 -0.0347764 -1.35428e-21)
(0.0648877 -0.0458828 1.3612e-21)
(0.0522159 -0.0556094 2.33942e-22)
(0.0384629 -0.0651334 -3.0101e-22)
(0.0247851 -0.0732763 -1.37085e-22)
(0.0125102 -0.080022 7.94007e-24)
(0.00347137 -0.0863166 2.6791e-23)
(0.0956179 -0.0170917 0)
(0.0868533 -0.0288967 -1.31199e-21)
(0.080387 -0.0412108 -5.24522e-22)
(0.0712387 -0.0519111 0)
(0.0609656 -0.0637201 1.61758e-22)
(0.0486641 -0.0737414 -6.08177e-22)
(0.0354294 -0.0833898 2.00089e-22)
(0.0223778 -0.0912989 -1.69479e-23)
(0.0108158 -0.0975474 4.23236e-24)
(0.00265492 -0.102575 -3.5678e-23)
(0.0908402 -0.0311333 1.62994e-21)
(0.0821723 -0.0437533 1.15862e-21)
(0.0759263 -0.0573061 -3.85006e-22)
(0.0669128 -0.0684772 1.98193e-22)
(0.0569725 -0.0808448 2.75407e-22)
(0.0451287 -0.0910276 2.54531e-22)
(0.0324733 -0.10067 -4.56276e-23)
(0.0201168 -0.108248 -1.66277e-23)
(0.00932435 -0.113919 -4.24619e-24)
(0.00201503 -0.117811 -3.50045e-24)
(0.085417 -0.045235 -3.46494e-22)
(0.0771834 -0.0581193 3.49765e-22)
(0.0712547 -0.0728093 -2.60247e-22)
(0.062484 -0.0842611 -1.97887e-22)
(0.0529521 -0.0970432 1.14842e-22)
(0.0416484 -0.107272 -2.03054e-22)
(0.0296258 -0.116785 6.23812e-23)
(0.0180226 -0.12396 -2.4548e-25)
(0.00802762 -0.129006 0)
(0.00152201 -0.131922 3.50731e-24)
(0.079588 -0.0591378 3.49001e-22)
(0.0720212 -0.0718194 -3.52049e-22)
(0.066483 -0.0875317 -2.64972e-22)
(0.0580533 -0.0990919 -2.04019e-22)
(0.0489751 -0.112138 -1.19513e-22)
(0.0382794 -0.122319 2.3231e-23)
(0.0269245 -0.131585 3.72327e-23)
(0.0161121 -0.138316 4.67834e-23)
(0.00691363 -0.142724 0)
(0.00114726 -0.144835 -1.28877e-24)
(0.0736188 -0.0726633 0)
(0.0668642 -0.0847356 -1.18116e-21)
(0.0617463 -0.101324 1.99636e-21)
(0.0537431 -0.11285 2.04315e-22)
(0.0451268 -0.125994 3.07905e-22)
(0.0350838 -0.136061 3.04558e-22)
(0.024407 -0.144974 -5.66491e-23)
(0.0143967 -0.151253 -2.71394e-23)
(0.00596725 -0.155042 2.73968e-23)
(0.000864818 -0.156521 1.28552e-24)
(0.0677042 -0.0856927 0)
(0.0618419 -0.0968132 -1.33779e-21)
(0.0571329 -0.114077 -5.42258e-22)
(0.0496358 -0.125476 0)
(0.0414651 -0.138532 -8.35029e-22)
(0.0321026 -0.148454 3.23074e-22)
(0.0220975 -0.156919 1.76038e-22)
(0.0128773 -0.162774 2.55653e-22)
(0.00517111 -0.165981 -2.73074e-23)
(0.000652562 -0.166994 2.12672e-23)
(0.0619782 -0.0981473 0)
(0.0570397 -0.108071 1.34884e-21)
(0.0526922 -0.12573 0)
(0.0457762 -0.136978 1.53343e-21)
(0.0380234 -0.149737 -1.54141e-21)
(0.0293544 -0.159518 -3.72035e-22)
(0.0200064 -0.167456 9.70218e-23)
(0.0115456 -0.17294 -2.68569e-22)
(0.00450692 -0.175616 -4.80853e-23)
(0.000492218 -0.176312 -3.40389e-23)
(0.0565504 -0.109978 1.33734e-20)
(0.0525374 -0.118602 -5.0272e-21)
(0.0484722 -0.136271 -4.94439e-22)
(0.042199 -0.147429 -2.08055e-21)
(0.0348305 -0.159657 0)
(0.026847 -0.169335 -4.00293e-22)
(0.0181357 -0.176679 1.50161e-22)
(0.0103872 -0.181865 4.27329e-22)
(0.00395697 -0.184063 1.562e-23)
(0.00036904 -0.184572 -1.55899e-23)
(0.0514968 -0.121139 1.04743e-21)
(0.0484126 -0.128574 7.83597e-21)
(0.04453 -0.145731 2.16009e-21)
(0.0389332 -0.15695 -2.15883e-21)
(0.0319167 -0.168398 -7.37742e-22)
(0.0245826 -0.178031 0)
(0.0164829 -0.184731 -6.31444e-22)
(0.00938497 -0.189696 3.36293e-22)
(0.00350535 -0.191467 1.58062e-22)
(0.000271545 -0.191896 3.98134e-23)
(0.0468944 -0.131553 -1.85099e-21)
(0.0447755 -0.138214 0)
(0.0409592 -0.154185 0)
(0.0360172 -0.165693 0)
(0.0293231 -0.176111 -5.64553e-22)
(0.022566 -0.185762 1.30093e-21)
(0.0150458 -0.191781 6.54444e-22)
(0.00852372 -0.196601 -7.5509e-22)
(0.00313914 -0.197993 4.10429e-23)
(0.00019086 -0.198428 -8.00031e-23)
(0.0427714 -0.141088 -4.25701e-21)
(0.0416738 -0.147777 5.81426e-21)
(0.0378084 -0.161744 -5.75964e-21)
(0.0334395 -0.173811 3.68749e-21)
(0.0270602 -0.182979 -4.46792e-21)
(0.0207818 -0.192697 0)
(0.01381 -0.198013 -4.07719e-22)
(0.00778458 -0.20275 -2.11745e-23)
(0.0028458 -0.203806 -1.41444e-22)
(0.000118604 -0.204319 -4.90649e-23)
(0.0385479 -0.149438 -2.00385e-21)
(0.0385855 -0.157493 0)
(0.0347635 -0.168565 -5.68304e-21)
(0.0309076 -0.181456 8.80241e-21)
(0.0249456 -0.189208 -3.01739e-21)
(0.0190941 -0.199014 -3.13979e-22)
(0.0126927 -0.203614 4.06792e-22)
(0.00711766 -0.208312 4.89869e-23)
(0.0026011 -0.20907 2.95897e-22)
(4.81385e-05 -0.209719 9.70707e-23)
(0.0343271 -0.155926 -8.14818e-21)
(0.0353778 -0.167566 7.95279e-21)
(0.0319414 -0.174916 7.36243e-22)
(0.0284329 -0.188806 0)
(0.0229811 -0.195055 0)
(0.0175031 -0.204926 3.23728e-22)
(0.0116792 -0.208793 7.55937e-22)
(0.00651182 -0.213457 -7.41549e-22)
(0.00239254 -0.213938 -5.46515e-23)
(4.57664e-06 -0.214777 5.34037e-23)
(0.0364588 -0.164591 0)
(0.0357057 -0.191138 0)
(0.0317814 -0.189166 0)
(0.0272744 -0.205685 0)
(0.0217599 -0.208607 0)
(0.0160222 -0.218653 0)
(0.0106364 -0.220755 0)
(0.00579807 -0.225263 0)
(0.00221966 -0.225017 0)
(5.45761e-05 -0.22626 0)
(0.0270343 -0.202722 0)
(0.0222954 -0.228323 0)
(0.0205695 -0.221437 0)
(0.0165394 -0.236397 0)
(0.0136518 -0.235153 0)
(0.00981028 -0.243758 0)
(0.00677156 -0.243153 0)
(0.00370552 -0.246986 0)
(0.0015815 -0.245551 0)
(0.000101262 -0.247036 0)
(0.0251892 -0.241908 0)
(0.0196627 -0.266519 0)
(0.0173291 -0.255873 0)
(0.0131085 -0.270259 0)
(0.010709 -0.265779 0)
(0.00736086 -0.27401 0)
(0.00523517 -0.27131 0)
(0.00285238 -0.275115 0)
(0.00139314 -0.27263 0)
(0.000111364 -0.274502 0)
(0.0222581 -0.286662 0)
(0.0165101 -0.311165 0)
(0.0143773 -0.297564 0)
(0.010373 -0.312167 0)
(0.00861176 -0.305031 0)
(0.005718 -0.313615 0)
(0.00430993 -0.309135 0)
(0.00234641 -0.313406 0)
(0.00132737 -0.309876 0)
(0.000103332 -0.312341 0)
(0.0199823 -0.340598 0)
(0.0145147 -0.36515 0)
(0.0122677 -0.349935 0)
(0.00857583 -0.365099 0)
(0.00713888 -0.356196 0)
(0.00461098 -0.365533 0)
(0.00365218 -0.359705 0)
(0.00194404 -0.364735 0)
(0.00123064 -0.360287 0)
(5.91038e-05 -0.363555 0)
(0.0177757 -0.405073 0)
(0.0126135 -0.428041 0)
(0.0104804 -0.413661 0)
(0.00707793 -0.428565 0)
(0.00590343 -0.419466 0)
(0.00363878 -0.429116 0)
(0.00295347 -0.422806 0)
(0.00140292 -0.428394 0)
(0.000948653 -0.42351 0)
(-5.29679e-05 -0.427477 0)
(0.0147232 -0.47494 0)
(0.0102441 -0.493649 0)
(0.0084474 -0.483085 0)
(0.00552987 -0.495847 0)
(0.00456262 -0.488577 0)
(0.00259107 -0.497165 0)
(0.00203021 -0.491676 0)
(0.000673501 -0.496899 0)
(0.000458941 -0.49247 0)
(-0.000187825 -0.496501 0)
(0.0110696 -0.538236 0)
(0.00765287 -0.551363 0)
(0.00615366 -0.54606 0)
(0.0038772 -0.555052 0)
(0.00308824 -0.550833 0)
(0.00150637 -0.556915 0)
(0.00104473 -0.553243 0)
(-2.66873e-05 -0.556951 0)
(-9.27917e-06 -0.553775 0)
(-0.000263619 -0.556839 0)
(0.0067338 -0.58396 0)
(0.00451238 -0.59153 0)
(0.00361257 -0.590951 0)
(0.00220372 -0.596117 0)
(0.00172613 -0.594967 0)
(0.000689151 -0.598148 0)
(0.000384288 -0.596472 0)
(-0.000311518 -0.59819 0)
(-0.000190896 -0.596489 0)
(-0.00022259 -0.598023 0)
(0.00212763 -0.60671 0)
(0.00131678 -0.612035 0)
(0.00113675 -0.614016 0)
(0.000682236 -0.616998 0)
(0.000565275 -0.61741 0)
(0.000197065 -0.618911 0)
(9.60399e-05 -0.618324 0)
(-0.000150661 -0.618902 0)
(-9.17132e-05 -0.618059 0)
(-8.28776e-05 -0.618673 0)
(0.0335911 -0.176921 9.40542e-21)
(0.0275831 -0.215925 -9.22807e-21)
(0.0270669 -0.256642 1.16531e-21)
(0.0244039 -0.302942 0)
(0.0224957 -0.357192 0)
(0.0201109 -0.419809 1.27363e-21)
(0.0168513 -0.485293 -5.37771e-21)
(0.0127029 -0.542851 5.31724e-21)
(0.00796905 -0.583906 1.42802e-21)
(0.00272889 -0.60397 -1.40654e-21)
(0.0329913 -0.183157 -1.11407e-20)
(0.0282316 -0.221586 0)
(0.0279866 -0.262091 7.74457e-21)
(0.0254057 -0.308427 -1.77091e-20)
(0.0236194 -0.362466 1.1224e-20)
(0.0211436 -0.424254 -1.16209e-21)
(0.0177933 -0.488113 2.54117e-21)
(0.0134477 -0.543868 5.30163e-21)
(0.00852264 -0.58331 1.47062e-21)
(0.00298004 -0.602881 1.43536e-21)
(0.0328408 -0.189611 1.30375e-20)
(0.0294054 -0.227825 -8.70703e-21)
(0.0292596 -0.267776 8.62453e-21)
(0.026715 -0.31368 -9.25912e-21)
(0.0249735 -0.367199 6.86957e-21)
(0.0223422 -0.427952 0)
(0.0188172 -0.490146 -2.54744e-21)
(0.0142264 -0.54425 1.238e-22)
(0.00902073 -0.582272 -2.76393e-21)
(0.00315364 -0.601565 -2.82122e-21)
(0.0331679 -0.1951 -2.104e-21)
(0.0309716 -0.233443 0)
(0.0308603 -0.273093 0)
(0.0283424 -0.318638 0)
(0.0265752 -0.37166 7.49034e-21)
(0.0237381 -0.431378 -4.99642e-21)
(0.0199714 -0.491957 -2.17743e-23)
(0.0150776 -0.544395 -2.95402e-21)
(0.00951129 -0.581076 -1.50881e-21)
(0.00328542 -0.599864 -1.60338e-21)
(0.0340942 -0.199897 3.07458e-23)
(0.0328879 -0.238125 -6.31452e-21)
(0.0327341 -0.277551 -4.59228e-21)
(0.0302378 -0.322891 4.58946e-21)
(0.0283909 -0.375536 -2.46049e-21)
(0.0253198 -0.434339 0)
(0.0212782 -0.493469 -2.79455e-21)
(0.0160396 -0.54433 6.038e-21)
(0.0100623 -0.579762 -3.08309e-21)
(0.00342864 -0.597876 3.14898e-21)
(0.0356854 -0.204207 -1.69413e-20)
(0.0351945 -0.242024 1.94749e-21)
(0.0348962 -0.281095 -2.32889e-22)
(0.0323845 -0.326238 4.70207e-21)
(0.0304004 -0.37855 0)
(0.0270717 -0.436553 0)
(0.0227362 -0.494435 0)
(0.0171255 -0.543919 3.22421e-21)
(0.0107071 -0.57826 0)
(0.0036121 -0.59571 0)
(0.0379501 -0.2079 0)
(0.0379208 -0.245179 6.74822e-21)
(0.0373917 -0.28378 -4.543e-21)
(0.034803 -0.328669 -5.15188e-21)
(0.0326163 -0.380631 5.17873e-21)
(0.0289991 -0.437904 2.982e-21)
(0.0243433 -0.494714 -2.96974e-21)
(0.0183325 -0.543051 -1.15091e-20)
(0.0114463 -0.576496 8.20462e-22)
(0.00383974 -0.593407 -2.76908e-21)
(0.0408897 -0.210781 0)
(0.0410697 -0.247485 -2.21028e-21)
(0.0402515 -0.28558 -1.21375e-21)
(0.0375176 -0.33019 0)
(0.0350645 -0.381789 1.46166e-21)
(0.0311224 -0.438393 -4.42724e-21)
(0.0261091 -0.494286 4.83314e-21)
(0.0196611 -0.54169 1.70616e-21)
(0.0122714 -0.574434 -1.85646e-21)
(0.00410652 -0.590952 3.67726e-21)
(0.0445132 -0.212716 2.09397e-21)
(0.044639 -0.248844 2.35939e-21)
(0.0434904 -0.286417 -5.45839e-22)
(0.0405405 -0.330774 6.75407e-22)
(0.0377664 -0.382028 1.41262e-21)
(0.0334626 -0.438052 2.32602e-21)
(0.0280471 -0.493188 -8.61048e-22)
(0.0211152 -0.539856 -9.21738e-22)
(0.0131763 -0.572073 1.86259e-21)
(0.00440781 -0.588319 1.00387e-21)
(0.0488299 -0.213602 -5.60865e-22)
(0.0486313 -0.249209 5.65679e-22)
(0.0471195 -0.286226 -6.22792e-22)
(0.0438763 -0.330382 -6.74563e-22)
(0.0407358 -0.381327 7.76329e-22)
(0.0360347 -0.436886 -1.57961e-21)
(0.0301729 -0.491434 1.31475e-21)
(0.0227073 -0.53756 4.65372e-22)
(0.014166 -0.569413 0)
(0.00474471 -0.58549 -1.0061e-21)
(0.0538436 -0.213355 5.73878e-22)
(0.0530482 -0.248585 -5.79044e-22)
(0.0511509 -0.284969 -6.6442e-22)
(0.0475281 -0.329 -7.23959e-22)
(0.0439839 -0.379673 -8.07322e-22)
(0.0388471 -0.434908 -4.77436e-23)
(0.032494 -0.489053 4.62839e-22)
(0.0244406 -0.534831 1.47945e-21)
(0.0152406 -0.566469 0)
(0.00511704 -0.582462 -1.09254e-21)
(0.0595522 -0.211942 0)
(0.0578856 -0.246987 -2.57464e-21)
(0.0555958 -0.282658 4.63703e-21)
(0.0514949 -0.326637 7.25213e-22)
(0.0475205 -0.377062 1.64492e-21)
(0.0419092 -0.432098 2.65664e-21)
(0.0350261 -0.486011 -9.35039e-22)
(0.026334 -0.531638 -1.00182e-21)
(0.0164147 -0.563221 2.19903e-21)
(0.00553023 -0.579221 1.08998e-21)
(0.0659494 -0.209426 0)
(0.0631352 -0.24442 -2.56907e-21)
(0.0604598 -0.279347 -1.38148e-21)
(0.0557822 -0.323311 0)
(0.0513556 -0.373543 -5.14375e-21)
(0.0452219 -0.428507 1.72506e-21)
(0.0377635 -0.482377 2.00133e-21)
(0.0283744 -0.528036 6.40133e-21)
(0.0176759 -0.559688 -2.1919e-21)
(0.00597789 -0.575771 4.70855e-21)
(0.0730259 -0.205931 0)
(0.0687916 -0.240867 2.59107e-21)
(0.0657337 -0.275185 0)
(0.0603859 -0.319049 6.6514e-21)
(0.0554951 -0.369115 -6.68549e-21)
(0.0488033 -0.424076 -3.9542e-21)
(0.0407338 -0.478057 -7.07335e-23)
(0.0306018 -0.523928 -6.57297e-21)
(0.0190553 -0.555804 -1.0961e-21)
(0.00647095 -0.572062 -5.8565e-21)
(0.0807643 -0.201662 1.96239e-20)
(0.0748374 -0.236317 -7.45392e-21)
(0.0714067 -0.2702 5.75767e-22)
(0.065347 -0.313845 -6.33364e-21)
(0.0599432 -0.363828 0)
(0.0526424 -0.418929 -4.11243e-21)
(0.0439081 -0.47321 -2.99813e-22)
(0.0329756 -0.519463 8.92051e-21)
(0.0205171 -0.551671 1.21296e-21)
(0.00698955 -0.568156 -1.21752e-21)
(0.0891294 -0.196764 -1.31535e-21)
(0.0813169 -0.230696 1.35826e-20)
(0.0774493 -0.264331 6.57336e-21)
(0.0706623 -0.307715 -6.56891e-21)
(0.0647067 -0.35764 -3.82906e-21)
(0.0567781 -0.412899 0)
(0.0473523 -0.467583 -9.11247e-21)
(0.0355783 -0.514412 4.56842e-21)
(0.0221329 -0.547153 4.84345e-21)
(0.00756843 -0.563962 5.17154e-21)
(0.0980168 -0.191282 -2.68418e-21)
(0.0882544 -0.224202 0)
(0.0837945 -0.257858 0)
(0.0762964 -0.301008 0)
(0.0697371 -0.351003 -4.33561e-21)
(0.0611321 -0.406571 8.15072e-21)
(0.0509418 -0.4618 9.27129e-21)
(0.038259 -0.50926 -1.4523e-20)
(0.0237774 -0.542514 2.58204e-21)
(0.00814097 -0.559632 -7.68057e-21)
(0.107269 -0.185181 -4.52506e-21)
(0.0956474 -0.216798 1.29234e-20)
(0.0904486 -0.250503 -1.28002e-20)
(0.0823123 -0.293197 1.55848e-20)
(0.0751521 -0.343082 -1.95551e-20)
(0.0659022 -0.398848 0)
(0.0549516 -0.45473 -4.8362e-21)
(0.0413209 -0.503148 -1.85784e-22)
(0.0256933 -0.537282 -5.35326e-21)
(0.00882779 -0.554866 -5.44405e-21)
(0.116618 -0.179422 -2.85832e-21)
(0.103298 -0.20964 0)
(0.0971555 -0.243719 -1.65934e-20)
(0.0884001 -0.28621 3.08146e-20)
(0.080575 -0.336297 -1.18302e-20)
(0.070604 -0.39244 -2.3104e-21)
(0.0588032 -0.448866 4.82586e-21)
(0.0441811 -0.497808 -2.24475e-22)
(0.0274375 -0.532338 7.82433e-21)
(0.0094 -0.550168 8.0561e-21)
(0.126496 -0.171157 -1.25262e-20)
(0.112451 -0.199106 1.22554e-20)
(0.104982 -0.233281 1.77992e-21)
(0.0955877 -0.275201 0)
(0.0870574 -0.325192 0)
(0.0764074 -0.381817 2.24717e-21)
(0.0637502 -0.439529 1.00992e-20)
(0.0480152 -0.490184 -9.86487e-21)
(0.0298735 -0.526164 -2.67524e-21)
(0.0102896 -0.544612 2.62953e-21)
(0.137729 -0.172247 0)
(0.132096 -0.195405 0)
(0.120577 -0.23092 0)
(0.109621 -0.272094 0)
(0.0995037 -0.321147 0)
(0.0869962 -0.376027 0)
(0.0722556 -0.43156 0)
(0.0542216 -0.480089 0)
(0.0335796 -0.514751 0)
(0.0112322 -0.532993 0)
(0.161029 -0.156522 0)
(0.166165 -0.184477 0)
(0.147844 -0.223079 0)
(0.136751 -0.263582 0)
(0.123817 -0.311836 0)
(0.108067 -0.364239 0)
(0.0895659 -0.41608 0)
(0.0671886 -0.460411 0)
(0.0418308 -0.491113 0)
(0.014671 -0.506046 0)
(0.192625 -0.140911 0)
(0.20267 -0.170118 0)
(0.177189 -0.208206 0)
(0.167472 -0.247079 0)
(0.150311 -0.293949 0)
(0.130746 -0.343016 0)
(0.107654 -0.391126 0)
(0.0802175 -0.43239 0)
(0.0493991 -0.461884 0)
(0.016194 -0.478055 0)
(0.232671 -0.130059 0)
(0.244317 -0.158126 0)
(0.212418 -0.194882 0)
(0.204989 -0.232559 0)
(0.181749 -0.277706 0)
(0.158273 -0.322415 0)
(0.129694 -0.366118 0)
(0.0963764 -0.402523 0)
(0.0596754 -0.427213 0)
(0.0211143 -0.43834 0)
(0.280284 -0.115976 0)
(0.290125 -0.141629 0)
(0.252929 -0.175784 0)
(0.246154 -0.210478 0)
(0.213704 -0.250835 0)
(0.185926 -0.289274 0)
(0.150092 -0.328204 0)
(0.11036 -0.36076 0)
(0.0670609 -0.384937 0)
(0.0210561 -0.399948 0)
(0.337314 -0.106675 0)
(0.342931 -0.129301 0)
(0.301834 -0.160799 0)
(0.29279 -0.190967 0)
(0.250153 -0.226044 0)
(0.219632 -0.259162 0)
(0.17541 -0.293749 0)
(0.128867 -0.320635 0)
(0.0790959 -0.339279 0)
(0.0292519 -0.345276 0)
(0.397144 -0.0869651 0)
(0.394195 -0.104897 0)
(0.350218 -0.131152 0)
(0.334555 -0.154348 0)
(0.282383 -0.182935 0)
(0.248378 -0.209344 0)
(0.191344 -0.236956 0)
(0.138438 -0.25857 0)
(0.0808626 -0.279551 0)
(0.0212853 -0.299121 0)
(0.460506 -0.0737867 0)
(0.448211 -0.0868145 0)
(0.405181 -0.108101 0)
(0.380342 -0.125058 0)
(0.324689 -0.148641 0)
(0.284563 -0.168629 0)
(0.217943 -0.191397 0)
(0.161446 -0.210783 0)
(0.0969723 -0.23012 0)
(0.0440142 -0.22917 0)
(0.506491 -0.0398113 0)
(0.486568 -0.0461772 0)
(0.435552 -0.0589965 0)
(0.40083 -0.0673774 0)
(0.336266 -0.0815774 0)
(0.285428 -0.0909656 0)
(0.205585 -0.104409 0)
(0.139695 -0.115511 0)
(0.0605448 -0.137523 0)
(-0.0208764 -0.185705 0)
(0.71707 -0.0201044 0)
(0.692321 -0.0235769 0)
(0.647696 -0.0288474 0)
(0.608344 -0.0335235 0)
(0.549084 -0.0406079 0)
(0.49297 -0.0473653 0)
(0.414738 -0.0580361 0)
(0.33452 -0.07213 0)
(0.22732 -0.100665 0)
(0.158684 -0.156978 0)
(0.164913 -0.151807 1.31952e-20)
(0.190904 -0.134794 -1.29994e-20)
(0.223794 -0.119956 1.99093e-21)
(0.263368 -0.109931 0)
(0.310458 -0.0975496 0)
(0.364986 -0.0893486 2.80465e-21)
(0.422809 -0.0722087 -1.31028e-20)
(0.482142 -0.0617941 1.29593e-20)
(0.533349 -0.0324535 3.66508e-21)
(0.738333 -0.0172584 -3.69171e-21)
(0.173344 -0.14317 -1.31131e-20)
(0.198397 -0.125693 0)
(0.231191 -0.11158 1.38644e-20)
(0.270799 -0.101964 -3.30685e-20)
(0.318001 -0.0902653 2.19568e-20)
(0.372337 -0.0825067 -2.584e-21)
(0.430039 -0.0663318 5.59889e-21)
(0.488852 -0.0570169 1.24039e-20)
(0.542903 -0.0295248 3.40135e-21)
(0.746339 -0.0160477 3.32674e-21)
(0.180563 -0.133514 1.52621e-20)
(0.204629 -0.116144 -1.36487e-20)
(0.236662 -0.103061 1.35196e-20)
(0.275973 -0.0939519 -1.74345e-20)
(0.323064 -0.0830273 1.27072e-20)
(0.37734 -0.0758256 0)
(0.435094 -0.0607162 -5.61258e-21)
(0.494006 -0.0526057 -7.47808e-23)
(0.550965 -0.0269144 -6.42553e-21)
(0.753519 -0.0149024 -6.66989e-21)
(0.187909 -0.123222 -2.59121e-21)
(0.211844 -0.106345 0)
(0.243002 -0.0943849 0)
(0.281991 -0.0858576 0)
(0.328823 -0.0757912 1.41331e-20)
(0.382853 -0.0692623 -9.58186e-21)
(0.440489 -0.0553182 -3.02339e-22)
(0.499324 -0.0484659 -6.31871e-21)
(0.558557 -0.0245737 -3.23116e-21)
(0.760323 -0.0138431 -3.28224e-21)
(0.194724 -0.112584 1.82824e-21)
(0.218824 -0.0964718 -8.08441e-21)
(0.249227 -0.085643 -7.46692e-21)
(0.28811 -0.0777982 7.46231e-21)
(0.33482 -0.0686132 -4.48788e-21)
(0.388692 -0.062833 0)
(0.4462 -0.0500954 -5.53064e-21)
(0.504865 -0.0444882 1.21848e-20)
(0.565909 -0.0224057 -6.13722e-21)
(0.766809 -0.012856 6.57645e-21)
(0.200759 -0.101632 -1.97947e-20)
(0.224775 -0.0865786 1.50884e-21)
(0.254644 -0.0768961 -9.27839e-22)
(0.293406 -0.0698323 7.35169e-21)
(0.340076 -0.0615651 0)
(0.393977 -0.0565887 0)
(0.451471 -0.0450571 0)
(0.5101 -0.0406463 5.88239e-21)
(0.57279 -0.0203582 0)
(0.772853 -0.0119242 0)
(0.205984 -0.0903714 0)
(0.229694 -0.0766554 9.18834e-21)
(0.2591 -0.068145 -6.31103e-21)
(0.297691 -0.0619408 -8.1965e-21)
(0.344265 -0.054653 8.23917e-21)
(0.39829 -0.0505432 5.10469e-21)
(0.455828 -0.0402119 -4.87071e-21)
(0.514646 -0.0369502 -2.03494e-20)
(0.578934 -0.0184212 1.44472e-21)
(0.778337 -0.0110442 -4.7835e-21)
(0.210308 -0.0788287 0)
(0.233642 -0.0666809 -2.88585e-21)
(0.262601 -0.0593796 -1.66469e-21)
(0.301007 -0.0540962 0)
(0.347451 -0.0478424 2.40579e-21)
(0.401601 -0.0446606 -6.99797e-21)
(0.45917 -0.035542 8.10761e-21)
(0.518405 -0.0334014 3.05233e-21)
(0.584171 -0.0165866 -3.03749e-21)
(0.78319 -0.010215 6.39698e-21)
(0.213599 -0.0670262 2.09881e-21)
(0.236576 -0.056639 3.06256e-21)
(0.26513 -0.0505875 -6.04384e-22)
(0.303329 -0.0462857 9.46602e-22)
(0.349701 -0.0411031 2.14778e-21)
(0.403944 -0.0388881 3.60426e-21)
(0.461601 -0.0310211 -1.31547e-21)
(0.521363 -0.0299795 -1.4333e-21)
(0.58851 -0.0148415 3.04751e-21)
(0.787427 -0.00944767 1.56858e-21)
(0.215718 -0.0549671 -6.36836e-22)
(0.238423 -0.0465142 6.44842e-22)
(0.266634 -0.0417543 -8.23701e-22)
(0.304606 -0.0384972 -9.45399e-22)
(0.350968 -0.034411 1.1243e-21)
(0.405317 -0.0331935 -2.33096e-21)
(0.463188 -0.0266106 1.99841e-21)
(0.523487 -0.0266526 7.46397e-22)
(0.592019 -0.013169 0)
(0.791038 -0.00873351 -1.572e-21)
(0.216588 -0.0426367 6.33818e-22)
(0.239167 -0.03629 -6.41853e-22)
(0.267086 -0.0328633 -8.19059e-22)
(0.304819 -0.0307102 -9.40715e-22)
(0.351199 -0.0277435 -1.12118e-21)
(0.405711 -0.0275542 -5.78212e-23)
(0.463925 -0.0222735 6.27441e-22)
(0.524799 -0.0233992 2.10599e-21)
(0.594742 -0.0115546 0)
(0.794031 -0.00806329 -1.5524e-21)
(0.21622 -0.0300283 0)
(0.238863 -0.0259471 -3.03137e-21)
(0.266508 -0.0238928 5.51692e-21)
(0.303982 -0.0228976 9.42327e-22)
(0.350379 -0.0210736 2.12673e-21)
(0.405098 -0.0219438 3.56831e-21)
(0.463755 -0.0179743 -1.30647e-21)
(0.525271 -0.0201956 -1.41917e-21)
(0.596612 -0.00997513 2.98847e-21)
(0.796404 -0.00741422 1.54876e-21)
(0.214642 -0.0171665 0)
(0.23757 -0.015459 -2.81137e-21)
(0.264943 -0.0148123 -1.64712e-21)
(0.302133 -0.0150264 0)
(0.348531 -0.0143674 -6.6274e-21)
(0.403493 -0.0163299 2.14792e-21)
(0.462696 -0.0136847 2.51989e-21)
(0.524955 -0.0170269 8.39761e-21)
(0.597682 -0.00842079 -2.97879e-21)
(0.798193 -0.00679029 6.16036e-21)
(0.211848 -0.00409578 0)
(0.235282 -0.00479984 2.83544e-21)
(0.262399 -0.00559277 0)
(0.299287 -0.00706437 8.06665e-21)
(0.345652 -0.00758784 -8.10799e-21)
(0.400861 -0.0106734 -4.99385e-21)
(0.460673 -0.00936451 -2.06044e-22)
(0.523752 -0.0138564 -8.43182e-21)
(0.59782 -0.00686135 -1.40091e-21)
(0.79938 -0.00616428 -7.62914e-21)
(0.207864 0.00912221 1.85362e-20)
(0.231987 0.00605281 -7.07799e-21)
(0.258914 0.00378588 9.62306e-22)
(0.295496 0.00101598 -7.19252e-21)
(0.341806 -0.000704091 0)
(0.397311 -0.00494954 -5.02527e-21)
(0.457846 -0.00500228 -4.15322e-22)
(0.521848 -0.010687 1.11204e-20)
(0.59727 -0.00530617 1.50565e-21)
(0.800033 -0.00556293 -1.50465e-21)
(0.202764 0.022394 -2.2368e-21)
(0.227655 0.0171158 1.34296e-20)
(0.254495 0.0133367 7.27264e-21)
(0.290737 0.00924538 -7.26753e-21)
(0.336908 0.0063235 -4.37497e-21)
(0.392667 0.000893756 0)
(0.453927 -0.000528046 -1.07965e-20)
(0.518926 -0.00744816 5.38354e-21)
(0.595652 -0.00370221 5.80985e-21)
(0.800089 -0.00493311 6.11344e-21)
(0.196769 0.0355876 -2.38365e-21)
(0.222423 0.0283903 0)
(0.249356 0.0230454 0)
(0.285273 0.017623 0)
(0.331324 0.0134848 -4.93333e-21)
(0.387448 0.00682661 9.29258e-21)
(0.449557 0.00399459 1.08305e-20)
(0.515638 -0.00421879 -1.69317e-20)
(0.593705 -0.00210175 3.01368e-21)
(0.799676 -0.0043424 -9.02867e-21)
(0.189848 0.0484933 -3.63433e-21)
(0.215971 0.0399102 1.30601e-20)
(0.24314 0.0329683 -1.29349e-20)
(0.278621 0.0262441 1.70291e-20)
(0.324333 0.0209065 -2.13699e-20)
(0.380629 0.0130209 0)
(0.443508 0.00878078 -5.40914e-21)
(0.510851 -0.000799563 -7.39072e-23)
(0.590218 -0.000382529 -5.9962e-21)
(0.798646 -0.00367712 -6.10277e-21)
(0.183407 0.0607656 -2.48878e-21)
(0.209824 0.0513638 0)
(0.237449 0.042766 -1.7193e-20)
(0.272633 0.0347896 3.25576e-20)
(0.318212 0.028256 -1.25943e-20)
(0.374888 0.0191168 -2.52202e-21)
(0.438526 0.0134298 5.39753e-21)
(0.506847 0.00246856 -1.7211e-22)
(0.587441 0.00129613 8.73721e-21)
(0.797241 -0.00309122 8.98916e-21)
(0.172608 0.0732303 -1.12297e-20)
(0.199236 0.0645833 1.10004e-20)
(0.227657 0.0539774 1.79613e-21)
(0.262494 0.0444895 0)
(0.307611 0.0366112 0)
(0.364547 0.0261033 2.45882e-21)
(0.429325 0.0188781 1.10096e-20)
(0.499573 0.00628568 -1.07265e-20)
(0.581548 0.00323404 -2.88584e-21)
(0.795171 -0.00234417 2.76155e-21)
(0.177795 0.0972622 0)
(0.199155 0.0933818 0)
(0.227141 0.0774013 0)
(0.260931 0.0650886 0)
(0.304621 0.0541053 0)
(0.360077 0.0406312 0)
(0.423091 0.0298762 0)
(0.492336 0.0140099 0)
(0.575688 0.00761305 0)
(0.789475 -0.000958531 0)
(0.16059 0.13173 0)
(0.184511 0.138163 0)
(0.215974 0.114014 0)
(0.250265 0.100262 0)
(0.294601 0.0844406 0)
(0.349474 0.0661323 0)
(0.41192 0.0493027 0)
(0.482479 0.0277603 0)
(0.573302 0.0152263 0)
(0.790863 0.00184494 0)
(0.142291 0.17463 0)
(0.165291 0.184016 0)
(0.195864 0.151592 0)
(0.228939 0.138516 0)
(0.2729 0.117363 0)
(0.325377 0.0943726 0)
(0.385183 0.0711364 0)
(0.454313 0.0430912 0)
(0.548253 0.0232345 0)
(0.769028 0.00372488 0)
(0.127767 0.223169 0)
(0.147188 0.233083 0)
(0.177182 0.193213 0)
(0.209872 0.182712 0)
(0.25358 0.15434 0)
(0.303282 0.126597 0)
(0.361937 0.0959166 0)
(0.432711 0.0604613 0)
(0.535648 0.032345 0)
(0.763496 0.00687855 0)
(0.108964 0.28044 0)
(0.124856 0.28845 0)
(0.153441 0.243917 0)
(0.182385 0.235333 0)
(0.221043 0.196808 0)
(0.264214 0.165049 0)
(0.318225 0.125916 0)
(0.385978 0.0821144 0)
(0.490712 0.0439145 0)
(0.724143 0.00928579 0)
(0.0952728 0.347204 0)
(0.108189 0.352358 0)
(0.134982 0.304074 0)
(0.158628 0.294447 0)
(0.193922 0.24464 0)
(0.232663 0.211942 0)
(0.284616 0.162639 0)
(0.352321 0.110473 0)
(0.465471 0.0603666 0)
(0.708364 0.0149019 0)
(0.0685186 0.426245 0)
(0.0779999 0.425489 0)
(0.0988286 0.376264 0)
(0.115845 0.362854 0)
(0.144691 0.306216 0)
(0.174345 0.274375 0)
(0.217707 0.212325 0)
(0.278061 0.153799 0)
(0.389086 0.0892715 0)
(0.635886 0.0222525 0)
(0.0579992 0.516306 0)
(0.0641753 0.510584 0)
(0.080883 0.46135 0)
(0.0930585 0.443313 0)
(0.116511 0.384234 0)
(0.139262 0.351208 0)
(0.179229 0.279026 0)
(0.237032 0.22234 0)
(0.35022 0.141244 0)
(0.593086 0.0412057 0)
(0.0143409 0.648347 0)
(0.0152759 0.638782 0)
(0.0223416 0.595839 0)
(0.0263833 0.57604 0)
(0.0377186 0.523801 0)
(0.0494502 0.490911 0)
(0.0759898 0.422531 0)
(0.117625 0.366699 0)
(0.20948 0.255811 0)
(0.42826 0.0765478 0)
(0.0177383 0.82989 0)
(0.0217634 0.817031 0)
(0.0269977 0.791443 0)
(0.0337194 0.772132 0)
(0.0431559 0.736492 0)
(0.0561655 0.703638 0)
(0.076568 0.646506 0)
(0.108483 0.577183 0)
(0.168251 0.43246 0)
(0.306387 0.15071 0)
(0.149859 0.122951 1.09221e-20)
(0.140158 0.166303 -1.07983e-20)
(0.124289 0.209899 1.68897e-21)
(0.110909 0.258063 0)
(0.0942381 0.314616 0)
(0.0818728 0.378941 2.38401e-21)
(0.0584724 0.456428 -1.09901e-20)
(0.0495003 0.54424 1.0913e-20)
(0.0118425 0.671848 3.00678e-21)
(0.0164267 0.843027 -3.02449e-21)
(0.138697 0.130599 -1.06917e-20)
(0.131611 0.176191 0)
(0.117165 0.219138 1.1753e-20)
(0.104459 0.267569 -2.80387e-20)
(0.0885596 0.324343 1.85802e-20)
(0.0767337 0.388659 -2.19177e-21)
(0.0545495 0.466102 4.59205e-21)
(0.0461344 0.553827 1.00873e-20)
(0.0108709 0.680392 2.63466e-21)
(0.0158721 0.846355 2.62065e-21)
(0.127288 0.13629 1.24417e-20)
(0.122746 0.183845 -1.13416e-20)
(0.110039 0.226392 1.12331e-20)
(0.0982203 0.274817 -1.45933e-20)
(0.0831336 0.331683 1.06209e-20)
(0.0719101 0.396342 0)
(0.0509003 0.47383 -4.6033e-21)
(0.0430691 0.56201 -1.34221e-22)
(0.00980239 0.687823 -5.14057e-21)
(0.015116 0.84842 -5.29529e-21)
(0.11588 0.141139 -2.09481e-21)
(0.113857 0.191342 0)
(0.103004 0.234377 0)
(0.0921635 0.282659 0)
(0.0779365 0.339492 1.15657e-20)
(0.0673731 0.404336 -7.85278e-21)
(0.0475159 0.481701 -2.67109e-22)
(0.0402824 0.570219 -5.00892e-21)
(0.00868904 0.695123 -2.53618e-21)
(0.0142067 0.851221 -2.56128e-21)
(0.104675 0.144612 1.29465e-21)
(0.105224 0.197902 -6.54676e-21)
(0.0962144 0.242094 -6.09826e-21)
(0.0863758 0.290487 6.09421e-21)
(0.0730352 0.347425 -3.66095e-21)
(0.0631422 0.412501 0)
(0.0443847 0.489751 -4.38811e-21)
(0.0377414 0.578475 9.51038e-21)
(0.00765153 0.702401 -4.74362e-21)
(0.0132595 0.854877 5.15801e-21)
(0.0937144 0.146495 -1.6247e-20)
(0.0969319 0.202986 1.23236e-21)
(0.0897643 0.248636 -7.4616e-22)
(0.0809394 0.297591 5.91068e-21)
(0.0684953 0.354613 0)
(0.0592707 0.42009 0)
(0.0415287 0.497344 0)
(0.0354505 0.586284 4.44322e-21)
(0.00678171 0.709316 0)
(0.0123614 0.858764 0)
(0.0830151 0.146712 0)
(0.0889809 0.206517 7.30038e-21)
(0.0836992 0.25387 -5.01641e-21)
(0.0758783 0.303648 -6.41969e-21)
(0.064318 0.36078 6.45297e-21)
(0.055789 0.426743 3.88056e-21)
(0.0389582 0.504078 -3.67194e-21)
(0.0334166 0.593322 -1.51754e-20)
(0.0061016 0.715578 1.07457e-21)
(0.0115413 0.862348 -3.46271e-21)
(0.0726073 0.14514 0)
(0.0813766 0.208461 -2.29043e-21)
(0.0780128 0.257869 -1.29079e-21)
(0.07121 0.308563 0)
(0.0605029 0.366007 1.82596e-21)
(0.0526636 0.432431 -5.25531e-21)
(0.0366626 0.509773 5.98857e-21)
(0.0316328 0.599447 2.2692e-21)
(0.00559267 0.720999 -2.12197e-21)
(0.0107959 0.865381 4.64673e-21)
(0.0625184 0.141663 1.84508e-21)
(0.0741282 0.208723 2.37788e-21)
(0.0726981 0.260614 -4.8209e-22)
(0.0669419 0.312357 7.08945e-22)
(0.0570594 0.370281 1.61685e-21)
(0.0498471 0.437165 2.64806e-21)
(0.0346211 0.514537 -9.26562e-22)
(0.0300691 0.604842 -1.00001e-21)
(0.0051962 0.725618 2.12899e-21)
(0.0101099 0.867927 1.07612e-21)
(0.0527815 0.136227 -5.13476e-22)
(0.0672279 0.207183 5.19652e-22)
(0.0677548 0.262016 -6.28388e-22)
(0.0630743 0.315028 -7.08049e-22)
(0.053979 0.373558 8.06991e-22)
(0.0473297 0.440894 -1.67747e-21)
(0.0328394 0.518466 1.39814e-21)
(0.0286822 0.609368 5.25747e-22)
(0.0048813 0.729386 0)
(0.00949205 0.870065 -1.07848e-21)
(0.00812919 -0.00491376 0)
(0.0242547 -0.0107124 0)
(0.0393514 -0.0107397 -4.09921e-20)
(0.0516896 -0.00786357 0)
(0.0614721 -0.00291205 1.81209e-20)
(0.0689783 0.0034761 -1.67925e-20)
(0.074552 0.0108718 0)
(0.0785726 0.0190481 0)
(0.0816503 0.0280856 -2.78552e-20)
(0.0846766 0.0375534 5.26875e-20)
(0.010879 -0.0054436 0)
(0.0305986 -0.0109686 -3.27087e-20)
(0.0482356 -0.0102536 -1.02072e-20)
(0.0621992 -0.00679387 -3.83971e-20)
(0.0729163 -0.00149241 -1.78055e-20)
(0.0808829 0.00499284 -5.00947e-20)
(0.0866394 0.0122342 0)
(0.0907416 0.0199745 0)
(0.0939212 0.0281499 0)
(0.097029 0.0363487 -6.23829e-22)
(0.0140917 -0.00588025 0)
(0.037449 -0.0109711 -1.11783e-20)
(0.0572456 -0.00956739 2.04471e-20)
(0.0722923 -0.00572252 2.88731e-20)
(0.0833312 -0.000393932 1.6509e-22)
(0.0911308 0.00576996 2.99635e-22)
(0.0964399 0.0123691 3.06783e-20)
(0.0999458 0.0191575 -2.84291e-20)
(0.102395 0.0261045 5.29198e-20)
(0.104548 0.0331544 -5.00487e-20)
(0.0176642 -0.006097 -5.55258e-21)
(0.0445182 -0.0105753 3.28024e-20)
(0.0659425 -0.00862843 5.13481e-20)
(0.0814289 -0.00470089 -5.75902e-20)
(0.0921371 0.000247927 3.56454e-20)
(0.0991651 0.00563357 3.31571e-20)
(0.10349 0.0111336 -1.54042e-20)
(0.105932 0.016577 5.64327e-20)
(0.10725 0.0220441 -9.43387e-22)
(0.108133 0.0276899 -2.46584e-20)
(0.0214397 -0.00598562 -5.70574e-21)
(0.0514528 -0.0096848 5.42079e-21)
(0.0738706 -0.00743498 0)
(0.0891359 -0.00380846 4.79689e-20)
(0.098926 0.000315326 -8.86618e-21)
(0.104717 0.00448261 -3.83814e-23)
(0.107726 0.0084965 -1.51237e-20)
(0.108904 0.0123003 -4.12001e-20)
(0.109039 0.0160877 -6.88058e-23)
(0.108759 0.020065 3.52058e-20)
(0.0252147 -0.00547176 0)
(0.0578637 -0.00827106 -3.36734e-20)
(0.0806054 -0.0060444 1.0344e-20)
(0.0950566 -0.0031479 -2.89022e-20)
(0.10349 -0.000281611 8.87299e-21)
(0.107778 0.00229557 1.63113e-22)
(0.109368 0.00454478 1.57782e-22)
(0.109317 0.00653355 2.72505e-20)
(0.108418 0.00853342 -3.73924e-20)
(0.107252 0.010713 3.47233e-20)
(0.0287545 -0.00452815 2.88723e-21)
(0.0633648 -0.0063828 2.2455e-20)
(0.0857971 -0.00456786 0)
(0.0989788 -0.00283135 2.89372e-20)
(0.105811 -0.00159503 -2.66994e-20)
(0.108543 -0.000876146 -8.03627e-21)
(0.108803 -0.000546914 2.23245e-20)
(0.107707 -0.000433634 0)
(0.106017 -0.000238451 0)
(0.104257 0.000142388 0)
(0.0318114 -0.0031819 -2.98709e-21)
(0.06761 -0.00414279 -8.75382e-21)
(0.0892006 -0.00315555 1.07151e-20)
(0.100836 -0.00296606 1.46797e-20)
(0.10602 -0.00363887 1.33066e-20)
(0.107316 -0.0049305 8.14948e-21)
(0.106464 -0.00656318 0)
(0.104577 -0.0082939 1.32618e-20)
(0.102344 -0.00984792 -6.3072e-21)
(0.10021 -0.0111828 0)
(0.0341464 -0.00151617 0)
(0.0703248 -0.00173629 1.75094e-20)
(0.090688 -0.00197961 -1.07133e-20)
(0.100685 -0.00364561 -9.82317e-21)
(0.104343 -0.00639801 7.35682e-23)
(0.104443 -0.00974386 -4.01901e-21)
(0.102759 -0.0132915 3.7199e-21)
(0.100343 -0.0167704 0)
(0.0977855 -0.0199599 -6.1136e-21)
(0.0954383 -0.0228991 -5.55862e-21)
(0.0355744 0.000333181 3.92381e-22)
(0.071342 0.000605922 -6.66508e-21)
(0.0902508 -0.00121876 -6.7978e-22)
(0.0986829 -0.0049473 1.7698e-23)
(0.101056 -0.00984138 -3.37876e-21)
(0.100261 -0.0151957 0)
(0.0980317 -0.0205503 -3.71917e-21)
(0.0953202 -0.0256487 0)
(0.0926105 -0.0303483 0)
(0.090166 -0.0347442 0)
(0.0360403 0.00219759 -8.12364e-22)
(0.0706358 0.00263982 0)
(0.0879941 -0.00103854 0)
(0.095051 -0.0069289 -3.90282e-21)
(0.0964469 -0.0139307 1.11617e-21)
(0.0950724 -0.0211791 -5.80037e-23)
(0.0925632 -0.0281932 -1.91605e-21)
(0.089751 -0.0347629 0)
(0.0870182 -0.0408272 0)
(0.0845432 -0.0465035 0)
(0.0354944 0.00391212 0)
(0.0682537 0.0041561 -3.14041e-21)
(0.0840856 -0.00157367 2.89626e-21)
(0.0900323 -0.00963469 5.16899e-21)
(0.0907812 -0.0186368 0)
(0.089127 -0.0276192 4.181e-21)
(0.0865693 -0.036122 -3.88821e-21)
(0.083818 -0.0440022 0)
(0.0811667 -0.0512705 6.11647e-21)
(0.0787203 -0.0580486 -5.93168e-21)
(0.0338658 0.00528813 0)
(0.0642629 0.00492799 2.63224e-20)
(0.0787159 -0.00295755 0)
(0.0838769 -0.0131059 2.15642e-20)
(0.0843135 -0.0239364 0)
(0.0826519 -0.0344575 -1.74207e-20)
(0.0802411 -0.0442635 0)
(0.0776829 -0.0532875 1.37512e-20)
(0.0752004 -0.061597 -1.28792e-20)
(0.0728403 -0.0693088 -1.19093e-20)
(0.0312081 0.00613638 -7.13354e-21)
(0.058848 0.0047466 -1.29277e-20)
(0.07214 -0.0053034 -6.10272e-21)
(0.0768517 -0.0173745 -1.0818e-20)
(0.077284 -0.0298114 -9.9281e-21)
(0.0758455 -0.0416514 8.7808e-21)
(0.0737386 -0.0525666 8.03548e-21)
(0.0714789 -0.0625663 3.68459e-22)
(0.0692393 -0.0717573 1.30789e-20)
(0.0670202 -0.0802434 1.19295e-20)
(0.0276508 0.00629053 -7.48092e-21)
(0.0522641 0.00344271 -1.35584e-20)
(0.0646448 -0.00869547 -2.47213e-20)
(0.0692263 -0.0224608 1.12665e-20)
(0.06992 -0.0362453 0)
(0.0688884 -0.049168 0)
(0.0672039 -0.0609929 -1.57665e-20)
(0.0653235 -0.0718002 -1.41737e-20)
(0.0633883 -0.0817184 1.31433e-20)
(0.0613605 -0.0908288 -1.16803e-20)
(0.0233735 0.00561842 7.54007e-21)
(0.0448114 0.000893574 6.68906e-21)
(0.0565349 -0.0131878 -3.87098e-20)
(0.0612695 -0.0283722 5.67344e-20)
(0.0624409 -0.0432211 -1.02915e-20)
(0.0619528 -0.0569789 0)
(0.0607707 -0.0695088 0)
(0.0593223 -0.0809545 7.2908e-20)
(0.0577365 -0.0914502 -6.61766e-20)
(0.0559448 -0.101041 -3.66315e-20)
(0.0185944 0.00403119 6.36771e-20)
(0.0368198 -0.0029721 0)
(0.048123 -0.0188027 5.09434e-20)
(0.0532476 -0.035103 -4.55977e-20)
(0.0550635 -0.0507202 0)
(0.0552119 -0.0650591 1.80723e-20)
(0.0545735 -0.0780826 -5.00089e-20)
(0.0535742 -0.0899931 -5.87717e-20)
(0.0523527 -0.100922 2.73809e-20)
(0.0508235 -0.110852 2.5185e-20)
(0.0135561 0.0014894 -1.28316e-19)
(0.0286333 -0.00817084 -1.42944e-20)
(0.0397209 -0.0255301 -2.62307e-20)
(0.0454222 -0.0426348 -5.84303e-20)
(0.0480076 -0.0587254 -2.04062e-20)
(0.0488537 -0.0733919 -1.83983e-20)
(0.048768 -0.0866904 -3.31844e-22)
(0.0481926 -0.0988762 0)
(0.047308 -0.110082 0)
(0.0460562 -0.120213 5.13592e-20)
(0.00851016 -0.0019947 6.46401e-20)
(0.0205933 -0.0146635 -5.85192e-20)
(0.0316278 -0.0333265 3.93223e-20)
(0.0380441 -0.0509375 8.15444e-20)
(0.0414966 -0.0672265 -2.12657e-20)
(0.0430991 -0.0819838 1.8188e-20)
(0.0435843 -0.0953406 1.64054e-20)
(0.0434124 -0.107596 0)
(0.0428271 -0.118904 0)
(0.0417825 -0.129072 -2.59749e-20)
(0.00370154 -0.0063585 -8.16607e-21)
(0.0130226 -0.0223558 7.29862e-20)
(0.0241178 -0.0421144 -1.33339e-20)
(0.0313378 -0.0599701 0)
(0.0357387 -0.0762327 0)
(0.0381924 -0.0909068 3.75534e-20)
(0.0393742 -0.104169 0)
(0.0397725 -0.116318 -3.0156e-20)
(0.0396503 -0.127506 8.1182e-22)
(0.0387249 -0.137359 2.67732e-20)
(-0.000647465 -0.0114959 0)
(0.00620911 -0.0311047 0)
(0.0174234 -0.0517804 -5.21975e-20)
(0.0254739 -0.0696708 0)
(0.0308607 -0.0857672 2.06743e-20)
(0.0342502 -0.100355 -1.91604e-20)
(0.0362954 -0.113738 0)
(0.0375248 -0.12636 0)
(0.0381692 -0.138651 -2.79332e-20)
(0.0377159 -0.150653 5.44784e-20)
(-0.00433361 -0.0172514 0)
(0.000408959 -0.0407114 -4.30466e-20)
(0.0117396 -0.0621579 -1.25911e-20)
(0.0205648 -0.0799048 -4.63382e-20)
(0.0268693 -0.0956971 -2.10368e-20)
(0.0311099 -0.11012 -5.67632e-20)
(0.0338746 -0.123555 0)
(0.0356473 -0.136396 0)
(0.036593 -0.14889 0)
(0.0362952 -0.160679 2.89493e-23)
(-0.00718227 -0.0234124 0)
(-0.00415838 -0.050908 -1.29132e-20)
(0.00723008 -0.0730183 2.64911e-20)
(0.0167031 -0.0904636 3.46707e-20)
(0.0237818 -0.10578 3.88424e-22)
(0.0287141 -0.119839 2.10888e-22)
(0.0320071 -0.133037 3.41097e-20)
(0.0341016 -0.145624 -3.1234e-20)
(0.0351826 -0.157648 5.72303e-20)
(0.0350787 -0.168702 -5.52387e-20)
(-0.00907312 -0.0297426 -7.6971e-21)
(-0.00733348 -0.0613963 4.24337e-20)
(0.00402085 -0.0841057 6.34836e-20)
(0.0139732 -0.101117 -6.74132e-20)
(0.0216529 -0.115774 4.17183e-20)
(0.0271182 -0.129227 3.77975e-20)
(0.0308054 -0.141876 -1.69226e-20)
(0.0331432 -0.153851 6.22536e-20)
(0.0343842 -0.165103 -2.73529e-22)
(0.0345494 -0.17533 -2.79521e-20)
(-0.00994111 -0.0359921 -7.26665e-21)
(-0.00901529 -0.0718571 6.90528e-21)
(0.00220308 -0.0951492 0)
(0.0124483 -0.111636 5.59883e-20)
(0.0205489 -0.125473 -1.01981e-20)
(0.0264022 -0.138111 -9.36237e-24)
(0.0303855 -0.149976 -1.70567e-20)
(0.0329307 -0.161145 -4.66511e-20)
(0.0343581 -0.171559 2.12387e-22)
(0.0348055 -0.181048 4.19019e-20)
(-0.00977782 -0.041911 0)
(-0.00916351 -0.081965 -3.83895e-20)
(0.00182921 -0.105874 1.19401e-20)
(0.0121821 -0.121803 -3.22346e-20)
(0.0205269 -0.134712 9.98462e-21)
(0.0266344 -0.146384 1.91985e-22)
(0.0308295 -0.157321 1.46776e-22)
(0.0335444 -0.167599 3.1122e-20)
(0.0351463 -0.177194 -4.34797e-20)
(0.0358407 -0.186055 4.2243e-20)
(-0.00863051 -0.0472641 3.39269e-21)
(-0.00780017 -0.0914038 2.54417e-20)
(0.00290916 -0.116014 0)
(0.0132014 -0.131413 3.19712e-20)
(0.0216254 -0.143346 -2.89744e-20)
(0.0278631 -0.153966 -8.97126e-21)
(0.0321908 -0.163898 2.50804e-20)
(0.0350307 -0.173259 0)
(0.0367707 -0.182069 0)
(0.0376552 -0.190361 0)
(-0.00659752 -0.0518407 -3.16782e-21)
(-0.00500837 -0.0998787 -8.56729e-21)
(0.00540845 -0.125313 1.08152e-20)
(0.0155026 -0.140276 1.52069e-20)
(0.0238592 -0.151249 1.44858e-20)
(0.0301135 -0.160788 8.76291e-21)
(0.0344982 -0.169687 0)
(0.0374143 -0.178129 1.54961e-20)
(0.0392485 -0.186179 -7.23363e-21)
(0.0402637 -0.193917 0)
(-0.00382153 -0.0554603 0)
(-0.000929774 -0.107124 1.70613e-20)
(0.00924783 -0.133537 -1.08124e-20)
(0.0190496 -0.148212 -1.00724e-20)
(0.0272172 -0.158302 -8.49651e-23)
(0.0333875 -0.166783 -4.4424e-21)
(0.0377581 -0.174654 4.06036e-21)
(0.0407013 -0.182189 0)
(0.0425876 -0.18949 -7.27835e-21)
(0.0436806 -0.196662 -7.18066e-21)
(-0.000483544 -0.0580094 3.5321e-22)
(0.00423609 -0.112929 -6.16052e-21)
(0.0143015 -0.140475 -6.56353e-22)
(0.0237722 -0.155057 -2.81344e-23)
(0.0316624 -0.164392 -3.45699e-21)
(0.0376649 -0.171879 0)
(0.0419578 -0.178754 -4.05899e-21)
(0.0448828 -0.185399 0)
(0.0467857 -0.191954 0)
(0.0479152 -0.198531 0)
(0.00322119 -0.0595689 -6.61375e-22)
(0.0102524 -0.117234 0)
(0.0204054 -0.146013 0)
(0.0295702 -0.160697 -3.35589e-21)
(0.037135 -0.169434 1.14717e-21)
(0.0429071 -0.176024 5.59783e-23)
(0.0470688 -0.181953 -1.97267e-21)
(0.0499369 -0.187728 0)
(0.0518317 -0.193531 0)
(0.0529742 -0.199467 0)
(0.00713493 -0.0601518 0)
(0.0169127 -0.119941 -2.43332e-21)
(0.0273807 -0.150005 2.24412e-21)
(0.0363115 -0.164998 4.52598e-21)
(0.0435428 -0.173324 0)
(0.0490487 -0.179143 4.18329e-21)
(0.0530427 -0.184197 -3.89025e-21)
(0.0558275 -0.189132 0)
(0.0577068 -0.194178 7.44135e-21)
(0.0588647 -0.199427 -7.18483e-21)
(0.0110891 -0.0596942 0)
(0.0239784 -0.120958 1.74085e-20)
(0.0350269 -0.152343 0)
(0.0438484 -0.16785 1.68105e-20)
(0.0507802 -0.175974 0)
(0.0560115 -0.181173 -1.60346e-20)
(0.0598174 -0.185444 0)
(0.0625027 -0.189583 1.54479e-20)
(0.0643724 -0.193876 -1.4468e-20)
(0.0655753 -0.198406 -1.47422e-20)
(0.0149123 -0.0582415 -4.36021e-21)
(0.0311852 -0.120278 -8.89376e-21)
(0.043112 -0.152961 -4.03134e-21)
(0.0520056 -0.169168 -8.29581e-21)
(0.0587164 -0.177306 -7.86452e-21)
(0.0636954 -0.182057 7.88904e-21)
(0.0673115 -0.185657 7.5738e-21)
(0.0698892 -0.189061 -3.27386e-22)
(0.0717594 -0.192624 1.44696e-20)
(0.0730622 -0.196423 1.47257e-20)
(0.0184553 -0.055905 -3.99465e-21)
(0.0382777 -0.117972 -8.30349e-21)
(0.0513889 -0.151838 -1.62138e-20)
(0.0605849 -0.168892 7.64392e-21)
(0.0672007 -0.177261 0)
(0.0719813 -0.181747 0)
(0.0754257 -0.184803 -1.57764e-20)
(0.0778942 -0.187553 -1.54778e-20)
(0.0797623 -0.19043 1.48186e-20)
(0.0812373 -0.193529 -1.55681e-20)
(0.0215941 -0.0528201 3.86176e-21)
(0.0450202 -0.114149 4.23939e-21)
(0.0596127 -0.149 -2.15559e-20)
(0.0693675 -0.166999 3.82825e-20)
(0.0760592 -0.175793 -7.40563e-21)
(0.0807332 -0.180197 0)
(0.084043 -0.182851 0)
(0.0864082 -0.185048 7.60389e-20)
(0.0882373 -0.187317 -7.41011e-20)
(0.0899058 -0.189714 -4.63469e-20)
(0.0242343 -0.0491328 2.74989e-20)
(0.051196 -0.10896 0)
(0.0675415 -0.144529 2.98427e-20)
(0.0781324 -0.163502 -3.02658e-20)
(0.085106 -0.172874 0)
(0.0897974 -0.177374 1.56891e-20)
(0.0930294 -0.17977 -4.46829e-20)
(0.0953026 -0.181524 -6.09302e-20)
(0.0971046 -0.183261 2.8902e-20)
(0.0989488 -0.184979 2.99175e-20)
(0.026313 -0.0449971 -5.36893e-20)
(0.0566198 -0.102592 -7.25853e-21)
(0.0749441 -0.138544 -1.35451e-20)
(0.0866541 -0.158446 -3.53175e-20)
(0.0941463 -0.168507 -1.54062e-20)
(0.0990121 -0.173254 -1.53333e-20)
(0.102247 -0.175524 2.65736e-22)
(0.104437 -0.17693 0)
(0.106174 -0.1782 0)
(0.108173 -0.179327 6.11697e-20)
(0.0277983 -0.0405676 2.6191e-20)
(0.0611451 -0.0952618 -2.62265e-20)
(0.0816093 -0.131204 2.04662e-20)
(0.094711 -0.151918 4.9923e-20)
(0.102981 -0.162723 -1.3683e-20)
(0.108216 -0.167836 1.57582e-20)
(0.111581 -0.170093 1.55811e-20)
(0.113743 -0.171237 0)
(0.115344 -0.172133 0)
(0.117372 -0.172853 -3.00974e-20)
(0.0286891 -0.0359943 -3.08793e-21)
(0.0646681 -0.0872033 3.30312e-20)
(0.0873547 -0.122706 -6.27151e-21)
(0.102092 -0.144045 0)
(0.111409 -0.15559 0)
(0.117231 -0.161144 2.91759e-20)
(0.120863 -0.163456 0)
(0.123007 -0.164314 -3.07365e-20)
(0.124117 -0.164662 -1.8677e-21)
(0.125318 -0.164766 2.94242e-20)
(0.0290123 -0.0314121 0)
(0.0671304 -0.0786504 0)
(0.0920316 -0.113264 -2.55217e-20)
(0.108603 -0.134984 0)
(0.119238 -0.147204 1.46129e-20)
(0.125928 -0.153231 -1.35425e-20)
(0.130153 -0.155608 0)
(0.132891 -0.15602 0)
(0.134823 -0.155568 -3.10085e-20)
(0.137719 -0.155244 6.0498e-20)
(0.028785 -0.0269149 0)
(0.0684899 -0.0698087 -1.81691e-20)
(0.0955135 -0.103099 -5.58783e-21)
(0.11406 -0.124923 -2.59907e-20)
(0.126264 -0.137728 -1.26116e-20)
(0.134104 -0.144286 -4.11762e-20)
(0.139206 -0.146929 0)
(0.142835 -0.147358 0)
(0.145949 -0.147019 0)
(0.149954 -0.147328 4.99011e-22)
(0.0280278 -0.02259 0)
(0.0687338 -0.0609025 -6.28217e-21)
(0.0977076 -0.0924645 1.28345e-20)
(0.1183 -0.114086 1.99081e-20)
(0.13227 -0.127341 4.52204e-22)
(0.141494 -0.134458 4.57384e-22)
(0.147667 -0.137537 2.81169e-20)
(0.15223 -0.138263 -2.86418e-20)
(0.156313 -0.138196 5.93456e-20)
(0.161028 -0.138594 -5.98866e-20)
(0.0268005 -0.018531 -2.9135e-21)
(0.0678991 -0.0521491 1.81314e-20)
(0.0985685 -0.0816139 3.07289e-20)
(0.121192 -0.102703 -3.87585e-20)
(0.137061 -0.116215 2.50743e-20)
(0.147852 -0.123837 2.60086e-20)
(0.155243 -0.127392 -1.48356e-20)
(0.16075 -0.128477 5.82363e-20)
(0.165575 -0.128627 1.74118e-21)
(0.170693 -0.128904 -2.86405e-20)
(0.0251767 -0.014814 -3.07692e-21)
(0.0660598 -0.0437432 2.92326e-21)
(0.0980981 -0.0707921 0)
(0.122655 -0.0910051 3.19454e-20)
(0.140487 -0.10453 -6.14361e-21)
(0.152981 -0.112532 7.78385e-22)
(0.161725 -0.116525 -1.30744e-20)
(0.168238 -0.117967 -4.305e-20)
(0.173743 -0.118311 -1.31825e-21)
(0.179142 -0.118478 4.45416e-20)
(0.0232325 -0.011492 0)
(0.0633164 -0.0358493 -1.88922e-20)
(0.0963408 -0.0602274 5.92946e-21)
(0.122654 -0.0792272 -1.90717e-20)
(0.142442 -0.0924822 6.08659e-21)
(0.156735 -0.100686 -5.66593e-22)
(0.16695 -0.10503 -5.37192e-22)
(0.174558 -0.106793 2.82528e-20)
(0.180778 -0.107311 -4.2488e-20)
(0.186462 -0.107396 4.29248e-20)
(0.0210437 -0.00859918 1.50881e-21)
(0.0597902 -0.0286011 1.24613e-20)
(0.0933812 -0.0501268 0)
(0.121202 -0.0675989 1.90297e-20)
(0.142868 -0.080282 -1.87105e-20)
(0.158999 -0.0884645 -6.82597e-21)
(0.17078 -0.0930238 1.97613e-20)
(0.179576 -0.0950384 0)
(0.186579 -0.0956911 0)
(0.192612 -0.0957143 0)
(0.0186838 -0.00615264 -1.60744e-21)
(0.0556167 -0.0221011 -4.9076e-21)
(0.0893372 -0.0406707 6.28813e-21)
(0.118356 -0.0563383 9.51264e-21)
(0.14175 -0.0681422 9.64472e-21)
(0.159701 -0.0760473 6.4014e-21)
(0.173106 -0.0806438 0)
(0.183172 -0.0828002 1.39386e-20)
(0.19104 -0.0835308 -6.30588e-21)
(0.197503 -0.0835044 0)
(0.0162202 -0.00415521 0)
(0.0509367 -0.0164213 9.71658e-21)
(0.0843512 -0.0320103 -6.28679e-21)
(0.114215 -0.0456461 -6.24755e-21)
(0.13912 -0.0562733 -1.45964e-22)
(0.158809 -0.0636245 -3.3533e-21)
(0.173851 -0.0680439 3.22449e-21)
(0.185252 -0.0701977 0)
(0.194065 -0.0709248 -6.74813e-21)
(0.201043 -0.0708377 -7.12215e-21)
(0.0137248 -0.00259807 2.02989e-22)
(0.0459029 -0.0116058 -3.70682e-21)
(0.0785912 -0.0242678 -4.36496e-22)
(0.108914 -0.0357046 -5.47299e-23)
(0.135051 -0.0448823 -2.38486e-21)
(0.156329 -0.0513945 0)
(0.172972 -0.0553945 -3.22356e-21)
(0.185743 -0.0573668 0)
(0.195568 -0.0579761 0)
(0.203136 -0.0577802 0)
(0.0113092 -0.00145971 -4.18647e-22)
(0.0407257 -0.00766906 0)
(0.0723037 -0.0175342 0)
(0.102683 -0.0266751 -2.38135e-21)
(0.129723 -0.0341717 8.74799e-22)
(0.152373 -0.0395677 1.25376e-22)
(0.170511 -0.042887 -1.52593e-21)
(0.184637 -0.0444666 0)
(0.19551 -0.0448051 0)
(0.20372 -0.0443995 0)
(0.00901952 -0.000700869 0)
(0.0355274 -0.00457588 -1.77405e-21)
(0.0656553 -0.0118292 1.63592e-21)
(0.0956927 -0.0186442 3.20458e-21)
(0.123269 -0.0242822 0)
(0.14702 -0.0283132 3.2666e-21)
(0.166497 -0.030694 -3.03772e-21)
(0.181922 -0.0316542 0)
(0.193854 -0.0315422 6.70577e-21)
(0.202751 -0.0307822 -6.40306e-21)
(0.00685844 -0.000284075 0)
(0.0303929 -0.00228587 1.4462e-20)
(0.0587968 -0.00715946 0)
(0.0881245 -0.0116821 1.31784e-20)
(0.115866 -0.0153418 0)
(0.140412 -0.017797 -1.25837e-20)
(0.161022 -0.0189953 0)
(0.177643 -0.0191045 1.31413e-20)
(0.19061 -0.018347 -1.23079e-20)
(0.200211 -0.0170595 -1.30785e-20)
(0.00485267 -0.000172618 -3.75512e-21)
(0.0254234 -0.000748848 -7.18124e-21)
(0.0518934 -0.00350877 -3.42388e-21)
(0.0801818 -0.00583053 -6.38588e-21)
(0.10772 -0.00745274 -6.27413e-21)
(0.132727 -0.00816831 6.07238e-21)
(0.154218 -0.00796684 6.05476e-21)
(0.171884 -0.00700012 -5.10707e-22)
(0.185821 -0.00539448 1.22052e-20)
(0.196107 -0.00338412 1.30778e-20)
(0.00303032 -0.000328006 -3.77151e-21)
(0.0207136 9.83606e-05 -7.59915e-21)
(0.0451034 -0.000834492 -1.4553e-20)
(0.0720689 -0.00109564 6.64451e-21)
(0.0990514 -0.000681384 0)
(0.124171 0.000451349 0)
(0.146254 0.00223 -1.29299e-20)
(0.164769 0.00447636 -1.29086e-20)
(0.179567 0.00712894 1.24987e-20)
(0.19048 0.0100715 -1.40632e-20)
(0.00141146 -0.000711428 3.96177e-21)
(0.0163409 0.000328508 4.01165e-21)
(0.0385662 0.00092861 -2.2142e-20)
(0.0639775 0.00254977 3.46839e-20)
(0.0900816 0.00494368 -6.44915e-21)
(0.114964 0.00797438 0)
(0.137327 0.0114566 0)
(0.156456 0.0151484 6.2972e-20)
(0.171971 0.019023 -6.23535e-20)
(0.183418 0.0231017 -4.01774e-20)
(8.9394e-06 -0.00128441 3.23657e-20)
(0.0123657 2.14613e-05 0)
(0.0323994 0.00186459 2.9326e-20)
(0.05608 0.00516341 -2.77035e-20)
(0.0810215 0.00943186 0)
(0.105332 0.0143517 1.31215e-20)
(0.127646 0.0196053 -3.72568e-20)
(0.147124 0.0248542 -5.03797e-20)
(0.163184 0.0300756 2.39463e-20)
(0.175061 0.03546 2.53516e-20)
(-0.00117005 -0.00200902 -6.56084e-20)
(0.00883178 -0.000737677 -8.13231e-21)
(0.0266969 0.00207289 -1.54463e-20)
(0.048524 0.00683007 -3.57446e-20)
(0.0720633 0.0128297 -1.36928e-20)
(0.0954893 0.0195767 -1.32422e-20)
(0.117424 0.02661 -8.81921e-23)
(0.136957 0.033461 0)
(0.153354 0.0400616 0)
(0.165535 0.0468164 5.09627e-20)
(-0.00212324 -0.00284801 3.32434e-20)
(0.00576759 -0.00186042 -3.33597e-20)
(0.021528 0.00166449 2.2799e-20)
(0.0414285 0.00765704 5.05144e-20)
(0.0633732 0.0152184 -1.35137e-20)
(0.0856321 0.0236883 1.30286e-20)
(0.106855 0.0324609 1.27939e-20)
(0.126111 0.0409031 0)
(0.142592 0.0487997 0)
(0.155018 0.0568178 -2.48254e-20)
(-0.00285279 -0.00376506 -4.31912e-21)
(0.00318649 -0.0032568 4.18563e-20)
(0.0169376 0.000757407 -7.82977e-21)
(0.0348831 0.0077678 0)
(0.0550892 0.0167092 0)
(0.0759331 0.0267744 2.61913e-20)
(0.0960947 0.0372163 0)
(0.114597 0.0471933 -2.54038e-20)
(0.130524 0.0560346 -1.23801e-21)
(0.142491 0.0643739 2.39422e-20)
(-0.00336517 -0.00472544 0)
(0.00108629 -0.00483871 0)
(0.0129435 -0.000530485 -3.24774e-20)
(0.0289438 0.00728988 0)
(0.0473214 0.0174303 1.42131e-20)
(0.066565 0.0289869 -1.31714e-20)
(0.0853665 0.0411689 0)
(0.102623 0.0532137 0)
(0.117494 0.0644572 -2.5406e-20)
(0.12955 0.0758445 4.93546e-20)
(-0.00366817 -0.00569274 0)
(-0.000548191 -0.00652124 -2.67074e-20)
(0.00953999 -0.0020875 -8.78765e-21)
(0.0236383 0.00634051 -3.08232e-20)
(0.0401644 0.0174827 -1.43833e-20)
(0.0577484 0.0303818 -4.04875e-20)
(0.0751759 0.0442357 0)
(0.0914205 0.0583739 0)
(0.105948 0.0722248 0)
(0.118749 0.0860993 3.99877e-22)
(-0.00377285 -0.00662466 0)
(-0.00174502 -0.00821681 -9.74442e-21)
(0.00670069 -0.00380649 1.60846e-20)
(0.0189627 0.00502487 2.30888e-20)
(0.0336557 0.0169407 -4.57371e-22)
(0.0495729 0.0309571 -3.55783e-22)
(0.0656346 0.0462575 2.61058e-20)
(0.0809304 0.0621763 -2.51039e-20)
(0.0950304 0.0781371 4.96096e-20)
(0.107765 0.093962 -4.92342e-20)
(-0.00369646 -0.00747913 -4.75039e-21)
(-0.00254454 -0.00984056 2.70866e-20)
(0.00437916 -0.00558635 4.22459e-20)
(0.0148781 0.00344052 -4.783e-20)
(0.0277714 0.0158759 2.91084e-20)
(0.0420181 0.0307297 2.72768e-20)
(0.0566726 0.0471736 -1.31165e-20)
(0.0709236 0.0644991 5.07537e-20)
(0.0843512 0.0820498 1.02232e-21)
(0.0965985 0.0993447 -2.39703e-20)
(-0.00346168 -0.00821395 -4.88595e-21)
(-0.00299752 -0.0113137 4.64224e-21)
(0.00251507 -0.00733577 0)
(0.0113264 0.00167627 4.00204e-20)
(0.0224617 0.0143605 -7.46751e-21)
(0.0350427 0.0297431 4.75373e-24)
(0.0482507 0.046998 -1.31607e-20)
(0.0613629 0.065376 -3.85001e-20)
(0.0739486 0.0841347 -3.71197e-22)
(0.0855335 0.102579 3.70718e-20)
(-0.00309656 -0.00878798 0)
(-0.00316176 -0.0125662 -2.87589e-20)
(0.00104309 -0.00897554 8.80603e-21)
(0.00824534 -0.000189427 -2.4756e-20)
(0.0176742 0.0124634 7.59562e-21)
(0.0286088 0.0280498 -2.02881e-22)
(0.0403513 0.0457668 -1.86939e-22)
(0.0522593 0.0648467 2.57039e-20)
(0.063885 0.084489 -3.71995e-20)
(0.074702 0.10385 3.66009e-20)
(-0.00263425 -0.00916376 2.53415e-21)
(-0.00309759 -0.0135399 1.92088e-20)
(-9.74933e-05 -0.0104402 0)
(0.00558297 -0.00208865 2.48962e-20)
(0.0133693 0.0102492 -2.33616e-20)
(0.0226915 0.0257054 -7.28275e-21)
(0.0329674 0.0435244 2.03039e-20)
(0.0436297 0.0629487 0)
(0.0542163 0.0831562 0)
(0.0642007 0.103217 0)
(-0.00211193 -0.00931047 -2.58938e-21)
(-0.00286256 -0.0141934 -7.482e-21)
(-0.000952892 -0.0116797 9.2215e-21)
(0.00331105 -0.00396232 1.28066e-20)
(0.00953714 0.00778265 1.17039e-20)
(0.017298 0.0227747 7.42615e-21)
(0.0261229 0.0403308 0)
(0.0355185 0.0597358 1.32265e-20)
(0.0450184 0.0801828 -6.09695e-21)
(0.0541285 0.100713 0)
(-0.00156924 -0.00920945 0)
(-0.00250533 -0.0145055 1.49901e-20)
(-0.00154509 -0.0126602 -9.2196e-21)
(0.00143795 -0.00575764 -8.55139e-21)
(0.00621404 0.00513528 1.98643e-23)
(0.0124871 0.0193418 -3.69466e-21)
(0.0198943 0.0362741 3.54693e-21)
(0.0280194 0.0552915 0)
(0.0364053 0.0756387 -6.28974e-21)
(0.0446021 0.0963803 -6.26642e-21)
(-0.00104436 -0.00886284 3.34523e-22)
(-0.00205871 -0.0144791 -5.68598e-21)
(-0.00186469 -0.0133634 -5.95853e-22)
(1.80048e-05 -0.00742204 -7.9645e-24)
(0.00349488 0.00239622 -3.02795e-21)
(0.00838558 0.0155253 0)
(0.0144311 0.0314889 -3.54596e-21)
(0.0212973 0.0497501 0)
(0.028552 0.0696414 0)
(0.0357844 0.0903021 0)
)
;

boundaryField
{
    inlet
    {
        type            uniformFixedValue;
        uniformValue    constant (1 0 0);
        value           uniform (1 0 0);
    }
    outlet
    {
        type            pressureInletOutletVelocity;
        value           nonuniform List<vector> 
40
(
(0.0180705 0.0718824 0)
(0.0284744 0.150555 0)
(0.0388571 0.234594 0)
(0.0451582 0.325995 0)
(0.0446031 0.422194 0)
(0.0391098 0.514511 0)
(0.0289462 0.60373 0)
(0.0204468 0.70275 0)
(0.00875304 0.81987 0)
(0.00365112 0.928145 0)
(0.0129141 0.0253597 3.17704e-23)
(0.0109369 0.00572506 -4.89618e-23)
(0 -0.013704 0)
(0 -0.0327324 0)
(0 -0.0512583 0)
(0 -0.069165 0)
(0 -0.0863166 0)
(0 -0.102575 0)
(0 -0.117811 0)
(0 -0.131922 0)
(0 -0.144835 0)
(0 -0.156521 0)
(0 -0.166994 0)
(0 -0.176312 0)
(0 -0.184572 0)
(0 -0.191896 0)
(0 -0.198428 0)
(0 -0.204319 0)
(0 -0.209719 0)
(0 -0.214777 0)
(0 -0.22626 0)
(0 -0.247036 0)
(0 -0.274502 0)
(0 -0.312341 0)
(0 -0.363555 0)
(0 -0.427477 0)
(0 -0.496501 0)
(0 -0.556839 0)
(0 -0.598023 0)
(0 -0.618673 0)
)
;
    }
    cylinder
    {
        type            fixedValue;
        value           uniform (0 0 0);
    }
    top
    {
        type            symmetryPlane;
    }
    bottom
    {
        type            symmetryPlane;
    }
    defaultFaces
    {
        type            empty;
    }
}


// ************************************************************************* //
