/*--------------------------------*- C++ -*----------------------------------*\
  =========                 |
  \\      /  F ield         | OpenFOAM: The Open Source CFD Toolbox
   \\    /   O peration     | Website:  https://openfoam.org
    \\  /    A nd           | Version:  7
     \\/     M anipulation  |
\*---------------------------------------------------------------------------*/
FoamFile
{
    version     2.0;
    format      ascii;
    class       volVectorField;
    location    "95.4";
    object      U;
}
// * * * * * * * * * * * * * * * * * * * * * * * * * * * * * * * * * * * * * //

dimensions      [0 1 -1 0 0 0 0];

internalField   nonuniform List<vector> 
2000
(
(-7.56315e-05 -0.00471425 -1.73113e-22)
(5.90656e-05 -0.0111725 0)
(0.00049205 -0.0149487 0)
(0.00117288 -0.0164785 -8.88467e-22)
(0.00205835 -0.0160405 2.89221e-22)
(0.00312755 -0.0138193 1.19409e-23)
(0.00437926 -0.00994282 -4.97945e-22)
(0.00582009 -0.00451725 0)
(0.00745817 0.00234956 0)
(0.00919913 0.0105338 0)
(0.000379414 -0.00458633 0)
(0.00133065 -0.0111922 -6.77496e-22)
(0.00248592 -0.0151547 6.24786e-22)
(0.00367926 -0.0168893 1.18685e-21)
(0.00487846 -0.0166812 0)
(0.0060727 -0.0147303 1.08791e-21)
(0.00727334 -0.0111744 -1.01169e-21)
(0.00850428 -0.00611399 0)
(0.0098046 0.000369305 1.86563e-21)
(0.0110886 0.00819062 -3.59341e-21)
(0.000872065 -0.00453532 0)
(0.00277037 -0.0113034 5.41706e-21)
(0.0048009 -0.0154108 0)
(0.00665195 -0.0172961 4.84806e-21)
(0.00830306 -0.017261 0)
(0.00975488 -0.015528 -4.37925e-21)
(0.0110319 -0.0122505 0)
(0.0121745 -0.00752965 3.9836e-21)
(0.0132528 -0.00142501 -3.73089e-21)
(0.0141871 0.00600902 -3.66729e-21)
(0.00143041 -0.00457917 -1.40805e-21)
(0.00441368 -0.0115256 -2.7044e-21)
(0.00745626 -0.0157262 -1.26778e-21)
(0.010089 -0.0176957 -2.37935e-21)
(0.0123085 -0.0177631 -2.28028e-21)
(0.0141321 -0.0161794 2.15299e-21)
(0.0156011 -0.0131191 2.07008e-21)
(0.0167731 -0.00868947 -2.22829e-23)
(0.0177478 -0.00293302 3.76833e-21)
(0.0184515 0.00411593 3.66563e-21)
(0.00208553 -0.00472731 -1.38358e-21)
(0.00629491 -0.0118632 -2.76489e-21)
(0.0104611 -0.0160973 -5.25634e-21)
(0.0139666 -0.0180785 2.41673e-21)
(0.0168355 -0.0181731 0)
(0.0191116 -0.0166658 0)
(0.0208594 -0.0137552 -4.25795e-21)
(0.0221572 -0.0095581 -4.04373e-21)
(0.0231322 -0.00410342 3.82161e-21)
(0.0237181 0.00258451 1.10427e-20)
(0.00286848 -0.00497652 1.40994e-21)
(0.00844139 -0.0123009 1.43987e-21)
(0.013808 -0.016505 -7.80917e-21)
(0.0182333 -0.018427 1.23999e-20)
(0.0217851 -0.0184799 -2.3109e-21)
(0.0245462 -0.0169851 0)
(0.0266146 -0.0141661 0)
(0.0280951 -0.0101502 2.01472e-20)
(0.0291403 -0.00495226 -1.9079e-20)
(0.029692 0.00140818 3.62498e-21)
(0.00380599 -0.00530942 1.10049e-20)
(0.0108672 -0.0128034 0)
(0.0174674 -0.0169144 1.04308e-20)
(0.0228074 -0.0187157 -9.89844e-21)
(0.027019 -0.0186747 0)
(0.0302393 -0.0171504 4.50657e-21)
(0.0326123 -0.0143907 -1.26442e-20)
(0.034278 -0.0105316 -1.61032e-20)
(0.0354146 -0.00557012 7.56028e-21)
(0.0359681 0.000486985 7.34815e-21)
(0.00491618 -0.00569524 -2.20307e-20)
(0.0135669 -0.0133178 -2.81259e-21)
(0.0213834 -0.0172775 -5.30808e-21)
(0.0275762 -0.0189136 -1.24696e-20)
(0.0323647 -0.0187511 -4.7712e-21)
(0.0359572 -0.0171863 -4.5111e-21)
(0.0385561 -0.0144904 2.7449e-23)
(0.0403484 -0.0108081 0)
(0.0415442 -0.00611239 0)
(0.0420867 -0.000369051 3.97756e-23)
(0.00620466 -0.00609213 1.1026e-20)
(0.0165105 -0.0137773 -1.12425e-20)
(0.0254717 -0.0175383 7.8843e-21)
(0.0323993 -0.0189873 1.75604e-20)
(0.0376263 -0.0187062 -4.68644e-21)
(0.041448 -0.0171239 4.49781e-21)
(0.0441363 -0.0145341 4.24853e-21)
(0.0459357 -0.011095 0)
(0.0471051 -0.00675772 0)
(0.0475967 -0.00141358 -1.70667e-22)
(0.00766201 -0.00645146 -1.39301e-21)
(0.0196402 -0.014109 1.41089e-20)
(0.0296199 -0.0176399 -2.64154e-21)
(0.0371154 -0.0189082 0)
(0.0425992 -0.0185439 0)
(0.0464692 -0.0169983 8.92915e-21)
(0.0490721 -0.0145821 0)
(0.0507112 -0.0114747 -7.85857e-21)
(0.0517054 -0.00763714 7.01963e-24)
(0.0520674 -0.00290655 7.04487e-21)
(0.0126091 0.0313956 1.3657e-22)
(0.0224184 0.0803236 -1.38091e-22)
(0.0308828 0.134203 -1.5426e-22)
(0.0331392 0.184929 -1.73493e-22)
(0.0299616 0.234348 -2.1138e-22)
(0.026608 0.286337 -8.02947e-24)
(0.0163449 0.347092 1.1031e-22)
(0.0137462 0.434284 3.98396e-22)
(-0.00396665 0.568955 0)
(0.00390384 0.729039 -2.90643e-22)
(0.0129405 0.0283381 5.30181e-22)
(0.0202914 0.0761285 -5.92727e-22)
(0.0286445 0.131458 1.05667e-21)
(0.0312976 0.183973 1.73775e-22)
(0.0285339 0.234634 3.75007e-22)
(0.0254762 0.287438 6.45246e-22)
(0.0156781 0.348702 -2.39588e-22)
(0.0131501 0.436203 -2.67625e-22)
(-0.00380369 0.570173 5.13207e-22)
(0.00351627 0.728623 2.89957e-22)
(0.0146038 0.0252917 0)
(0.0188985 0.0713254 -5.80496e-22)
(0.026764 0.127702 -3.05771e-22)
(0.0297035 0.182048 0)
(0.0273021 0.234072 -1.15614e-21)
(0.0245218 0.287773 3.61845e-22)
(0.0151355 0.349551 4.0323e-22)
(0.0126351 0.437279 1.44327e-21)
(-0.00361582 0.570909 -5.11544e-22)
(0.00317454 0.728036 1.04707e-21)
(0.0176277 0.0224198 0)
(0.0183757 0.0661321 5.85354e-22)
(0.0252692 0.122997 0)
(0.0283492 0.179147 1.35716e-21)
(0.0262528 0.232653 -1.36422e-21)
(0.0237292 0.287343 -8.21432e-22)
(0.014702 0.349632 -4.64086e-23)
(0.0122109 0.437521 -1.41789e-21)
(-0.00340622 0.570993 -2.30209e-22)
(0.00285723 0.727113 -1.28666e-21)
(0.0219021 0.0198443 3.28069e-23)
(0.018852 0.0607945 -1.67723e-21)
(0.0242031 0.117454 4.36878e-23)
(0.0272296 0.175283 -1.23372e-21)
(0.0253716 0.230376 0)
(0.0230821 0.286162 -7.86689e-22)
(0.0143635 0.349001 -6.60016e-23)
(0.0118645 0.437093 1.77705e-21)
(-0.00319297 0.570709 2.33063e-22)
(0.00256542 0.726135 -2.33921e-22)
(0.027145 0.0176204 -4.53513e-21)
(0.020394 0.0555555 2.87465e-21)
(0.023623 0.111233 1.2148e-21)
(0.0263437 0.170494 -1.21421e-21)
(0.024646 0.227246 -6.51097e-22)
(0.0225691 0.284227 0)
(0.0141191 0.347616 -1.57463e-21)
(0.0116042 0.435801 7.94231e-22)
(-0.00297193 0.569549 8.56362e-22)
(0.00227703 0.724714 8.96644e-22)
(0.0329031 0.0157335 -5.4539e-22)
(0.0229343 0.0506279 0)
(0.0235843 0.104548 0)
(0.0256962 0.164846 0)
(0.0240614 0.223288 -6.93003e-22)
(0.0221715 0.28163 1.34205e-21)
(0.0139466 0.345711 1.53632e-21)
(0.0113897 0.434198 -2.40096e-21)
(-0.00277318 0.568494 4.21582e-22)
(0.00201662 0.723523 -1.30558e-21)
(0.0385838 0.0140833 3.41562e-21)
(0.0262083 0.0460728 2.35652e-21)
(0.0240986 0.0975972 -2.33493e-21)
(0.0252907 0.15846 2.45169e-21)
(0.0236136 0.218477 -3.04177e-21)
(0.0218894 0.278161 0)
(0.0138681 0.342801 -6.93056e-22)
(0.0112748 0.43123 3.38841e-23)
(-0.00255703 0.565868 -7.58763e-22)
(0.0017387 0.721556 -8.10334e-22)
(0.0434761 0.0123141 -2.89963e-21)
(0.0297303 0.0415136 0)
(0.0250967 0.0901787 -2.62804e-21)
(0.0251089 0.151302 4.7094e-21)
(0.0232643 0.21316 -1.74939e-21)
(0.0216812 0.274662 -3.17753e-22)
(0.013813 0.340331 6.91545e-22)
(0.0111244 0.429372 1.03206e-23)
(-0.00241875 0.564819 1.09851e-21)
(0.00150557 0.720434 1.17529e-21)
(0.0467246 0.0103216 -2.36272e-21)
(0.0328589 0.0369905 2.31153e-21)
(0.0264313 0.0821712 2.9404e-22)
(0.0252438 0.142298 0)
(0.023048 0.205148 0)
(0.021599 0.268154 3.14181e-22)
(0.0139408 0.334456 1.31939e-21)
(0.011224 0.42333 -1.28163e-21)
(-0.00217537 0.559739 -3.45351e-22)
(0.00121899 0.717682 3.33797e-22)
(0.0484032 0.011109 0)
(0.0371154 0.0355308 0)
(0.02879 0.076634 0)
(0.0261325 0.136696 0)
(0.0233188 0.202286 0)
(0.0211049 0.268092 0)
(0.0135079 0.336222 0)
(0.0103541 0.42641 0)
(-0.00229453 0.561883 0)
(0.000740761 0.716456 0)
(0.0500299 0.0240452 0)
(0.0406327 0.051997 0)
(0.0306303 0.0889115 0)
(0.0257737 0.142972 0)
(0.0226094 0.206471 0)
(0.0200972 0.272675 0)
(0.0129916 0.342393 0)
(0.0094266 0.433783 0)
(-0.00204545 0.567333 0)
(0.000364526 0.715575 0)
(0.0473361 0.0270877 0)
(0.0415939 0.0594154 0)
(0.0324941 0.0970265 0)
(0.026081 0.148904 0)
(0.0220086 0.211365 0)
(0.0190343 0.277659 0)
(0.0123617 0.348154 0)
(0.00855059 0.439776 0)
(-0.00188938 0.571425 0)
(6.01458e-05 0.714505 0)
(0.0428407 0.0287503 0)
(0.0399239 0.0649527 0)
(0.0329009 0.103726 0)
(0.0263525 0.154239 0)
(0.021648 0.21608 0)
(0.0181952 0.283134 0)
(0.0118448 0.355204 0)
(0.0079006 0.447679 0)
(-0.00153874 0.577152 0)
(-8.65872e-05 0.713959 0)
(0.0378644 0.0288017 0)
(0.0368817 0.0688664 0)
(0.0318919 0.109589 0)
(0.0260557 0.159322 0)
(0.0212678 0.220117 0)
(0.0175446 0.287131 0)
(0.0114212 0.359855 0)
(0.00730443 0.452485 0)
(-0.00141921 0.58032 0)
(-0.000277358 0.712959 0)
(0.0326243 0.0274692 0)
(0.0331836 0.0710484 0)
(0.0299067 0.11428 0)
(0.0250165 0.164304 0)
(0.0205373 0.224813 0)
(0.0168643 0.292445 0)
(0.0111195 0.366653 0)
(0.0069577 0.46015 0)
(-0.00101397 0.585753 0)
(-0.000310268 0.712376 0)
(0.0273152 0.0249553 0)
(0.0292792 0.0717417 0)
(0.0276376 0.117742 0)
(0.0238141 0.168446 0)
(0.0197294 0.228376 0)
(0.0161434 0.295636 0)
(0.0107176 0.37003 0)
(0.0065388 0.463434 0)
(-0.000941432 0.587785 0)
(-0.00042675 0.711432 0)
(0.0219232 0.0211295 0)
(0.0251796 0.070684 0)
(0.0248645 0.119564 0)
(0.022175 0.17212 0)
(0.0187727 0.233023 0)
(0.0154778 0.301383 0)
(0.010476 0.377321 0)
(0.00634205 0.471514 0)
(-0.000489538 0.593372 0)
(-0.000380175 0.710911 0)
(0.0172338 0.0177225 0)
(0.022171 0.0697723 0)
(0.023138 0.121124 0)
(0.0211843 0.174524 0)
(0.0180952 0.235164 0)
(0.0149055 0.303201 0)
(0.0101249 0.379191 0)
(0.00604785 0.473199 0)
(-0.000483238 0.594381 0)
(-0.000448445 0.710309 0)
(0.0115904 0.00730917 0)
(0.0170178 0.0625792 0)
(0.0201922 0.119085 0)
(0.0199816 0.176821 0)
(0.0177519 0.239996 0)
(0.0147837 0.30984 0)
(0.0102478 0.387582 0)
(0.00607267 0.482388 0)
(9.06339e-05 0.600592 0)
(-0.000332022 0.709928 0)
(0.0541493 0.00165973 2.08464e-21)
(0.0529031 0.0070005 -2.04826e-21)
(0.0479873 0.00721928 1.80126e-22)
(0.0424193 0.00626581 0)
(0.0366131 0.00412309 0)
(0.0306335 0.00108305 5.78174e-23)
(0.0246627 -0.00271289 -8.17656e-23)
(0.0187272 -0.0074565 8.03427e-23)
(0.0132184 -0.0116882 -8.44982e-24)
(0.00704042 -0.0207745 8.29956e-24)
(0.0550939 -0.00222761 -2.74372e-21)
(0.0522287 -0.00012056 0)
(0.0466514 -0.00131235 1.02196e-21)
(0.0408939 -0.00334392 -2.04363e-21)
(0.035027 -0.00629529 1.02649e-21)
(0.0290348 -0.00990881 -5.64885e-23)
(0.0230532 -0.014109 5.7487e-23)
(0.0171574 -0.0190987 2.86456e-23)
(0.0115045 -0.0235809 -1.53575e-23)
(0.00572498 -0.0318408 -1.82207e-23)
(0.0552822 -0.00611985 3.09877e-21)
(0.0511186 -0.00686873 -1.45743e-21)
(0.0451751 -0.00949874 1.44345e-21)
(0.0393026 -0.0126583 -8.21236e-22)
(0.0334015 -0.0164455 6.42124e-22)
(0.0273947 -0.0206332 0)
(0.0214142 -0.0252007 -5.76185e-23)
(0.0155729 -0.0303256 1.16027e-24)
(0.00988934 -0.0348848 -1.14141e-24)
(0.00459035 -0.0420811 2.54711e-23)
(0.0548022 -0.0105205 -4.72918e-22)
(0.0495994 -0.0137072 0)
(0.0435207 -0.0176038 0)
(0.0376143 -0.0217823 0)
(0.0317295 -0.0263113 4.31227e-22)
(0.0257398 -0.0309862 -2.6725e-22)
(0.0197914 -0.0358286 1.87875e-23)
(0.0140238 -0.0409588 -4.03788e-24)
(0.00842441 -0.0454133 3.4082e-24)
(0.00359654 -0.0514719 1.14574e-23)
(0.0536195 -0.0155389 -3.15642e-22)
(0.0476135 -0.0207427 -1.27025e-21)
(0.0415826 -0.0256958 -5.2582e-22)
(0.0357246 -0.0307136 5.2545e-22)
(0.0299139 -0.0358365 -1.6192e-22)
(0.0240101 -0.0408697 0)
(0.0181561 -0.0458621 -5.82386e-23)
(0.0125213 -0.0508654 3.83791e-23)
(0.00712065 -0.0550577 -1.54386e-23)
(0.00277411 -0.0600089 -1.50328e-23)
(0.0518223 -0.0211251 -3.51082e-21)
(0.0452595 -0.0279111 5.76982e-22)
(0.0394148 -0.0337254 1.43668e-22)
(0.0336701 -0.0393817 5.17822e-22)
(0.0279935 -0.0449363 0)
(0.0222329 -0.050184 0)
(0.016534 -0.0551954 0)
(0.0110956 -0.0599552 3.05583e-23)
(0.00598408 -0.0637721 0)
(0.00211824 -0.0677093 0)
(0.0494477 -0.0271971 0)
(0.0426386 -0.035078 1.0131e-21)
(0.0370852 -0.0415911 -6.53985e-22)
(0.0315113 -0.0476871 -3.85308e-22)
(0.0260209 -0.0535173 3.87289e-22)
(0.0204539 -0.0588407 8.78298e-23)
(0.0149632 -0.0637523 -1.07578e-22)
(0.00977703 -0.0681801 -1.27369e-22)
(0.00501381 -0.0715581 1.04252e-23)
(0.00160612 -0.0746104 3.45117e-24)
(0.0465848 -0.0335306 0)
(0.0398334 -0.0421119 -3.59382e-22)
(0.0346509 -0.0491784 -1.4663e-22)
(0.0293001 -0.0555305 0)
(0.0240407 -0.0614979 5.53368e-23)
(0.0187129 -0.0667761 -1.99001e-22)
(0.0134753 -0.0714924 9.61643e-23)
(0.00858474 -0.0755338 8.03506e-24)
(0.00420053 -0.0784545 -9.41035e-24)
(0.00121299 -0.0807653 -2.32976e-24)
(0.0433657 -0.0399653 4.73201e-22)
(0.0369176 -0.0488926 3.26925e-22)
(0.0321632 -0.0563854 -1.09331e-22)
(0.0270843 -0.0628325 5.80038e-23)
(0.0220927 -0.0688215 8.41286e-23)
(0.0170431 -0.0739589 8.90065e-23)
(0.0120925 -0.0784126 -1.9988e-23)
(0.00752691 -0.0820465 -1.15121e-23)
(0.00352851 -0.084527 9.44114e-24)
(0.000915485 -0.0862378 9.75498e-25)
(0.0399038 -0.0463743 -1.00136e-22)
(0.033955 -0.0553303 1.01058e-22)
(0.0296685 -0.0631374 -7.41031e-23)
(0.0249072 -0.0695447 -5.7916e-23)
(0.0202107 -0.0754634 3.76407e-23)
(0.0154703 -0.0803925 -6.86136e-23)
(0.0108285 -0.0845445 2.82027e-23)
(0.00660248 -0.087778 3.24143e-24)
(0.00297853 -0.0898587 0)
(0.000692322 -0.0910988 -9.77609e-25)
(0.0363198 -0.0526616 1.02352e-22)
(0.0310136 -0.0613732 -1.03262e-22)
(0.0272159 -0.0693935 -7.76224e-23)
(0.0228122 -0.0756548 -6.13002e-23)
(0.0184253 -0.0814326 -3.93326e-23)
(0.0140147 -0.0861125 5.69128e-24)
(0.00969029 -0.0899476 1.41932e-23)
(0.0058043 -0.0928086 2.33149e-23)
(0.00253087 -0.0945421 0)
(0.00052529 -0.0954233 -2.15311e-24)
(0.0327359 -0.0587728 0)
(0.0281659 -0.0670078 -3.47801e-22)
(0.0248534 -0.0751455 5.88256e-22)
(0.0208399 -0.0811843 6.13907e-23)
(0.0167622 -0.0867667 9.75511e-23)
(0.01269 -0.0911809 1.05671e-22)
(0.00867899 -0.0947014 -2.31293e-23)
(0.00512165 -0.0972307 -1.42735e-23)
(0.00216731 -0.0986727 1.69874e-23)
(0.000399964 -0.0992874 2.14805e-24)
(0.02925 -0.0646921 0)
(0.0254707 -0.0722558 -3.99283e-22)
(0.0226145 -0.0804127 -1.60495e-22)
(0.019017 -0.0861831 0)
(0.0152361 -0.0915266 -2.7043e-22)
(0.0115008 -0.0956779 1.02237e-22)
(0.00778979 -0.0988978 6.39003e-23)
(0.00454126 -0.101142 1.10022e-22)
(0.00187165 -0.102345 -1.6932e-23)
(0.000305207 -0.102767 1.21351e-23)
(0.0259308 -0.0704317 0)
(0.022969 -0.0771726 4.02595e-22)
(0.0205175 -0.0852367 0)
(0.0173556 -0.0907238 4.75898e-22)
(0.0138516 -0.09579 -4.78365e-22)
(0.0104429 -0.0996951 -1.31607e-22)
(0.00701325 -0.102634 2.67659e-23)
(0.00404875 -0.104639 -1.13602e-22)
(0.00162999 -0.105649 -2.09862e-23)
(0.000232426 -0.105937 -1.85449e-23)
(0.0228256 -0.0760191 4.08852e-21)
(0.0206926 -0.0818429 -1.53583e-21)
(0.0185754 -0.0896748 -1.44696e-22)
(0.0158593 -0.0948939 -6.31124e-22)
(0.0126088 -0.0996444 0)
(0.00950828 -0.103329 -1.3906e-22)
(0.00633849 -0.106006 4.40891e-23)
(0.00363054 -0.107816 1.68503e-22)
(0.00143115 -0.108671 7.0413e-24)
(0.000175304 -0.108869 -7.03901e-24)
(0.0199588 -0.0814805 3.35464e-22)
(0.0186668 -0.0863757 2.39168e-21)
(0.0168013 -0.0937948 6.57251e-22)
(0.0145273 -0.0987875 -6.56842e-22)
(0.0115068 -0.103182 -2.32307e-22)
(0.00868804 -0.106674 0)
(0.00575551 -0.109109 -2.26518e-22)
(0.00327519 -0.110762 1.21382e-22)
(0.00126678 -0.111491 6.28216e-23)
(0.000129449 -0.111633 1.58087e-23)
(0.0173419 -0.08682 -5.69815e-22)
(0.0169203 -0.0908992 0)
(0.0152205 -0.0976708 0)
(0.0133614 -0.102499 0)
(0.010549 -0.106495 -1.85192e-22)
(0.00797629 -0.109822 4.17026e-22)
(0.0052573 -0.11203 2.32038e-22)
(0.00297445 -0.113557 -2.76847e-22)
(0.00113127 -0.114184 1.60916e-23)
(9.19315e-05 -0.114297 -3.1592e-23)
(0.0149653 -0.0920008 -1.29762e-21)
(0.0154593 -0.0955505 1.77231e-21)
(0.0138523 -0.10138 -1.75556e-21)
(0.0123517 -0.106115 1.14432e-21)
(0.00973255 -0.109671 -1.38874e-21)
(0.00736337 -0.112856 0)
(0.00483551 -0.114848 -1.38449e-22)
(0.00272052 -0.116275 -5.17308e-24)
(0.00102011 -0.116818 -5.23572e-23)
(6.05413e-05 -0.116925 -1.7491e-23)
(0.0126511 -0.0969035 -6.15812e-22)
(0.0140977 -0.100461 0)
(0.0126099 -0.105006 -1.7348e-21)
(0.0114071 -0.109716 2.7059e-21)
(0.00900006 -0.112794 -9.32294e-22)
(0.00680489 -0.115852 -1.01173e-22)
(0.00446151 -0.117636 1.38134e-22)
(0.00249551 -0.118983 1.751e-23)
(0.00092544 -0.119458 1.07199e-22)
(3.45868e-05 -0.119577 3.47967e-23)
(0.0104298 -0.10122 -2.48075e-21)
(0.0127639 -0.105752 2.42713e-21)
(0.0115064 -0.108659 2.22871e-22)
(0.0105234 -0.113384 0)
(0.00834381 -0.115952 0)
(0.00629914 -0.118888 1.0413e-22)
(0.00413256 -0.120467 2.54959e-22)
(0.00229976 -0.121748 -2.50233e-22)
(0.000849237 -0.122166 -1.90455e-23)
(2.40127e-05 -0.122317 1.86499e-23)
(0.00965857 -0.108363 0)
(0.0127927 -0.118416 0)
(0.0111791 -0.117279 0)
(0.0100146 -0.122241 0)
(0.00788568 -0.123691 0)
(0.00586206 -0.126434 0)
(0.00383834 -0.127558 0)
(0.0021334 -0.128704 0)
(0.00081628 -0.12897 0)
(5.34033e-05 -0.129156 0)
(0.0101929 -0.129599 0)
(0.00945891 -0.141036 0)
(0.00791188 -0.136869 0)
(0.00677438 -0.141897 0)
(0.0051963 -0.141561 0)
(0.0038559 -0.143985 0)
(0.00248175 -0.144196 0)
(0.00140085 -0.145133 0)
(0.000536662 -0.14506 0)
(5.33151e-05 -0.145275 0)
(0.0108682 -0.15635 0)
(0.00892322 -0.168819 0)
(0.00724001 -0.162342 0)
(0.00578917 -0.167731 0)
(0.00436377 -0.165859 0)
(0.00314645 -0.168332 0)
(0.00202578 -0.167743 0)
(0.00116285 -0.168706 0)
(0.000476674 -0.168298 0)
(6.40651e-05 -0.168603 0)
(0.0112668 -0.189449 0)
(0.00846988 -0.202841 0)
(0.00678819 -0.194872 0)
(0.00506444 -0.20091 0)
(0.00382379 -0.197822 0)
(0.00264778 -0.200658 0)
(0.00174684 -0.199366 0)
(0.00100146 -0.200551 0)
(0.000448222 -0.19979 0)
(6.44385e-05 -0.200266 0)
(0.0112887 -0.228904 0)
(0.00807013 -0.242394 0)
(0.00645242 -0.2341 0)
(0.0045259 -0.240656 0)
(0.00346128 -0.236885 0)
(0.00226874 -0.240174 0)
(0.00155685 -0.238369 0)
(0.000853422 -0.239874 0)
(0.000419173 -0.238797 0)
(4.71385e-05 -0.239511 0)
(0.0106566 -0.272338 0)
(0.00743324 -0.284541 0)
(0.00595219 -0.277365 0)
(0.00398535 -0.283794 0)
(0.00309172 -0.280139 0)
(0.00190402 -0.283606 0)
(0.0013531 -0.281654 0)
(0.000664283 -0.283369 0)
(0.000349457 -0.282126 0)
(7.9759e-06 -0.283042 0)
(0.00923156 -0.315012 0)
(0.00637036 -0.324712 0)
(0.00510181 -0.319858 0)
(0.0033133 -0.325324 0)
(0.00258816 -0.322591 0)
(0.00149629 -0.325705 0)
(0.00107483 -0.324063 0)
(0.00043145 -0.325678 0)
(0.000231457 -0.324527 0)
(-3.79946e-05 -0.325465 0)
(0.0070932 -0.351399 0)
(0.00486583 -0.358182 0)
(0.00388905 -0.356076 0)
(0.00247721 -0.360062 0)
(0.00193258 -0.358684 0)
(0.00105236 -0.361001 0)
(0.000742422 -0.359988 0)
(0.000213224 -0.361188 0)
(0.000108349 -0.360356 0)
(-6.46144e-05 -0.361087 0)
(0.00444414 -0.377248 0)
(0.00303271 -0.381624 0)
(0.00242116 -0.381811 0)
(0.00152305 -0.384397 0)
(0.00118449 -0.384257 0)
(0.000613096 -0.38571 0)
(0.000418317 -0.385345 0)
(6.8991e-05 -0.386036 0)
(2.68174e-05 -0.385578 0)
(-5.84828e-05 -0.385995 0)
(0.00151344 -0.390471 0)
(0.0010246 -0.393543 0)
(0.000821375 -0.394989 0)
(0.000511558 -0.396757 0)
(0.000398782 -0.397327 0)
(0.00019949 -0.398244 0)
(0.000133105 -0.398272 0)
(9.84446e-06 -0.398631 0)
(2.80877e-07 -0.398421 0)
(-2.35083e-05 -0.398622 0)
(0.0100072 -0.116682 2.84482e-21)
(0.011546 -0.139427 -2.79078e-21)
(0.0126921 -0.167523 3.57357e-22)
(0.013235 -0.201151 0)
(0.0131815 -0.239884 0)
(0.0123261 -0.281151 4.16426e-22)
(0.0106149 -0.320627 -1.79337e-21)
(0.00815041 -0.353667 1.76729e-21)
(0.00511977 -0.376877 4.80267e-22)
(0.00174265 -0.388689 -4.72664e-22)
(0.0103691 -0.121175 -3.37619e-21)
(0.0123087 -0.14392 0)
(0.0135667 -0.172048 2.45006e-21)
(0.0141279 -0.20552 -5.66243e-21)
(0.0140149 -0.243736 3.64072e-21)
(0.0130544 -0.284066 -3.88201e-22)
(0.0112211 -0.322333 8.67013e-22)
(0.00861801 -0.354181 1.83353e-21)
(0.00542111 -0.376483 5.1653e-22)
(0.00184215 -0.387812 5.01486e-22)
(0.0109399 -0.125794 3.92795e-21)
(0.0133244 -0.14859 -2.68999e-21)
(0.0146326 -0.176593 2.66445e-21)
(0.0151769 -0.209758 -2.99765e-21)
(0.0149725 -0.247336 2.21563e-21)
(0.0138774 -0.286657 0)
(0.0118902 -0.323716 -8.69104e-22)
(0.00911745 -0.354429 4.40655e-23)
(0.00573172 -0.375898 -9.62932e-22)
(0.00193938 -0.386795 -9.8356e-22)
(0.0117681 -0.129965 -6.32714e-22)
(0.0145462 -0.152858 0)
(0.0158677 -0.180773 0)
(0.0163742 -0.213655 0)
(0.0160591 -0.250626 2.47373e-21)
(0.0148118 -0.288989 -1.65587e-21)
(0.0126459 -0.324898 -1.27982e-23)
(0.00967271 -0.354527 -1.02816e-21)
(0.00607037 -0.375194 -5.28157e-22)
(0.00204302 -0.385667 -5.66011e-22)
(0.0129181 -0.133785 5.45102e-23)
(0.0159678 -0.156618 -1.89907e-21)
(0.0172605 -0.184394 -1.45259e-21)
(0.0177077 -0.216998 1.45167e-21)
(0.0172663 -0.253409 -8.06669e-22)
(0.0158557 -0.290907 0)
(0.0134951 -0.325786 -9.54755e-22)
(0.010298 -0.354436 2.09615e-21)
(0.00645221 -0.374368 -1.07313e-21)
(0.00216112 -0.384444 1.10702e-21)
(0.0144211 -0.1373 -5.02576e-21)
(0.0176092 -0.15991 5.4212e-22)
(0.0188282 -0.187445 -1.11327e-22)
(0.0191859 -0.21973 1.48958e-21)
(0.0185977 -0.255597 0)
(0.0170092 -0.292314 0)
(0.0144377 -0.32629 0)
(0.0109959 -0.354093 1.12343e-21)
(0.00688145 -0.37339 0)
(0.00229704 -0.383124 0)
(0.0162882 -0.140422 0)
(0.0194833 -0.162705 2.07005e-21)
(0.0205914 -0.189918 -1.40045e-21)
(0.0208255 -0.221852 -1.68067e-21)
(0.020067 -0.257188 1.6894e-21)
(0.0182804 -0.293196 1.01889e-21)
(0.0154769 -0.326386 -1.00945e-21)
(0.0117667 -0.353471 -4.01303e-21)
(0.00735751 -0.372239 2.85642e-22)
(0.00245144 -0.381695 -9.80649e-22)
(0.0185295 -0.14305 0)
(0.021596 -0.164934 -6.71175e-22)
(0.0225638 -0.191775 -3.80011e-22)
(0.0226392 -0.22335 0)
(0.0216876 -0.258188 4.95866e-22)
(0.0196805 -0.293566 -1.49312e-21)
(0.0166197 -0.326083 1.6739e-21)
(0.0126134 -0.35257 5.99135e-22)
(0.00788066 -0.370909 -6.56145e-22)
(0.00262478 -0.380147 1.30082e-21)
(0.0211565 -0.145107 5.97013e-22)
(0.0239529 -0.166548 7.27731e-22)
(0.0247544 -0.192975 -1.59526e-22)
(0.0246352 -0.224202 2.18793e-22)
(0.0234694 -0.258589 4.68898e-22)
(0.0212185 -0.293432 7.92458e-22)
(0.0178738 -0.325393 -2.99489e-22)
(0.0135412 -0.351399 -3.24514e-22)
(0.00845318 -0.369401 6.58305e-22)
(0.00281815 -0.378475 3.57161e-22)
(0.0241789 -0.146533 -1.66629e-22)
(0.0265592 -0.16752 1.68239e-22)
(0.0271715 -0.19349 -1.95315e-22)
(0.0268195 -0.224394 -2.18503e-22)
(0.0254197 -0.258385 2.62463e-22)
(0.0229018 -0.292792 -5.3676e-22)
(0.0192461 -0.324318 4.58531e-22)
(0.0145558 -0.349961 1.64512e-22)
(0.00907851 -0.367714 0)
(0.00303294 -0.376677 -3.57962e-22)
(0.0276039 -0.147285 1.70279e-22)
(0.0294179 -0.167845 -1.71972e-22)
(0.0298224 -0.193314 -2.09188e-22)
(0.0291973 -0.223925 -2.35986e-22)
(0.0275453 -0.257576 -2.73964e-22)
(0.0247361 -0.29165 -2.03002e-23)
(0.0207421 -0.322862 1.6143e-22)
(0.0156619 -0.348256 5.23066e-22)
(0.00975973 -0.365846 0)
(0.00327021 -0.374747 -3.91074e-22)
(0.0314364 -0.147349 0)
(0.0325294 -0.167518 -7.96453e-22)
(0.0327116 -0.192453 1.44648e-21)
(0.0317719 -0.222803 2.36376e-22)
(0.029852 -0.256167 5.53972e-22)
(0.0267275 -0.290008 9.1645e-22)
(0.0223685 -0.321021 -3.27522e-22)
(0.0168657 -0.346282 -3.5503e-22)
(0.0105005 -0.363794 7.87189e-22)
(0.00353085 -0.372682 3.90166e-22)
(0.0356793 -0.146758 0)
(0.035894 -0.166535 -7.7942e-22)
(0.0358386 -0.190946 -4.35754e-22)
(0.0345458 -0.221048 0)
(0.032344 -0.254186 -1.74999e-21)
(0.02888 -0.287887 5.83411e-22)
(0.0241281 -0.318816 7.0304e-22)
(0.0181691 -0.344039 2.27862e-21)
(0.0113026 -0.361553 -7.84631e-22)
(0.00381475 -0.370472 1.69592e-21)
(0.0403267 -0.145644 0)
(0.0395134 -0.164864 7.86034e-22)
(0.0391952 -0.188836 0)
(0.0375225 -0.218671 2.21985e-21)
(0.0350241 -0.251643 -2.23125e-21)
(0.0311993 -0.285287 -1.38548e-21)
(0.0260314 -0.316237 -3.4277e-23)
(0.0195825 -0.341518 -2.34649e-21)
(0.0121701 -0.359115 -3.91126e-22)
(0.00412292 -0.368106 -2.10948e-21)
(0.0453322 -0.144006 5.59436e-21)
(0.043415 -0.162538 -2.14807e-21)
(0.0427595 -0.18615 2.58191e-22)
(0.0407061 -0.215698 -2.04898e-21)
(0.0378917 -0.24856 0)
(0.0336886 -0.282227 -1.44551e-21)
(0.0280792 -0.313301 -1.27651e-22)
(0.021106 -0.338748 3.18708e-21)
(0.0131045 -0.356497 4.38257e-22)
(0.0044548 -0.365592 -4.39966e-22)
(0.0506598 -0.141803 -6.27529e-22)
(0.047587 -0.159684 4.0465e-21)
(0.0465228 -0.182937 2.13075e-21)
(0.0440931 -0.212188 -2.12933e-21)
(0.0409458 -0.244971 -1.30546e-21)
(0.0363507 -0.278723 0)
(0.0302761 -0.310007 -3.25233e-21)
(0.0227466 -0.335714 1.63132e-21)
(0.0141132 -0.353685 1.74772e-21)
(0.00481202 -0.362921 1.8802e-21)
(0.0562399 -0.139148 -7.67191e-22)
(0.0520194 -0.156337 0)
(0.0504718 -0.179252 0)
(0.0476758 -0.208204 0)
(0.0441831 -0.240945 -1.52028e-21)
(0.0391822 -0.274854 2.82083e-21)
(0.0326147 -0.306432 3.31415e-21)
(0.0244933 -0.332473 -5.23008e-21)
(0.0151867 -0.350712 9.38704e-22)
(0.00518902 -0.360105 -2.79257e-21)
(0.0619681 -0.136186 -1.1116e-21)
(0.0567039 -0.152531 4.02782e-21)
(0.054585 -0.175136 -3.98946e-21)
(0.0514429 -0.203737 5.25525e-21)
(0.0476049 -0.236406 -6.6171e-21)
(0.0422003 -0.270479 0)
(0.0351286 -0.302416 -1.73305e-21)
(0.0263882 -0.328892 -7.29765e-23)
(0.0163595 -0.347499 -1.95252e-21)
(0.00559811 -0.357092 -1.99149e-21)
(0.0677105 -0.133095 -8.12491e-22)
(0.0616471 -0.148418 0)
(0.0588366 -0.17081 -5.38952e-21)
(0.0553522 -0.199155 1.02313e-20)
(0.0511521 -0.231875 -3.97715e-21)
(0.0453186 -0.26621 -8.15879e-22)
(0.0377047 -0.298525 1.72926e-21)
(0.028312 -0.32537 -9.03722e-23)
(0.0175424 -0.344253 2.84812e-21)
(0.00600182 -0.353991 2.94718e-21)
(0.0736346 -0.128776 -3.69763e-21)
(0.0674232 -0.142881 3.62573e-21)
(0.0636428 -0.164881 5.73536e-22)
(0.0597348 -0.192792 0)
(0.0551493 -0.225462 0)
(0.0489012 -0.260172 8.07555e-22)
(0.0407419 -0.293223 3.73317e-21)
(0.0306376 -0.320916 -3.65527e-21)
(0.0189987 -0.340478 -1.00499e-21)
(0.00650032 -0.350516 9.88303e-22)
(0.0836523 -0.128472 0)
(0.0805583 -0.140451 0)
(0.0741491 -0.162823 0)
(0.0690258 -0.190281 0)
(0.0632089 -0.222192 0)
(0.0556606 -0.25578 0)
(0.0461182 -0.287557 0)
(0.0345526 -0.314113 0)
(0.0213805 -0.332987 0)
(0.00723547 -0.342876 0)
(0.100723 -0.118023 0)
(0.102442 -0.134049 0)
(0.0927293 -0.158495 0)
(0.0864784 -0.185415 0)
(0.0784238 -0.21607 0)
(0.0684915 -0.247614 0)
(0.0563677 -0.277037 0)
(0.0420338 -0.301267 0)
(0.0259631 -0.318002 0)
(0.00892008 -0.326115 0)
(0.121775 -0.107924 0)
(0.125671 -0.12607 0)
(0.112875 -0.150678 0)
(0.105834 -0.176261 0)
(0.0949883 -0.205138 0)
(0.0822592 -0.234119 0)
(0.0670715 -0.261077 0)
(0.0496185 -0.283557 0)
(0.0304385 -0.299795 0)
(0.0101132 -0.308803 0)
(0.147794 -0.100633 0)
(0.152217 -0.119207 0)
(0.136032 -0.14276 0)
(0.128152 -0.166931 0)
(0.113848 -0.194078 0)
(0.0981039 -0.220504 0)
(0.0794181 -0.245009 0)
(0.0584223 -0.265064 0)
(0.0357656 -0.278676 0)
(0.0123967 -0.284516 0)
(0.178189 -0.0918404 0)
(0.181019 -0.108872 0)
(0.161179 -0.130035 0)
(0.1517 -0.151697 0)
(0.13274 -0.175692 0)
(0.113358 -0.198505 0)
(0.0904065 -0.220184 0)
(0.0656169 -0.238582 0)
(0.0395753 -0.252827 0)
(0.0125341 -0.262523 0)
(0.212396 -0.0846158 0)
(0.212916 -0.0995083 0)
(0.189533 -0.118889 0)
(0.178003 -0.138103 0)
(0.153804 -0.159286 0)
(0.131164 -0.179364 0)
(0.103797 -0.199136 0)
(0.0750321 -0.215545 0)
(0.0452826 -0.226826 0)
(0.0166312 -0.229081 0)
(0.248263 -0.0704662 0)
(0.242849 -0.0819744 0)
(0.216646 -0.0977502 0)
(0.201022 -0.112338 0)
(0.170859 -0.12886 0)
(0.144144 -0.144502 0)
(0.110443 -0.160422 0)
(0.0770169 -0.174679 0)
(0.0437395 -0.189238 0)
(0.0100935 -0.207474 0)
(0.282264 -0.0619865 0)
(0.273337 -0.0695894 0)
(0.246028 -0.0828223 0)
(0.226609 -0.0939205 0)
(0.193747 -0.108622 0)
(0.164376 -0.122557 0)
(0.127076 -0.138549 0)
(0.0904411 -0.153833 0)
(0.0528083 -0.168848 0)
(0.0276501 -0.163653 0)
(0.320774 -0.0348923 0)
(0.309112 -0.0382033 0)
(0.267779 -0.0461614 0)
(0.242341 -0.0514818 0)
(0.196789 -0.0601177 0)
(0.158614 -0.067049 0)
(0.107363 -0.0756588 0)
(0.0572708 -0.0842812 0)
(0.0115071 -0.102643 0)
(-0.0433835 -0.154503 0)
(0.599944 -0.0184257 0)
(0.580938 -0.0213688 0)
(0.54236 -0.0255928 0)
(0.512445 -0.0297688 0)
(0.465163 -0.0357935 0)
(0.421857 -0.0427599 0)
(0.361139 -0.053127 0)
(0.294635 -0.0689539 0)
(0.207348 -0.0985815 0)
(0.149765 -0.157391 0)
(0.0994343 -0.115576 3.77012e-21)
(0.118539 -0.105021 -3.7122e-21)
(0.139908 -0.0952277 6.2624e-22)
(0.16538 -0.0881178 0)
(0.195861 -0.079893 0)
(0.22881 -0.0734546 9.87408e-22)
(0.264386 -0.0609461 -4.74391e-21)
(0.296905 -0.0543546 4.67502e-21)
(0.34704 -0.0303759 1.33906e-21)
(0.620592 -0.0161701 -1.36157e-21)
(0.104998 -0.109928 -3.45523e-21)
(0.124017 -0.0993617 0)
(0.14513 -0.0899455 4.53106e-21)
(0.170289 -0.0830414 -1.102e-20)
(0.200751 -0.0751302 7.47845e-21)
(0.233681 -0.0690705 -9.2841e-22)
(0.26928 -0.0571731 2.01519e-21)
(0.30214 -0.0513397 4.59426e-21)
(0.356753 -0.0286216 1.23674e-21)
(0.628745 -0.0152135 1.27198e-21)
(0.109821 -0.103735 3.97394e-21)
(0.128735 -0.0934413 -4.16426e-21)
(0.14946 -0.084567 4.12481e-21)
(0.174439 -0.0779336 -5.87273e-21)
(0.204648 -0.0704242 4.24796e-21)
(0.237697 -0.0648188 0)
(0.27319 -0.0535865 -2.02001e-21)
(0.30694 -0.0484932 -5.30552e-23)
(0.36537 -0.0270211 -2.34331e-21)
(0.636538 -0.0142983 -2.51806e-21)
(0.114412 -0.0971349 -6.81936e-22)
(0.133565 -0.0873629 0)
(0.15399 -0.079137 0)
(0.17887 -0.0728129 0)
(0.20879 -0.0657614 4.84866e-21)
(0.241901 -0.0606684 -3.31013e-21)
(0.27709 -0.0501617 -1.45649e-22)
(0.311815 -0.0457507 -2.33572e-21)
(0.373404 -0.0255661 -1.18575e-21)
(0.644128 -0.0134667 -1.2261e-21)
(0.118491 -0.090226 7.40058e-22)
(0.138061 -0.0812115 -2.18063e-21)
(0.158304 -0.0736956 -2.36576e-21)
(0.1831 -0.0677295 2.36428e-21)
(0.212856 -0.0611772 -1.51655e-21)
(0.246038 -0.0566047 0)
(0.280902 -0.0468835 -1.95411e-21)
(0.316619 -0.0430908 4.40578e-21)
(0.380983 -0.024229 -2.21062e-21)
(0.651414 -0.0127308 2.43514e-21)
(0.12191 -0.0830366 -5.11964e-21)
(0.141961 -0.0750108 2.00303e-22)
(0.162092 -0.0682505 -4.04671e-22)
(0.186783 -0.062705 2.30517e-21)
(0.216435 -0.0566953 0)
(0.24971 -0.0526438 0)
(0.284403 -0.0437474 0)
(0.321035 -0.0405224 2.09135e-21)
(0.388037 -0.0229961 0)
(0.658284 -0.0120842 0)
(0.124594 -0.0755963 0)
(0.14522 -0.0687608 2.6455e-21)
(0.16531 -0.0627932 -1.84297e-21)
(0.189877 -0.0577335 -2.65793e-21)
(0.219425 -0.0523078 2.67173e-21)
(0.252781 -0.0487945 1.75579e-21)
(0.287461 -0.0407432 -1.64571e-21)
(0.324916 -0.0380574 -7.18309e-21)
(0.394428 -0.0218626 5.06985e-22)
(0.664655 -0.0115117 -1.71488e-21)
(0.126454 -0.0679459 0)
(0.147801 -0.0624602 -8.05253e-22)
(0.167952 -0.0573162 -4.91993e-22)
(0.192394 -0.0528034 0)
(0.221841 -0.0479949 8.15307e-22)
(0.255258 -0.0450482 -2.33338e-21)
(0.290029 -0.0378535 2.80426e-21)
(0.328243 -0.0356949 1.0884e-21)
(0.400108 -0.0208224 -1.06565e-21)
(0.670516 -0.0110037 2.29226e-21)
(0.127397 -0.0601289 4.86185e-22)
(0.14965 -0.0561071 8.68731e-22)
(0.169977 -0.0518126 -1.45347e-22)
(0.194311 -0.047904 2.92187e-22)
(0.223675 -0.0437389 6.97783e-22)
(0.257153 -0.0413885 1.20549e-21)
(0.292086 -0.0350598 -4.45201e-22)
(0.33102 -0.03343 -4.94709e-22)
(0.405024 -0.0198588 1.06916e-21)
(0.675831 -0.0105478 5.50418e-22)
(0.127349 -0.0521908 -1.62018e-22)
(0.150714 -0.049696 1.64028e-22)
(0.171337 -0.0462715 -2.40044e-22)
(0.19559 -0.0430217 -2.91793e-22)
(0.224891 -0.0395233 3.65748e-22)
(0.258449 -0.0377971 -7.66464e-22)
(0.293605 -0.0323443 6.77499e-22)
(0.333232 -0.0312543 2.6103e-22)
(0.409135 -0.0189524 0)
(0.680586 -0.0101312 -5.51624e-22)
(0.126285 -0.0441826 1.58587e-22)
(0.150964 -0.0432197 -1.60559e-22)
(0.172001 -0.0406783 -2.31921e-22)
(0.196206 -0.0381386 -2.83433e-22)
(0.22546 -0.0353302 -3.60932e-22)
(0.259129 -0.0342551 -2.28627e-23)
(0.294561 -0.0296888 2.04926e-22)
(0.334856 -0.0291565 7.11289e-22)
(0.412415 -0.0180871 0)
(0.684798 -0.00974501 -5.34179e-22)
(0.124223 -0.0361686 0)
(0.150392 -0.0366701 -8.19482e-22)
(0.171952 -0.0350152 1.51634e-21)
(0.196157 -0.033233 2.83897e-22)
(0.225371 -0.0311385 6.6213e-22)
(0.259178 -0.0307414 1.15408e-21)
(0.294934 -0.0270737 -4.33591e-22)
(0.335868 -0.0271239 -4.79956e-22)
(0.414842 -0.0172518 1.0093e-21)
(0.688451 -0.00938312 5.32932e-22)
(0.12122 -0.0282361 0)
(0.148994 -0.0300398 -7.05108e-22)
(0.171189 -0.0292636 -4.59715e-22)
(0.195443 -0.0282803 0)
(0.224621 -0.0269242 -2.08262e-21)
(0.25859 -0.0272327 6.61921e-22)
(0.294712 -0.0244784 8.1012e-22)
(0.336257 -0.0251424 2.78298e-21)
(0.416423 -0.0164365 -1.00602e-21)
(0.69158 -0.00904171 2.08095e-21)
(0.117358 -0.0204917 0)
(0.146757 -0.0233268 7.11076e-22)
(0.169704 -0.023408 0)
(0.194066 -0.0232559 2.42225e-21)
(0.223216 -0.0226622 -2.43469e-21)
(0.257362 -0.0237044 -1.6062e-21)
(0.29389 -0.0218817 -8.97186e-23)
(0.336016 -0.0231986 -2.78187e-21)
(0.417144 -0.0156326 -4.60444e-22)
(0.694128 -0.00871506 -2.57261e-21)
(0.112766 -0.0130628 4.17098e-21)
(0.143688 -0.0165375 -1.52787e-21)
(0.167506 -0.0174389 4.09445e-22)
(0.192035 -0.0181365 -2.01718e-21)
(0.221167 -0.0183279 0)
(0.255504 -0.0201323 -1.60425e-21)
(0.292476 -0.019263 -1.64764e-22)
(0.335161 -0.021279 3.63768e-21)
(0.41709 -0.0148296 4.9994e-22)
(0.696193 -0.00839966 -4.99651e-22)
(0.107619 -0.00610008 -6.63053e-22)
(0.139824 -0.00969117 3.11899e-21)
(0.164616 -0.0113533 2.01736e-21)
(0.189367 -0.0129018 -2.016e-21)
(0.21849 -0.0138987 -1.31718e-21)
(0.25302 -0.016493 0)
(0.29046 -0.0166015 -3.4692e-21)
(0.33367 -0.0193744 1.72568e-21)
(0.416157 -0.014017 1.89721e-21)
(0.697626 -0.00808471 2.02018e-21)
(0.102137 0.000231031 -4.97631e-22)
(0.135237 -0.00282324 0)
(0.161071 -0.00515573 0)
(0.186097 -0.00753508 0)
(0.215225 -0.00935362 -1.53344e-21)
(0.249964 -0.0127652 2.84572e-21)
(0.287911 -0.0138804 3.46976e-21)
(0.331646 -0.0174769 -5.46254e-21)
(0.414717 -0.013182 9.86582e-22)
(0.698682 -0.00776561 -2.97443e-21)
(0.0965961 0.00579877 -7.57879e-22)
(0.130085 0.00402532 3.22844e-21)
(0.156935 0.00114157 -3.19789e-21)
(0.182243 -0.00202711 4.95354e-21)
(0.211348 -0.00467431 -6.24708e-21)
(0.246249 -0.00892133 0)
(0.284676 -0.0110643 -1.71498e-21)
(0.32887 -0.0155751 -1.61907e-23)
(0.412092 -0.0123078 -1.92676e-21)
(0.698957 -0.00742254 -2.00303e-21)
(0.0908537 0.010686 -5.0229e-22)
(0.124413 0.0109208 0)
(0.152335 0.00756506 -4.60274e-21)
(0.178044 0.00362159 9.11099e-21)
(0.207221 0.000122364 -3.60297e-21)
(0.242374 -0.00499337 -7.79424e-22)
(0.281339 -0.00819836 1.7112e-21)
(0.32603 -0.013709 -5.06789e-23)
(0.41004 -0.011375 2.79362e-21)
(0.699126 -0.00704506 2.93835e-21)
(0.0837872 0.0159109 -2.38522e-21)
(0.116836 0.0185616 2.33101e-21)
(0.145698 0.0146512 4.64179e-22)
(0.171929 0.00985256 0)
(0.201163 0.00539579 0)
(0.236535 -0.000664667 7.74081e-22)
(0.276132 -0.00499239 3.57703e-21)
(0.321283 -0.011719 -3.49407e-21)
(0.404665 -0.0103827 -9.52645e-22)
(0.698167 -0.00662234 9.01865e-22)
(0.0834547 0.0318373 0)
(0.11506 0.036147 0)
(0.143727 0.0297007 0)
(0.169637 0.0233135 0)
(0.198217 0.0167058 0)
(0.232887 0.00847146 0)
(0.271873 0.00158869 0)
(0.317212 -0.00776838 0)
(0.404371 -0.00752752 0)
(0.697082 -0.00537666 0)
(0.0848814 0.0606342 0)
(0.112925 0.0671618 0)
(0.138523 0.0560522 0)
(0.162811 0.04709 0)
(0.190805 0.0367162 0)
(0.224822 0.0246595 0)
(0.263944 0.0134936 0)
(0.312785 -0.00028709 0)
(0.411059 -0.00303886 0)
(0.708976 -0.00319529 0)
(0.0815723 0.0940349 0)
(0.106256 0.100867 0)
(0.127906 0.0844246 0)
(0.150193 0.0731847 0)
(0.177068 0.0587739 0)
(0.209408 0.0427056 0)
(0.247222 0.0268028 0)
(0.297171 0.00850911 0)
(0.399853 0.00176723 0)
(0.699432 -0.00183376 0)
(0.0765245 0.131361 0)
(0.0966604 0.136835 0)
(0.114857 0.114882 0)
(0.136021 0.102381 0)
(0.162027 0.0835289 0)
(0.193152 0.0632612 0)
(0.231479 0.0421717 0)
(0.286881 0.0194563 0)
(0.402424 0.00713513 0)
(0.709023 8.27716e-05 0)
(0.0667104 0.173065 0)
(0.0814526 0.175575 0)
(0.096849 0.149419 0)
(0.115923 0.136364 0)
(0.138726 0.112265 0)
(0.166318 0.0880631 0)
(0.202258 0.0616868 0)
(0.258136 0.034343 0)
(0.377388 0.0158869 0)
(0.685524 0.00180719 0)
(0.0582505 0.218585 0)
(0.0678167 0.219192 0)
(0.0821591 0.18971 0)
(0.097985 0.175884 0)
(0.117933 0.146013 0)
(0.143456 0.119401 0)
(0.180287 0.088235 0)
(0.242288 0.0564425 0)
(0.374334 0.0299116 0)
(0.687707 0.00661448 0)
(0.0376372 0.272725 0)
(0.042898 0.271656 0)
(0.0537468 0.239351 0)
(0.0642036 0.225679 0)
(0.0798293 0.191865 0)
(0.100653 0.166196 0)
(0.134219 0.131831 0)
(0.193728 0.0975061 0)
(0.323555 0.0616175 0)
(0.633 0.0147927 0)
(0.0330376 0.350054 0)
(0.0368314 0.350662 0)
(0.0468133 0.314531 0)
(0.0548691 0.302973 0)
(0.0692112 0.265547 0)
(0.087629 0.243058 0)
(0.120943 0.204992 0)
(0.181994 0.171327 0)
(0.311778 0.121589 0)
(0.605179 0.0354121 0)
(-0.00221905 0.499961 0)
(-0.00305282 0.503061 0)
(-0.000556994 0.472623 0)
(0.00101316 0.467075 0)
(0.00751925 0.435386 0)
(0.0187039 0.420374 0)
(0.0441002 0.382664 0)
(0.0944859 0.346927 0)
(0.201297 0.263334 0)
(0.451549 0.0759433 0)
(0.010625 0.714311 0)
(0.0141844 0.716958 0)
(0.0186586 0.705051 0)
(0.0252253 0.702942 0)
(0.0344577 0.685279 0)
(0.0484833 0.671953 0)
(0.0701949 0.636371 0)
(0.106021 0.584012 0)
(0.170936 0.451675 0)
(0.317432 0.151093 0)
(0.0607252 0.037388 2.49695e-21)
(0.0703743 0.0732497 -2.46449e-21)
(0.0698263 0.110321 4.15941e-22)
(0.0657318 0.149758 0)
(0.0570858 0.193096 0)
(0.0494634 0.238825 7.0758e-22)
(0.0317461 0.294545 -3.38215e-21)
(0.0273799 0.373803 3.35507e-21)
(-0.00305849 0.520086 9.47523e-22)
(0.0094325 0.720445 -9.5789e-22)
(0.0520569 0.0397417 -2.50836e-21)
(0.0640752 0.0779281 0)
(0.0649954 0.115981 3.08222e-21)
(0.0615215 0.155877 -7.56549e-21)
(0.0533939 0.199544 5.18398e-21)
(0.0461524 0.24573 -6.64324e-22)
(0.0294847 0.302188 1.39739e-21)
(0.0251748 0.382647 3.18761e-21)
(-0.00338409 0.527602 8.15164e-22)
(0.00891474 0.722052 8.63245e-22)
(0.0444269 0.0411096 2.9561e-21)
(0.0578583 0.081677 -2.75991e-21)
(0.0601982 0.120997 2.73322e-21)
(0.0574185 0.161414 -4.02383e-21)
(0.0498689 0.205245 2.89702e-21)
(0.0430708 0.25195 0)
(0.027393 0.309005 -1.40074e-21)
(0.0231804 0.390747 -5.92806e-23)
(-0.00372323 0.534496 -1.59346e-21)
(0.00832228 0.723234 -1.71778e-21)
(0.0376819 0.0418254 -4.93553e-22)
(0.0519213 0.0846819 0)
(0.0555557 0.125645 0)
(0.0534861 0.166823 0)
(0.0465273 0.210962 3.30122e-21)
(0.040198 0.258149 -2.26463e-21)
(0.0254569 0.315708 -1.16759e-22)
(0.0213941 0.398492 -1.5904e-21)
(-0.00403318 0.540992 -7.87795e-22)
(0.00768463 0.724596 -8.16852e-22)
(0.0317334 0.0419845 2.47786e-22)
(0.0463626 0.0868516 -1.58341e-21)
(0.0511441 0.129622 -1.57172e-21)
(0.0497893 0.171743 1.57058e-21)
(0.0434167 0.21636 -1.02154e-21)
(0.0375539 0.264089 0)
(0.0236744 0.322191 -1.30626e-21)
(0.0198013 0.405785 2.92238e-21)
(-0.00425857 0.547031 -1.44339e-21)
(0.00705123 0.726063 1.62364e-21)
(0.0265279 0.0415659 -4.08398e-21)
(0.0412203 0.0881241 3.07351e-22)
(0.0469963 0.132749 -2.44048e-22)
(0.0463487 0.176006 1.52271e-21)
(0.0405598 0.221124 0)
(0.0351617 0.269482 0)
(0.0220547 0.32817 0)
(0.0183938 0.412431 1.35554e-21)
(-0.00437519 0.552471 0)
(0.0064501 0.727363 0)
(0.0220539 0.0405576 0)
(0.0365123 0.0884667 1.82291e-21)
(0.0431445 0.134973 -1.25223e-21)
(0.0431638 0.179525 -1.72541e-21)
(0.0379471 0.225187 1.73431e-21)
(0.0330302 0.274217 1.1213e-21)
(0.0206001 0.333469 -1.02479e-21)
(0.0171647 0.418313 -4.57103e-21)
(-0.00439142 0.557222 3.19641e-22)
(0.00588561 0.728331 -1.05707e-21)
(0.0183391 0.0389736 0)
(0.0322538 0.0878537 -5.72162e-22)
(0.0396006 0.136266 -3.25871e-22)
(0.0402454 0.182211 0)
(0.0355756 0.228593 5.21721e-22)
(0.0311338 0.278348 -1.47277e-21)
(0.019302 0.338011 1.7399e-21)
(0.0160992 0.423425 7.03109e-22)
(-0.00433388 0.561252 -6.11479e-22)
(0.0053482 0.728923 1.41165e-21)
(0.0154505 0.0368569 5.01417e-22)
(0.0284629 0.0862732 6.04639e-22)
(0.0363707 0.136593 -1.25446e-22)
(0.0376038 0.184024 1.84473e-22)
(0.0334639 0.231297 4.37743e-22)
(0.0294397 0.281793 7.47286e-22)
(0.018152 0.341727 -2.62161e-22)
(0.0151924 0.427784 -2.96366e-22)
(-0.00422866 0.564556 6.13497e-22)
(0.00483445 0.729204 3.20469e-22)
(0.0134945 0.0342887 -1.35407e-22)
(0.0251682 0.0837423 1.36901e-22)
(0.0334619 0.135912 -1.59268e-22)
(0.0352379 0.184937 -1.84223e-22)
(0.0315995 0.233228 2.20334e-22)
(0.0279291 0.284459 -4.6402e-22)
(0.0171626 0.344749 3.98085e-22)
(0.014421 0.431456 1.59653e-22)
(-0.00410453 0.567117 0)
(0.0043453 0.729213 -3.21176e-22)
(0.00926275 -0.00672211 0)
(0.0228713 -0.0142407 0)
(0.0336926 -0.0175324 -1.09208e-20)
(0.0415516 -0.018659 0)
(0.0470879 -0.0182808 4.79423e-21)
(0.050816 -0.0168535 -4.44292e-21)
(0.0531625 -0.0146886 0)
(0.0544879 -0.0119853 0)
(0.0551732 -0.00879001 -7.26257e-21)
(0.0555237 -0.00520379 1.38324e-20)
(0.0109554 -0.00684827 0)
(0.0260872 -0.0141063 -8.86343e-21)
(0.0375323 -0.0171802 -2.90781e-21)
(0.0455309 -0.0182404 -1.03797e-20)
(0.0509148 -0.0179528 -4.83993e-21)
(0.0543287 -0.0167546 -1.34122e-20)
(0.0562854 -0.0149346 0)
(0.0572012 -0.0126753 0)
(0.0574769 -0.0100214 0)
(0.0574151 -0.00708317 -1.94746e-22)
(0.0126609 -0.00678122 0)
(0.0291386 -0.0136616 -3.31591e-21)
(0.0409654 -0.016574 5.3666e-21)
(0.0488805 -0.017678 7.78278e-21)
(0.053927 -0.0176155 -1.00879e-22)
(0.0568877 -0.0167849 -4.48505e-23)
(0.0583626 -0.0154379 8.28616e-21)
(0.0588199 -0.013728 -7.62848e-21)
(0.0586774 -0.0116787 1.40566e-20)
(0.0582348 -0.00937215 -1.32639e-20)
(0.0142924 -0.0064945 -1.54874e-21)
(0.0318698 -0.0128959 9.02985e-21)
(0.043826 -0.0157356 1.41964e-20)
(0.0514526 -0.0170199 -1.60677e-20)
(0.0560123 -0.0173348 9.77852e-21)
(0.0584242 -0.01702 9.04469e-21)
(0.0593689 -0.0162802 -4.11473e-21)
(0.0593566 -0.0152346 1.5176e-20)
(0.058814 -0.013884 -1.94092e-22)
(0.0580486 -0.0122781 -6.65039e-21)
(0.015755 -0.00598177 -1.64374e-21)
(0.0341246 -0.011831 1.56174e-21)
(0.045965 -0.0147155 0)
(0.0531331 -0.0163322 1.34601e-20)
(0.0571048 -0.0171791 -2.50138e-21)
(0.0589237 -0.01752 -7.27162e-23)
(0.0593371 -0.0175057 -4.20562e-21)
(0.0588828 -0.017222 -1.13403e-20)
(0.0579826 -0.0166573 6.33184e-23)
(0.056963 -0.015822 9.6032e-21)
(0.0169504 -0.00525836 0)
(0.0357579 -0.0105216 -9.99937e-21)
(0.0472617 -0.0135898 3.03462e-21)
(0.0538489 -0.0156944 -8.41623e-21)
(0.0571868 -0.0172159 2.55739e-21)
(0.0584217 -0.0183297 1.8371e-23)
(0.0583477 -0.0191299 2.01541e-23)
(0.0575149 -0.0196729 7.58549e-21)
(0.0563163 -0.0199507 -1.03965e-20)
(0.0550592 -0.0199103 9.67428e-21)
(0.0177854 -0.00436238 8.99217e-22)
(0.0366476 -0.00905334 6.70842e-21)
(0.047632 -0.0124557 0)
(0.0535708 -0.0151937 8.48733e-21)
(0.0562847 -0.0175083 -7.89244e-21)
(0.0569922 -0.0194802 -2.32509e-21)
(0.0565116 -0.02115 6.39834e-21)
(0.0553911 -0.0225425 0)
(0.0539992 -0.0236267 0)
(0.0525764 -0.0244238 0)
(0.0181768 -0.00335348 -9.45089e-22)
(0.0367061 -0.007538 -2.74535e-21)
(0.0470341 -0.0114246 3.31636e-21)
(0.0523119 -0.0149196 4.46064e-21)
(0.0544608 -0.018113 3.91938e-21)
(0.0547348 -0.0209915 2.43636e-21)
(0.053952 -0.0235495 0)
(0.0526413 -0.0257912 3.84559e-21)
(0.0511426 -0.0276936 -1.82095e-21)
(0.0496758 -0.029325 0)
(0.018063 -0.00231197 0)
(0.0358814 -0.00610587 5.54325e-21)
(0.045469 -0.0106133 -3.31572e-21)
(0.0501238 -0.0149588 -2.99977e-21)
(0.0518056 -0.0190782 4.03702e-23)
(0.0517642 -0.0228733 -1.18384e-21)
(0.0507938 -0.0263026 1.12015e-21)
(0.0493907 -0.0293628 0)
(0.0478601 -0.0320516 -1.78066e-21)
(0.0463934 -0.0344519 -1.61642e-21)
(0.0174194 -0.00132942 1.33068e-22)
(0.0341718 -0.00489554 -2.14014e-21)
(0.0429828 -0.0101406 -2.11174e-22)
(0.0470924 -0.0153918 1.10475e-23)
(0.0484309 -0.020444 -1.03281e-21)
(0.0482041 -0.0251286 0)
(0.0471623 -0.0293809 -1.11988e-21)
(0.0457607 -0.0332008 0)
(0.0442677 -0.0366096 0)
(0.0428434 -0.0396933 0)
(0.016283 -0.000500407 -2.80234e-22)
(0.0316425 -0.00404208 0)
(0.03967 -0.0101142 0)
(0.0433349 -0.0162872 -1.25081e-21)
(0.0444643 -0.022241 3.43825e-22)
(0.0441828 -0.0277562 -2.47091e-23)
(0.0431801 -0.0327585 -5.91628e-22)
(0.0418664 -0.037259 0)
(0.0404755 -0.0413022 0)
(0.039138 -0.0449711 0)
(0.0146859 9.37647e-05 0)
(0.0283748 -0.00365445 -1.03448e-21)
(0.0356427 -0.0106218 9.54054e-22)
(0.0389769 -0.0177004 1.65055e-21)
(0.0400327 -0.0244939 0)
(0.0398202 -0.0307566 1.30336e-21)
(0.0389575 -0.0364184 -1.21207e-21)
(0.0378095 -0.0415083 0)
(0.0365803 -0.0460915 1.85997e-21)
(0.035374 -0.0502433 -1.80057e-21)
(0.0126501 0.000371325 0)
(0.0244602 -0.00383887 8.80888e-21)
(0.0310263 -0.0117414 0)
(0.0341548 -0.0196767 6.96811e-21)
(0.0352683 -0.0272204 0)
(0.0352375 -0.034128 -5.49934e-21)
(0.0346027 -0.040347 0)
(0.0336871 -0.0459295 4.24215e-21)
(0.0326717 -0.0509577 -3.9731e-21)
(0.0316378 -0.0554949 -3.6358e-21)
(0.0102496 0.000259672 -2.44989e-21)
(0.0200372 -0.00468445 -4.28536e-21)
(0.025975 -0.013534 -2.02498e-21)
(0.029018 -0.0222483 -3.51248e-21)
(0.030306 -0.0304305 -3.19227e-21)
(0.0305514 -0.0378664 2.77914e-21)
(0.0302154 -0.0445339 2.52967e-21)
(0.0295855 -0.0505109 1.32926e-22)
(0.0288266 -0.055894 4.05176e-21)
(0.0280001 -0.060728 3.63827e-21)
(0.0075856 -0.000295038 -2.61741e-21)
(0.0152704 -0.00625308 -4.48741e-21)
(0.0206583 -0.0160378 -8.01666e-21)
(0.0237222 -0.0254318 3.66822e-21)
(0.0252803 -0.0341258 0)
(0.0258745 -0.0419647 0)
(0.0258886 -0.0489685 -4.92747e-21)
(0.0255819 -0.0552444 -4.38958e-21)
(0.0251107 -0.0608994 4.06293e-21)
(0.0245183 -0.0659536 -3.57167e-21)
(0.00477272 -0.00132455 2.56094e-21)
(0.0103388 -0.00857651 2.123e-21)
(0.0152531 -0.0192674 -1.25618e-20)
(0.0184251 -0.0292282 1.81825e-20)
(0.0203251 -0.0382985 -3.29418e-21)
(0.0213177 -0.0464111 0)
(0.0217119 -0.0536382 0)
(0.0217468 -0.0601197 2.26371e-20)
(0.0215785 -0.0659715 -2.04643e-20)
(0.0212353 -0.0711817 -1.11921e-20)
(0.00193304 -0.00283636 2.16638e-20)
(0.00542752 -0.0116548 0)
(0.00993811 -0.0232132 1.6537e-20)
(0.0132832 -0.0336233 -1.46173e-20)
(0.0155735 -0.0429332 0)
(0.0169924 -0.05119 5.6583e-21)
(0.0177759 -0.0585277 -1.55929e-20)
(0.0181487 -0.0651224 -1.8212e-20)
(0.0182759 -0.0711015 8.46586e-21)
(0.0181794 -0.0764135 7.70058e-21)
(-0.000810213 -0.00481294 -4.32874e-20)
(0.000720491 -0.0154559 -4.59673e-21)
(0.00488784 -0.0278412 -8.24889e-21)
(0.00844947 -0.0385882 -1.84115e-20)
(0.0111581 -0.0480083 -6.38716e-21)
(0.0130156 -0.0562864 -5.67168e-21)
(0.0141825 -0.0636245 -3.75266e-23)
(0.0148674 -0.0702376 0)
(0.0152536 -0.0762751 0)
(0.0153776 -0.0816434 1.56115e-20)
(-0.00333948 -0.0072127 2.1624e-20)
(-0.00360807 -0.0199164 -1.84414e-20)
(0.000266253 -0.0330941 1.25133e-20)
(0.00406776 -0.0440806 2.55647e-20)
(0.00720882 -0.0534997 -6.62712e-21)
(0.00951535 -0.0616928 5.72257e-21)
(0.0110673 -0.0689305 5.07991e-21)
(0.0120489 -0.0754623 0)
(0.0126618 -0.0814737 0)
(0.0129543 -0.0868487 -7.87569e-21)
(-0.00554977 -0.00997303 -2.65006e-21)
(-0.00740146 -0.0249444 2.2938e-20)
(-0.0037809 -0.0388919 -4.14433e-21)
(0.000264214 -0.0500462 0)
(0.00384165 -0.0593866 0)
(0.00662022 -0.0674305 1.15585e-20)
(0.00861079 -0.0745159 0)
(0.00998057 -0.0809063 -9.16107e-21)
(0.0109336 -0.0867992 2.91557e-22)
(0.0114 -0.092064 8.0419e-21)
(-0.00735424 -0.0130156 0)
(-0.0105276 -0.0304239 0)
(-0.00713337 -0.0451328 -1.56664e-20)
(-0.00286485 -0.0564145 0)
(0.00113009 -0.0656464 6.25898e-21)
(0.00439102 -0.073563 -5.80058e-21)
(0.00688299 -0.080629 0)
(0.00876485 -0.0872191 0)
(0.0101737 -0.0937023 -8.46906e-21)
(0.0108448 -0.100362 1.64199e-20)
(-0.00867557 -0.0162377 0)
(-0.0128734 -0.0362102 -1.25848e-20)
(-0.00969343 -0.0516858 -3.38042e-21)
(-0.0052534 -0.0630783 -1.36239e-20)
(-0.000907618 -0.0721874 -6.1481e-21)
(0.00276396 -0.0799819 -1.6869e-20)
(0.00566104 -0.0870448 0)
(0.00788463 -0.0937817 0)
(0.00948842 -0.100471 0)
(0.010266 -0.107123 1.10802e-23)
(-0.00945576 -0.01951 0)
(-0.0143553 -0.0421225 -3.2552e-21)
(-0.0113887 -0.0583859 8.06493e-21)
(-0.00685333 -0.0698899 1.02387e-20)
(-0.00225598 -0.0788579 3.44601e-22)
(0.00171747 -0.0864863 2.38175e-22)
(0.00489586 -0.0934452 1.00246e-20)
(0.00732295 -0.100115 -9.2399e-21)
(0.00902744 -0.10665 1.71166e-20)
(0.00994783 -0.112936 -1.65146e-20)
(-0.00967246 -0.0227046 -2.22472e-21)
(-0.0149304 -0.0479723 1.2151e-20)
(-0.0121762 -0.0650546 1.80723e-20)
(-0.00763039 -0.0766858 -1.90128e-20)
(-0.00289032 -0.0854941 1.20292e-20)
(0.00127705 -0.0928905 1.09849e-20)
(0.0046408 -0.0996176 -5.03037e-21)
(0.00720704 -0.106029 1.83981e-20)
(0.00901504 -0.112209 -1.06778e-22)
(0.0101145 -0.118039 -8.26538e-21)
(-0.00933248 -0.0256955 -1.99768e-21)
(-0.0145925 -0.0535675 1.89819e-21)
(-0.0120396 -0.0715067 0)
(-0.00756472 -0.0832981 1.56772e-20)
(-0.00278789 -0.0919408 -2.84035e-21)
(0.00147446 -0.0990505 7.81895e-23)
(0.0049469 -0.105447 -4.87192e-21)
(0.00761126 -0.111484 -1.35515e-20)
(0.00952301 -0.117237 -2.85124e-23)
(0.0107945 -0.122629 1.2312e-20)
(-0.00846956 -0.0283629 0)
(-0.0133714 -0.0587201 -9.91129e-21)
(-0.0109903 -0.077558 3.13513e-21)
(-0.00665455 -0.0895623 -8.60376e-21)
(-0.00193665 -0.0980568 2.70812e-21)
(0.00233191 -0.104853 7.0094e-23)
(0.00584631 -0.110863 4.89499e-23)
(0.00856985 -0.116473 8.96288e-21)
(0.0105665 -0.121785 -1.26082e-20)
(0.0119757 -0.12678 1.22548e-20)
(-0.0071426 -0.0306003 8.62876e-22)
(-0.0113317 -0.0632553 6.51144e-21)
(-0.00906891 -0.0830325 0)
(-0.00491881 -0.0953219 8.45137e-21)
(-0.000339344 -0.103713 -7.62634e-21)
(0.00385847 -0.110204 -2.46518e-21)
(0.0073553 -0.115809 6.977e-21)
(0.0100984 -0.120977 0)
(0.01215 -0.125856 0)
(0.013653 -0.130483 0)
(-0.00543216 -0.0323187 -7.61165e-22)
(-0.00857123 -0.0670185 -1.98293e-21)
(-0.00634442 -0.0877688 2.59144e-21)
(-0.00239857 -0.100431 3.80503e-21)
(0.00198428 -0.108792 3.84598e-21)
(0.00604856 -0.115015 2.30412e-21)
(0.00947572 -0.120232 0)
(0.0121996 -0.124968 4.33496e-21)
(0.0142732 -0.12943 -2.01945e-21)
(0.0158266 -0.133702 0)
(-0.0034361 -0.0334475 0)
(-0.00521766 -0.0698797 3.9237e-21)
(-0.00291364 -0.0916231 -2.59082e-21)
(0.000842402 -0.104757 -2.493e-21)
(0.00499636 -0.113184 -5.71479e-23)
(0.00888138 -0.119208 -1.19945e-21)
(0.012196 -0.124077 1.07236e-21)
(0.0148653 -0.128408 0)
(0.0169298 -0.132471 -2.04028e-21)
(0.0184964 -0.136392 -2.04095e-21)
(-0.00126569 -0.0339573 7.49861e-23)
(-0.00142603 -0.0717499 -1.36629e-21)
(0.00109859 -0.0944804 -1.55806e-22)
(0.00471631 -0.108182 -1.86602e-23)
(0.00863954 -0.116787 -8.672e-22)
(0.0123205 -0.122703 0)
(0.0154922 -0.127289 -1.07202e-21)
(0.0180783 -0.131255 0)
(0.0201085 -0.134941 0)
(0.0216599 -0.13851 0)
(0.000968446 -0.0339289 -1.30868e-22)
(0.00263587 -0.0726443 0)
(0.00554589 -0.0962986 0)
(0.00911373 -0.110637 -7.28523e-22)
(0.0128374 -0.119531 2.89187e-22)
(0.016314 -0.12544 3.44832e-23)
(0.0193281 -0.12982 -4.96287e-22)
(0.0218122 -0.133472 0)
(0.0237919 -0.136805 0)
(0.025313 -0.140019 0)
(0.00318369 -0.0333964 0)
(0.00683338 -0.0725538 -4.81446e-22)
(0.0102917 -0.0970186 4.43994e-22)
(0.0139194 -0.112046 9.98483e-22)
(0.0175008 -0.121335 0)
(0.0207958 -0.127349 1.0289e-21)
(0.0236551 -0.131615 -9.56825e-22)
(0.0260306 -0.135016 0)
(0.0279546 -0.13803 2.02034e-21)
(0.0294473 -0.140892 -1.94535e-21)
(0.0052947 -0.0323427 0)
(0.0110188 -0.071465 3.05812e-21)
(0.015185 -0.0966036 0)
(0.0190019 -0.112348 3.42251e-21)
(0.0225281 -0.122134 0)
(0.0256882 -0.12837 -3.71951e-21)
(0.0284138 -0.132623 0)
(0.0306864 -0.135849 4.02437e-21)
(0.0325561 -0.138588 -3.76913e-21)
(0.0340405 -0.141118 -3.98718e-21)
(0.00721991 -0.0308147 -7.00642e-22)
(0.0150384 -0.069421 -1.61882e-21)
(0.0200648 -0.0950614 -7.13342e-22)
(0.0242169 -0.111513 -1.6571e-21)
(0.0277993 -0.121877 -1.63065e-21)
(0.0308969 -0.128448 1.80204e-21)
(0.0335298 -0.132797 1.78294e-21)
(0.0357184 -0.135935 -1.81975e-22)
(0.037536 -0.138458 3.72103e-21)
(0.0390352 -0.140667 3.98387e-21)
(0.00889359 -0.0288903 -5.46525e-22)
(0.0187529 -0.0665078 -1.39268e-21)
(0.0247722 -0.0924356 -2.91443e-21)
(0.0294138 -0.109543 1.40561e-21)
(0.033184 -0.120539 0)
(0.0363146 -0.127541 0)
(0.0389158 -0.132092 -3.8359e-21)
(0.0410577 -0.135236 -3.93965e-21)
(0.0428589 -0.137608 3.816e-21)
(0.0443789 -0.139539 -4.32653e-21)
(0.010267 -0.0266559 5.30369e-22)
(0.0220426 -0.0628383 7.59023e-22)
(0.0291572 -0.088803 -3.4114e-21)
(0.0344401 -0.106472 7.10154e-21)
(0.0385438 -0.118112 -1.44127e-21)
(0.0418228 -0.125621 0)
(0.0444727 -0.130471 0)
(0.0466168 -0.133717 1.88188e-20)
(0.0484308 -0.136026 -1.89975e-20)
(0.0500127 -0.137748 -1.25815e-20)
(0.0113093 -0.0242015 2.95162e-21)
(0.0248113 -0.0585451 0)
(0.0330847 -0.0842703 4.92088e-21)
(0.0391476 -0.102359 -5.5414e-21)
(0.0437361 -0.114615 0)
(0.0472943 -0.122675 3.48684e-21)
(0.0500893 -0.127902 -1.00993e-20)
(0.0522938 -0.131344 -1.49959e-20)
(0.0541482 -0.133681 7.17085e-21)
(0.0558327 -0.135268 7.90423e-21)
(0.0120075 -0.0216168 -5.55935e-21)
(0.0269896 -0.0537754 -1.07658e-21)
(0.0364403 -0.0789711 -2.08046e-21)
(0.0433988 -0.0972977 -6.11568e-21)
(0.0486202 -0.110094 -3.12406e-21)
(0.052598 -0.118708 -3.30414e-21)
(0.0556482 -0.124363 1.53773e-22)
(0.0579777 -0.128074 0)
(0.059885 -0.13053 0)
(0.0616853 -0.132079 1.6113e-20)
(0.0123652 -0.0189874 2.60777e-21)
(0.0285368 -0.048683 -3.54682e-21)
(0.0391346 -0.0730599 3.13197e-21)
(0.0470727 -0.0914107 8.76357e-21)
(0.053064 -0.104627 -2.49543e-21)
(0.0576069 -0.113752 3.48011e-21)
(0.0610375 -0.119841 3.63e-21)
(0.0635679 -0.123855 0)
(0.0655072 -0.126492 0)
(0.067355 -0.128122 -7.81218e-21)
(0.0124019 -0.0163922 -2.87986e-22)
(0.0294405 -0.0434224 4.52898e-21)
(0.0411066 -0.0667062 -9.05174e-22)
(0.0500703 -0.0848468 0)
(0.0569504 -0.0983234 0)
(0.0622065 -0.107867 6.02486e-21)
(0.0661618 -0.11433 0)
(0.0689897 -0.118557 -7.41916e-21)
(0.0708625 -0.121213 -7.85614e-22)
(0.0724075 -0.122759 7.41575e-21)
(0.0121495 -0.013898 0)
(0.0297144 -0.0381367 0)
(0.0423227 -0.0600815 -3.95619e-21)
(0.0523149 -0.0777724 0)
(0.0601809 -0.0913249 2.8582e-21)
(0.0663204 -0.101165 -2.64878e-21)
(0.0710669 -0.107903 0)
(0.0746987 -0.112183 0)
(0.0774895 -0.114668 -7.93219e-21)
(0.0804527 -0.116163 1.56236e-20)
(0.0116349 -0.0115499 0)
(0.0293826 -0.032948 -2.51902e-21)
(0.042769 -0.0533516 -8.91646e-22)
(0.0537472 -0.070368 -4.4897e-21)
(0.0626558 -0.0838153 -2.24769e-21)
(0.0698135 -0.0938551 -8.19161e-21)
(0.0755453 -0.100897 0)
(0.0802123 -0.105481 0)
(0.0841733 -0.108382 0)
(0.08815 -0.110539 1.64765e-22)
(0.0108862 -0.00938509 0)
(0.0284846 -0.0279746 -1.08307e-21)
(0.0424544 -0.0466853 1.94693e-21)
(0.0543285 -0.0628241 3.47468e-21)
(0.0642791 -0.0759844 6.7909e-23)
(0.0725206 -0.0861123 1.18726e-22)
(0.0793263 -0.0934486 5.99213e-21)
(0.0850521 -0.0984337 -6.48507e-21)
(0.090048 -0.101813 1.45142e-20)
(0.0947755 -0.104348 -1.51573e-20)
(0.00994771 -0.00744028 -3.17914e-22)
(0.0270829 -0.0233209 2.58397e-21)
(0.0414173 -0.0402369 4.94532e-21)
(0.0540513 -0.0553193 -6.97579e-21)
(0.0649859 -0.0680063 4.54902e-21)
(0.0743113 -0.0780736 5.04118e-21)
(0.0822128 -0.0856099 -3.25506e-21)
(0.0889764 -0.0909394 1.334e-20)
(0.0948803 -0.0947024 6.64603e-22)
(0.100223 -0.0974712 -6.99191e-21)
(0.0088667 -0.00574039 -4.23815e-22)
(0.0252535 -0.0190696 4.02663e-22)
(0.0397195 -0.0341397 0)
(0.0529409 -0.0480178 5.75083e-21)
(0.0647517 -0.0600492 -1.13915e-21)
(0.0751089 -0.069884 2.28517e-22)
(0.0840881 -0.0774812 -2.6828e-21)
(0.091875 -0.0830474 -9.7155e-21)
(0.098655 -0.0870983 -5.29295e-22)
(0.104604 -0.090049 1.09853e-20)
(0.00768808 -0.00429758 0)
(0.0230785 -0.0152804 -3.18482e-21)
(0.0374415 -0.0285038 1.00867e-21)
(0.0510519 -0.0410667 -3.59082e-21)
(0.0635909 -0.0522762 1.15075e-21)
(0.0748837 -0.0617013 -1.81346e-22)
(0.0848873 -0.069199 -1.64015e-22)
(0.0936746 -0.0748688 6.29316e-21)
(0.101334 -0.0790984 -9.87065e-21)
(0.107934 -0.0821773 1.02494e-20)
(0.00645343 -0.0031138 2.11294e-22)
(0.0206429 -0.0119915 2.09089e-21)
(0.034677 -0.0234151 0)
(0.0484642 -0.0345932 3.61112e-21)
(0.0615528 -0.04484 -3.67763e-21)
(0.0736465 -0.0536845 -1.40168e-21)
(0.0845852 -0.0609125 4.10623e-21)
(0.0943267 -0.0665342 0)
(0.102864 -0.0708168 0)
(0.110166 -0.0739548 0)
(0.00520003 -0.00218291 -2.66263e-22)
(0.0180305 -0.00922236 -9.28566e-22)
(0.0315283 -0.0189357 1.21584e-21)
(0.0452773 -0.028702 1.89096e-21)
(0.0587165 -0.0378779 1.91006e-21)
(0.0714452 -0.0459878 1.31368e-21)
(0.083196 -0.0527773 0)
(0.0938172 -0.0581898 3.06069e-21)
(0.10321 -0.0623879 -1.36717e-21)
(0.111249 -0.0654989 0)
(0.0039601 -0.00149248 0)
(0.0153203 -0.00697549 1.80917e-21)
(0.0281001 -0.0151049 -1.21558e-21)
(0.0416036 -0.0234743 -1.24388e-21)
(0.0551853 -0.0315082 -2.57927e-23)
(0.0683607 -0.0387555 -6.8701e-22)
(0.0807715 -0.0449497 6.78209e-22)
(0.0921683 -0.0499921 0)
(0.102364 -0.0539603 -1.49923e-21)
(0.111145 -0.0569381 -1.64991e-21)
(0.00276379 -0.00102549 3.50211e-23)
(0.0125891 -0.00523925 -7.12259e-22)
(0.0244994 -0.0119412 -9.23148e-23)
(0.037566 -0.0189679 -1.36694e-23)
(0.0510826 -0.0258286 -4.92266e-22)
(0.0645033 -0.0321181 0)
(0.0773988 -0.0375813 -6.78018e-22)
(0.0894378 -0.0421014 0)
(0.100352 -0.0456908 0)
(0.109847 -0.0484089 0)
(0.00164714 -0.000761278 -7.63219e-23)
(0.00992343 -0.00398978 0)
(0.0208491 -0.00944354 0)
(0.0333121 -0.0152172 -5.17448e-22)
(0.0465666 -0.0209141 1.87009e-22)
(0.0600273 -0.0261883 2.57637e-23)
(0.0732154 -0.0308143 -3.25389e-22)
(0.0857362 -0.0346771 0)
(0.0972517 -0.0377428 0)
(0.107393 -0.0400573 0)
(0.00062358 -0.000676457 0)
(0.00737438 -0.00319028 -3.76235e-22)
(0.0172373 -0.00758568 3.46952e-22)
(0.0289588 -0.0122219 6.93632e-22)
(0.0417729 -0.0167995 0)
(0.0550754 -0.0210394 7.06671e-22)
(0.0683592 -0.0247571 -6.5715e-22)
(0.0811867 -0.0278547 0)
(0.0931617 -0.0302675 1.45461e-21)
(0.103855 -0.032031 -1.39048e-21)
(-0.000305697 -0.00074849 0)
(0.00497492 -0.00280023 3.14115e-21)
(0.0137319 -0.00633154 0)
(0.0246066 -0.00996609 2.98579e-21)
(0.0368295 -0.0135009 0)
(0.0497944 -0.0167259 -2.80881e-21)
(0.0629851 -0.0195027 0)
(0.0759407 -0.0217603 2.82657e-21)
(0.0882203 -0.0234158 -2.64726e-21)
(0.099345 -0.0244896 -2.81034e-21)
(-0.00113364 -0.000955606 -8.00735e-22)
(0.00276112 -0.00277511 -1.55289e-21)
(0.0104007 -0.00563341 -7.63045e-22)
(0.0203553 -0.00841479 -1.43302e-21)
(0.031865 -0.0110094 -1.43427e-21)
(0.0443357 -0.0132743 1.35677e-21)
(0.0572589 -0.0151175 1.35023e-21)
(0.0701695 -0.0164988 -8.11458e-23)
(0.0825948 -0.0173251 2.63081e-21)
(0.094015 -0.0175913 2.8108e-21)
(-0.00185348 -0.00127599 -8.04515e-22)
(0.0007635 -0.00306556 -1.7288e-21)
(0.00730178 -0.00543116 -3.40938e-21)
(0.0162918 -0.00751221 1.53936e-21)
(0.0269943 -0.00928763 0)
(0.0388391 -0.0106779 0)
(0.0513406 -0.0116343 -2.86071e-21)
(0.064047 -0.0121464 -2.79368e-21)
(0.0764682 -0.012113 2.67754e-21)
(0.088047 -0.0114866 -3.05648e-21)
(-0.00246043 -0.00168753 8.88547e-22)
(-0.000995349 -0.00361785 9.57406e-22)
(0.00447955 -0.0056534 -5.24881e-21)
(0.0124844 -0.00718273 8.25908e-21)
(0.02231 -0.00826914 -1.52533e-21)
(0.0334205 -0.00889288 0)
(0.0453666 -0.00904509 0)
(0.0577283 -0.00874107 1.3823e-20)
(0.0700159 -0.00786916 -1.33769e-20)
(0.0816356 -0.00631421 -8.42785e-21)
(-0.00295087 -0.00216716 7.36682e-21)
(-0.00249963 -0.00437414 0)
(0.00196557 -0.00621884 6.92153e-21)
(0.00898277 -0.00733211 -6.60809e-21)
(0.01788 -0.00785764 0)
(0.0281632 -0.00783361 3.05491e-21)
(0.0394325 -0.00728993 -8.63558e-21)
(0.0513218 -0.0062665 -1.10914e-20)
(0.0633701 -0.0046381 5.23797e-21)
(0.0749541 -0.00218358 5.30842e-21)
(-0.00332188 -0.00269042 -1.51001e-20)
(-0.00373926 -0.00527307 -1.94364e-21)
(-0.00021941 -0.00703835 -3.77533e-21)
(0.00582029 -0.00785005 -8.72702e-21)
(0.0137482 -0.00792769 -3.29774e-21)
(0.0231147 -0.00736735 -3.18168e-21)
(0.0335769 -0.00624194 -9.48825e-23)
(0.044849 -0.00462449 0)
(0.0565505 -0.0023847 0)
(0.0680713 0.000860897 1.05478e-20)
(-0.0035715 -0.00323134 7.73349e-21)
(-0.00470915 -0.00625149 -8.0787e-21)
(-0.00206274 -0.00801884 5.50968e-21)
(0.00302013 -0.0086154 1.23778e-20)
(0.00994575 -0.0083282 -3.32184e-21)
(0.0182993 -0.00730978 3.02807e-21)
(0.0277844 -0.0056849 2.93941e-21)
(0.0381969 -0.00358795 0)
(0.0492905 -0.000943636 0)
(0.0606007 0.00284479 -5.13302e-21)
(-0.00369973 -0.00376338 -1.03477e-21)
(-0.00540904 -0.00724754 1.01625e-20)
(-0.00355675 -0.00906974 -1.9203e-21)
(0.000604254 -0.00950665 0)
(0.0065127 -0.00889426 0)
(0.0137682 -0.00742396 6.38425e-21)
(0.0220742 -0.00525809 0)
(0.0312255 -0.00260117 -5.73922e-21)
(0.0410413 0.000422426 2.16351e-23)
(0.051363 0.0044008 5.13065e-21)
(-0.00370942 -0.00426128 0)
(-0.00584377 -0.00820552 0)
(-0.00469777 -0.0101129 -8.14275e-21)
(-0.00140166 -0.0104228 0)
(0.0035178 -0.00949054 3.55895e-21)
(0.00966665 -0.00749915 -3.29815e-21)
(0.0167124 -0.00455257 0)
(0.0243423 -0.00069749 0)
(0.0323049 0.00412262 -5.87464e-21)
(0.0406003 0.0105797 1.14838e-20)
(-0.00360447 -0.00469913 0)
(-0.00602238 -0.00907772 -6.70101e-21)
(-0.00548674 -0.0110894 -2.28393e-21)
(-0.00297384 -0.0113032 -7.86634e-21)
(0.00104083 -0.010074 -3.71464e-21)
(0.00620112 -0.00756036 -1.03102e-20)
(0.0122129 -0.00381258 0)
(0.0188368 0.00120571 0)
(0.0260171 0.00756991 0)
(0.0338862 0.0154624 1.36829e-22)
(-0.00339375 -0.00505223 0)
(-0.00596215 -0.00982448 -2.55157e-21)
(-0.00593453 -0.011959 4.01576e-21)
(-0.00410765 -0.0121195 5.89133e-21)
(-0.000891977 -0.0106552 -2.01303e-22)
(0.00341277 -0.00771064 -1.92263e-22)
(0.00857399 -0.00332795 6.70155e-21)
(0.0144291 0.00250231 -6.35493e-21)
(0.0209731 0.00974708 1.22102e-20)
(0.0281956 0.0182645 -1.19119e-20)
(-0.00309407 -0.00530607 -1.20797e-21)
(-0.00568834 -0.0104209 6.83999e-21)
(-0.00606156 -0.0126995 1.07879e-20)
(-0.00481629 -0.0128623 -1.242e-20)
(-0.00229366 -0.0112527 7.52355e-21)
(0.00126497 -0.00801546 7.06627e-21)
(0.00568019 -0.00321194 -3.32731e-21)
(0.0108323 0.00310618 1.28661e-20)
(0.0166999 0.0108004 2.9247e-22)
(0.0231685 0.0195878 -5.9957e-21)
(-0.00272432 -0.00545254 -1.25268e-21)
(-0.0052313 -0.0108596 1.19021e-21)
(-0.00589267 -0.0133035 0)
(-0.00511931 -0.0135316 1.04119e-20)
(-0.00318537 -0.0118783 -1.9551e-21)
(-0.000278157 -0.00849501 -2.40267e-23)
(0.00346551 -0.00346847 -3.469e-21)
(0.0079498 0.00309995 -1.0037e-20)
(0.0131276 0.0110128 1.74608e-23)
(0.0188361 0.0199434 9.38187e-21)
(-0.00230696 -0.00549139 0)
(-0.00462174 -0.0111445 -7.42402e-21)
(-0.00545095 -0.0137774 2.27683e-21)
(-0.00503474 -0.014133 -6.52022e-21)
(-0.00358371 -0.0125355 2.00367e-21)
(-0.00123921 -0.00914311 -7.70911e-23)
(0.00189606 -0.00406234 -7.44578e-23)
(0.00574237 0.00257649 6.78443e-21)
(0.0102343 0.0105562 -9.74609e-21)
(0.0151969 0.0195537 9.52819e-21)
(-0.00186323 -0.0054342 6.5647e-22)
(-0.00388601 -0.0112903 4.95484e-21)
(-0.00475569 -0.0141365 0)
(-0.00457297 -0.0146758 6.57039e-21)
(-0.00349442 -0.0132219 -6.2348e-21)
(-0.00162309 -0.00993765 -1.96547e-21)
(0.0009661 -0.00494115 5.46511e-21)
(0.00420805 0.00162687 0)
(0.0080319 0.00955422 0)
(0.012272 0.0185451 0)
(-0.0014103 -0.00529935 -6.70501e-22)
(-0.00304452 -0.0113257 -1.93617e-21)
(-0.00381747 -0.0144032 2.41092e-21)
(-0.00373474 -0.0151705 3.40011e-21)
(-0.00290956 -0.0139295 3.13666e-21)
(-0.00141454 -0.0108458 2.01913e-21)
(0.000698726 -0.00604204 0)
(0.00338127 0.000343558 3.60928e-21)
(0.00656964 0.00811815 -1.65637e-21)
(0.0101172 0.0170246 0)
(-0.000959782 -0.00511106 0)
(-0.00210828 -0.0112875 3.87854e-21)
(-0.00263721 -0.0146056 -2.4104e-21)
(-0.00251042 -0.0156285 -2.26608e-21)
(-0.00180856 -0.0146464 -8.93597e-25)
(-0.000581158 -0.0118273 -1.00864e-21)
(0.00113978 -0.00729501 9.77331e-22)
(0.00332351 -0.00117792 0)
(0.00592424 0.00635773 -1.72378e-21)
(0.00881616 0.0150987 -1.70702e-21)
(-0.000516367 -0.00490085 8.59349e-23)
(-0.00107768 -0.0112189 -1.47111e-21)
(-0.00120638 -0.0147759 -1.58892e-22)
(-0.000882044 -0.0160613 -6.49978e-24)
(-0.00016252 -0.0153567 -8.17201e-22)
(0.000919301 -0.012836 0)
(0.00234779 -0.00862358 -9.77046e-22)
(0.00411127 -0.00283577 0)
(0.00618886 0.00439051 0)
(0.00847298 0.0128875 0)
)
;

boundaryField
{
    inlet
    {
        type            uniformFixedValue;
        uniformValue    constant (1 0 0);
        value           uniform (1 0 0);
    }
    outlet
    {
        type            pressureInletOutletVelocity;
        value           nonuniform List<vector> 
40
(
(0.0115904 0.00730917 0)
(0.0170178 0.0625792 0)
(0.0201922 0.119085 0)
(0.0199816 0.176821 0)
(0.0177519 0.239996 0)
(0.0147837 0.30984 0)
(0.0102478 0.387582 0)
(0.00607267 0.482388 0)
(9.06339e-05 0.600592 0)
(-0.000332022 0.709928 0)
(0 -0.0207745 0)
(0 -0.0318408 0)
(0 -0.0420811 0)
(0 -0.0514719 0)
(0 -0.0600089 0)
(0 -0.0677093 0)
(0 -0.0746104 0)
(0 -0.0807653 0)
(0 -0.0862378 0)
(0 -0.0910988 0)
(0 -0.0954233 0)
(0 -0.0992874 0)
(0 -0.102767 0)
(0 -0.105937 0)
(0 -0.108869 0)
(0 -0.111633 0)
(0 -0.114297 0)
(0 -0.116925 0)
(0 -0.119577 0)
(0 -0.122317 0)
(0 -0.129156 0)
(0 -0.145275 0)
(0 -0.168603 0)
(0 -0.200266 0)
(0 -0.239511 0)
(0 -0.283042 0)
(0 -0.325465 0)
(0 -0.361087 0)
(0 -0.385995 0)
(0 -0.398622 0)
)
;
    }
    cylinder
    {
        type            fixedValue;
        value           uniform (0 0 0);
    }
    top
    {
        type            symmetryPlane;
    }
    bottom
    {
        type            symmetryPlane;
    }
    defaultFaces
    {
        type            empty;
    }
}


// ************************************************************************* //
