/*--------------------------------*- C++ -*----------------------------------*\
  =========                 |
  \\      /  F ield         | OpenFOAM: The Open Source CFD Toolbox
   \\    /   O peration     | Website:  https://openfoam.org
    \\  /    A nd           | Version:  7
     \\/     M anipulation  |
\*---------------------------------------------------------------------------*/
FoamFile
{
    version     2.0;
    format      ascii;
    class       volVectorField;
    location    "3.3";
    object      U;
}
// * * * * * * * * * * * * * * * * * * * * * * * * * * * * * * * * * * * * * //

dimensions      [0 1 -1 0 0 0 0];

internalField   nonuniform List<vector> 
2000
(
(-0.000510007 0.0310526 -3.4169e-21)
(0.0030763 0.0705747 0)
(0.011551 0.0986179 0)
(0.0218308 0.119478 -2.29206e-20)
(0.033057 0.135618 7.70658e-21)
(0.0445145 0.148489 1.33574e-22)
(0.055679 0.159007 -1.44353e-20)
(0.0661686 0.167791 0)
(0.0756847 0.175269 0)
(0.0838965 0.181713 0)
(-0.00271286 0.0294699 0)
(-0.00142769 0.0660551 -1.50562e-20)
(0.00600452 0.0918535 1.5163e-20)
(0.0159401 0.110963 3.06389e-20)
(0.0272881 0.125807 0)
(0.0391906 0.13781 2.97233e-20)
(0.051031 0.147881 -2.87087e-20)
(0.0623547 0.156653 0)
(0.0727805 0.164581 5.41859e-20)
(0.081887 0.171973 -1.11934e-19)
(-0.00460729 0.0276395 0)
(-0.00496964 0.0609194 1.18436e-19)
(0.00203546 0.084255 0)
(0.0121452 0.101463 1.21114e-19)
(0.0240356 0.114897 0)
(0.0367114 0.125929 -1.17397e-19)
(0.0494726 0.135456 0)
(0.061805 0.144129 1.11441e-19)
(0.0732643 0.152454 -1.07112e-19)
(0.0833057 0.160806 -1.10671e-19)
(-0.00612944 0.0255444 -2.68699e-20)
(-0.00737187 0.0552111 -5.95395e-20)
(-8.40386e-05 0.0759624 -2.99019e-20)
(0.010795 0.0912181 -6.0406e-20)
(0.0237104 0.103215 -5.93763e-20)
(0.0375358 0.113247 5.86388e-20)
(0.0514969 0.12218 5.67476e-20)
(0.0650345 0.130685 -6.44953e-22)
(0.0776662 0.139344 1.06426e-19)
(0.0886908 0.148634 1.10574e-19)
(-0.00720213 0.0231877 -2.63358e-20)
(-0.00844327 0.0490066 -5.89264e-20)
(-7.92941e-05 0.0671563 -1.19949e-19)
(0.0122285 0.0805161 5.95559e-20)
(0.0267007 0.0911562 0)
(0.0420865 0.100253 0)
(0.0575453 0.108614 -1.13581e-19)
(0.0724892 0.116921 -1.10047e-19)
(0.0864305 0.125845 1.05614e-19)
(0.0984877 0.135999 3.27535e-19)
(-0.00773186 0.02057 2.63504e-20)
(-0.00797896 0.0423935 2.98064e-20)
(0.0023215 0.0580431 -1.76072e-19)
(0.0167619 0.0696866 2.9714e-19)
(0.0333513 0.0791723 -5.85778e-20)
(0.0507224 0.0875149 0)
(0.0679751 0.0954264 0)
(0.0845077 0.103562 5.44813e-19)
(0.0998699 0.112689 -5.2629e-19)
(0.113001 0.123571 1.08433e-19)
(-0.0076101 0.0177024 2.04305e-19)
(-0.00576907 0.0354876 0)
(0.00736973 0.0488633 2.36327e-19)
(0.0246637 0.0590948 -2.37253e-19)
(0.0439336 0.0677553 0)
(0.063706 0.0756556 1.15079e-19)
(0.0830259 0.0833624 -3.33366e-19)
(0.101288 0.0914486 -4.33807e-19)
(0.118134 0.100734 2.08336e-19)
(0.132371 0.112137 2.15754e-19)
(-0.00671714 0.0146127 -4.05806e-19)
(-0.00161111 0.0284373 -5.73982e-20)
(0.0152762 0.0398879 -1.15662e-19)
(0.0361275 0.0491266 -2.91518e-19)
(0.0586126 0.0574077 -1.16575e-19)
(0.0811682 0.0653081 -1.13204e-19)
(0.102784 0.0732069 1.99259e-21)
(0.12285 0.0815156 0)
(0.141161 0.0910152 0)
(0.156547 0.102707 -1.0523e-22)
(-0.00492944 0.0113536 2.01504e-19)
(0.00467229 0.0214306 -2.2411e-19)
(0.0261851 0.0314151 1.74001e-19)
(0.0512397 0.0401682 4.07867e-19)
(0.077414 0.0485962 -1.14304e-19)
(0.103085 0.0570396 1.15243e-19)
(0.127185 0.0656921 1.1103e-19)
(0.149054 0.0747806 0)
(0.168623 0.0849756 0)
(0.185056 0.0970636 -1.67282e-21)
(-0.00212977 0.00800839 -2.46452e-20)
(0.0132118 0.0146984 2.80442e-19)
(0.0401445 0.0237638 -5.66751e-20)
(0.0699417 0.0325815 0)
(0.100183 0.0416906 0)
(0.129264 0.0512166 2.24178e-19)
(0.156132 0.0612416 0)
(0.180095 0.0719561 -2.10525e-19)
(0.200969 0.0840021 -1.36571e-21)
(0.218078 0.0973734 2.08838e-19)
(0.0986513 0.194281 4.9399e-21)
(0.109638 0.208067 -5.01754e-21)
(0.113653 0.22186 -5.1225e-21)
(0.108313 0.23555 -5.20145e-21)
(0.0971139 0.248979 -5.30497e-21)
(0.0832794 0.261491 4.73559e-25)
(0.0654838 0.27266 2.67468e-21)
(0.0489102 0.283087 8.1463e-21)
(0.0284772 0.292589 0)
(0.010892 0.300514 -5.52407e-21)
(0.0986857 0.187758 1.93037e-20)
(0.111713 0.204431 -2.0251e-20)
(0.117516 0.221607 3.56406e-20)
(0.113018 0.237725 5.20382e-21)
(0.101953 0.252777 1.04549e-20)
(0.0877441 0.266345 1.58998e-20)
(0.0692496 0.278085 -5.37441e-21)
(0.0516436 0.288861 -5.42018e-21)
(0.0301789 0.298577 1.08356e-20)
(0.0113685 0.306626 5.51096e-21)
(0.101723 0.180093 0)
(0.115532 0.19978 -1.99881e-20)
(0.122527 0.220601 -1.01971e-20)
(0.118466 0.239429 0)
(0.107304 0.256345 -3.13544e-20)
(0.0925843 0.271162 1.04063e-20)
(0.073279 0.28362 1.05075e-20)
(0.0545776 0.294844 3.19778e-20)
(0.0319704 0.304836 -1.07933e-20)
(0.0118974 0.313029 2.16422e-20)
(0.108227 0.17154 0)
(0.121413 0.194284 2.00769e-20)
(0.128857 0.218913 0)
(0.124749 0.24068 4.10845e-20)
(0.113209 0.259675 -4.11457e-20)
(0.0978174 0.275928 -2.09006e-20)
(0.0775811 0.289247 -1.34884e-22)
(0.0577203 0.301029 -3.16849e-20)
(0.03386 0.311361 -5.28973e-21)
(0.0124815 0.319723 -2.68414e-20)
(0.118577 0.162399 1.14915e-21)
(0.129665 0.188164 -5.85803e-20)
(0.136662 0.21664 3.96621e-22)
(0.131949 0.241511 -4.04271e-20)
(0.119701 0.262765 0)
(0.103455 0.28063 -2.06867e-20)
(0.0821595 0.294951 -1.10165e-22)
(0.0610754 0.307405 4.17258e-20)
(0.0358528 0.318145 5.2355e-21)
(0.0131221 0.326709 -5.26305e-21)
(0.133021 0.153007 -1.54737e-19)
(0.14057 0.181701 9.8626e-20)
(0.146076 0.213921 4.03015e-20)
(0.140131 0.241983 -4.01589e-20)
(0.126801 0.265628 -2.02099e-20)
(0.109494 0.28526 0)
(0.0870069 0.300713 -4.09108e-20)
(0.0646384 0.313956 2.03721e-20)
(0.0379483 0.325177 2.05412e-20)
(0.0138196 0.333985 2.06089e-20)
(0.15165 0.143734 -1.90475e-20)
(0.154351 0.17523 0)
(0.157193 0.210935 0)
(0.14933 0.242182 0)
(0.1345 0.26829 -2.0181e-20)
(0.115908 0.289816 4.01394e-20)
(0.0920926 0.306515 4.04821e-20)
(0.0683865 0.320669 -6.05294e-20)
(0.040134 0.332446 1.01065e-20)
(0.014571 0.341549 -3.04612e-20)
(0.174382 0.134793 1.15884e-19)
(0.17114 0.168916 8.01723e-20)
(0.170045 0.207745 -7.92521e-20)
(0.159526 0.242115 8.00517e-20)
(0.142743 0.270718 -9.90615e-20)
(0.122624 0.294252 0)
(0.0973452 0.312311 -1.9773e-20)
(0.0722646 0.327506 1.60554e-22)
(0.0423765 0.339926 -1.97047e-20)
(0.0153682 0.34939 -1.97325e-20)
(0.200876 0.126111 -9.75403e-20)
(0.190943 0.162454 0)
(0.184602 0.204087 -8.97404e-20)
(0.170639 0.241542 1.58139e-19)
(0.151415 0.272712 -5.85932e-20)
(0.129502 0.298414 -9.76148e-21)
(0.10263 0.317987 1.96023e-20)
(0.0761645 0.33439 4.29848e-23)
(0.0446088 0.347572 2.90547e-20)
(0.0161955 0.357493 2.90639e-20)
(0.230431 0.119472 -8.53145e-20)
(0.213592 0.156979 8.46985e-20)
(0.200788 0.200757 1.06942e-20)
(0.182528 0.241021 0)
(0.160327 0.27468 0)
(0.136314 0.30257 1.03698e-20)
(0.107714 0.323692 4.10273e-20)
(0.0798875 0.341383 -4.03993e-20)
(0.0467059 0.355388 -1.00382e-20)
(0.0170261 0.365841 9.95083e-21)
(0.296906 0.124314 0)
(0.265392 0.160134 0)
(0.238211 0.204397 0)
(0.209614 0.248239 0)
(0.180083 0.285481 0)
(0.150814 0.316719 0)
(0.118067 0.340115 0)
(0.0873174 0.359916 0)
(0.0507197 0.375059 0)
(0.0188528 0.386165 0)
(0.365683 0.181094 0)
(0.325308 0.21075 0)
(0.287724 0.2477 0)
(0.249659 0.286959 0)
(0.211971 0.322375 0)
(0.175431 0.353025 0)
(0.136376 0.37657 0)
(0.100392 0.396927 0)
(0.0579118 0.41262 0)
(0.0221193 0.4243 0)
(0.411636 0.225791 0)
(0.369482 0.256302 0)
(0.328614 0.29166 0)
(0.286242 0.329042 0)
(0.243615 0.363682 0)
(0.201619 0.394056 0)
(0.157063 0.418076 0)
(0.115719 0.438504 0)
(0.067032 0.454169 0)
(0.0258875 0.465701 0)
(0.448079 0.265715 0)
(0.407033 0.299006 0)
(0.365945 0.335172 0)
(0.321722 0.372607 0)
(0.27583 0.407832 0)
(0.229488 0.439103 0)
(0.179746 0.464627 0)
(0.132487 0.486523 0)
(0.0768462 0.504932 0)
(0.0294583 0.519877 0)
(0.485265 0.305786 0)
(0.44507 0.342554 0)
(0.404025 0.380571 0)
(0.358553 0.41922 0)
(0.309904 0.456102 0)
(0.259501 0.489333 0)
(0.204491 0.516885 0)
(0.150952 0.539063 0)
(0.0878248 0.554836 0)
(0.0331166 0.565422 0)
(0.52322 0.340119 0)
(0.483784 0.382183 0)
(0.442953 0.423851 0)
(0.396722 0.46556 0)
(0.34595 0.505896 0)
(0.292454 0.543134 0)
(0.233565 0.575561 0)
(0.17583 0.604473 0)
(0.106648 0.630939 0)
(0.0407417 0.653253 0)
(0.568605 0.383871 0)
(0.530118 0.429867 0)
(0.489074 0.474567 0)
(0.441846 0.519193 0)
(0.387738 0.562779 0)
(0.327577 0.602845 0)
(0.258181 0.636239 0)
(0.186496 0.661233 0)
(0.104885 0.678581 0)
(0.037585 0.691387 0)
(0.602541 0.399117 0)
(0.569922 0.455668 0)
(0.530497 0.508406 0)
(0.485116 0.561724 0)
(0.433764 0.616324 0)
(0.377374 0.670509 0)
(0.311034 0.721353 0)
(0.239634 0.767046 0)
(0.14853 0.804068 0)
(0.0547315 0.829588 0)
(0.629068 0.443422 0)
(0.624316 0.513771 0)
(0.594352 0.572621 0)
(0.545347 0.62556 0)
(0.481433 0.67641 0)
(0.407458 0.724494 0)
(0.322763 0.76705 0)
(0.237035 0.802056 0)
(0.141133 0.829594 0)
(0.0515759 0.849797 0)
(0.539994 0.337277 0)
(0.595669 0.459706 0)
(0.619124 0.569095 0)
(0.611924 0.667656 0)
(0.575733 0.759301 0)
(0.515806 0.845322 0)
(0.429798 0.923364 0)
(0.327735 0.990198 0)
(0.201482 1.04312 0)
(0.0721899 1.07884 0)
(0.343896 0.119691 7.55004e-20)
(0.407705 0.168505 -7.48338e-20)
(0.448369 0.209584 8.05188e-21)
(0.482304 0.24639 0)
(0.517597 0.283255 0)
(0.554253 0.313456 4.77405e-21)
(0.593877 0.353711 -1.21127e-20)
(0.617667 0.3591 1.19226e-20)
(0.608427 0.390716 4.66964e-22)
(0.488086 0.254533 -4.6711e-22)
(0.37157 0.121186 -9.10772e-20)
(0.426923 0.169021 0)
(0.462662 0.207193 4.95721e-20)
(0.494847 0.241703 -1.05721e-19)
(0.529103 0.276499 5.97572e-20)
(0.565258 0.304859 -4.61465e-21)
(0.601464 0.342403 6.67516e-21)
(0.619956 0.342928 7.18071e-21)
(0.594125 0.367244 -6.88457e-22)
(0.463465 0.218555 -1.50784e-21)
(0.395335 0.125557 1.05899e-19)
(0.443619 0.171435 -6.22136e-20)
(0.475758 0.206097 6.14804e-20)
(0.506815 0.23791 -4.77278e-20)
(0.540298 0.270305 3.61458e-20)
(0.575773 0.296675 0)
(0.608142 0.330707 -6.7331e-21)
(0.620252 0.325933 -3.71741e-22)
(0.577393 0.342242 -2.22579e-21)
(0.436333 0.181911 1.21036e-21)
(0.416759 0.131184 -1.71588e-20)
(0.458655 0.173459 0)
(0.48812 0.20446 0)
(0.518356 0.233593 0)
(0.551144 0.263582 2.93444e-20)
(0.58555 0.28793 -1.88556e-20)
(0.613588 0.31791 1.1938e-21)
(0.618122 0.307597 -2.12355e-21)
(0.558269 0.315619 -4.41084e-23)
(0.406365 0.144886 1.98695e-21)
(0.435873 0.136743 -3.66841e-21)
(0.471854 0.17421 -4.89337e-20)
(0.499367 0.201645 -2.59889e-20)
(0.529052 0.228293 2.58926e-20)
(0.561207 0.255996 -1.03868e-20)
(0.59417 0.278293 0)
(0.617368 0.303753 -6.09858e-21)
(0.613338 0.28775 5.77289e-21)
(0.536816 0.28729 -2.43355e-21)
(0.373948 0.107838 -1.97223e-21)
(0.452272 0.141276 -1.27235e-19)
(0.48316 0.173352 1.90462e-20)
(0.509431 0.197478 3.16158e-21)
(0.538832 0.221911 2.5248e-20)
(0.570368 0.247467 0)
(0.601471 0.267634 0)
(0.619298 0.28812 0)
(0.605885 0.266316 2.71699e-21)
(0.513471 0.256956 0)
(0.340608 0.0715065 0)
(0.46577 0.144147 0)
(0.492651 0.170811 4.23595e-20)
(0.518334 0.191974 -2.78431e-20)
(0.547676 0.214472 -2.10473e-20)
(0.578541 0.238001 2.10768e-20)
(0.607324 0.255888 6.36285e-21)
(0.619229 0.270968 -7.58058e-21)
(0.595719 0.243227 -1.01019e-20)
(0.48865 0.22385 1.19471e-21)
(0.3064 0.037351 2.91399e-21)
(0.476349 0.144997 0)
(0.50044 0.166656 -1.44831e-20)
(0.526095 0.185229 -6.41854e-21)
(0.555545 0.206047 0)
(0.585628 0.227625 3.62747e-21)
(0.611616 0.243024 -1.17578e-20)
(0.617056 0.252326 7.00205e-21)
(0.582829 0.21847 6.31036e-22)
(0.462317 0.187258 -4.77175e-22)
(0.261516 0.00705037 -3.12164e-21)
(0.484095 0.143697 1.57434e-20)
(0.506638 0.161031 1.34344e-20)
(0.532725 0.177373 -3.92088e-21)
(0.562397 0.196711 2.72426e-21)
(0.591548 0.21637 4.59503e-21)
(0.614276 0.22904 5.2091e-21)
(0.612752 0.232294 -1.1523e-21)
(0.567384 0.192237 -5.11411e-22)
(0.434872 0.148663 4.79042e-22)
(0.230374 -0.0197793 -6.10534e-22)
(0.489162 0.140286 -3.63427e-21)
(0.511341 0.154101 3.69729e-21)
(0.538228 0.168535 -3.15969e-21)
(0.568194 0.186534 -2.72254e-21)
(0.596239 0.204271 1.93398e-21)
(0.615287 0.213969 -3.6378e-21)
(0.606393 0.211025 1.55522e-21)
(0.549744 0.164863 1.08581e-22)
(0.406568 0.110432 0)
(0.200511 -0.0449562 6.11724e-22)
(0.491733 0.134913 3.63451e-21)
(0.514632 0.146025 -3.69353e-21)
(0.542606 0.158836 -3.11508e-21)
(0.57291 0.175579 -2.6541e-21)
(0.59968 0.191369 -1.88436e-21)
(0.614695 0.197873 3.03691e-22)
(0.598165 0.188695 6.60448e-22)
(0.530394 0.136707 8.12108e-22)
(0.377761 0.0733083 0)
(0.173419 -0.0693592 4.41936e-22)
(0.491985 0.127786 0)
(0.516572 0.136934 -1.32334e-20)
(0.545854 0.148378 2.2633e-20)
(0.576528 0.163905 2.6541e-21)
(0.60188 0.177713 4.22802e-21)
(0.612602 0.180838 4.68184e-21)
(0.588325 0.16549 -1.03668e-21)
(0.509911 0.10811 -4.32087e-22)
(0.349633 0.0373441 2.0925e-22)
(0.149304 -0.0932841 -4.40763e-22)
(0.490066 0.119138 0)
(0.517205 0.126927 -1.42596e-20)
(0.547957 0.137253 -6.23589e-21)
(0.57904 0.151572 0)
(0.602876 0.163366 -1.1464e-20)
(0.60915 0.162971 4.17368e-21)
(0.577171 0.141576 2.441e-21)
(0.488852 0.0791528 2.83444e-21)
(0.322944 0.00248433 -2.08427e-22)
(0.127412 -0.116981 -1.23121e-21)
(0.486087 0.109223 0)
(0.516543 0.116079 1.43149e-20)
(0.548894 0.125544 0)
(0.580451 0.138644 1.88429e-20)
(0.602744 0.148402 -1.88753e-20)
(0.604523 0.144396 -4.83313e-21)
(0.564988 0.117115 1.069e-21)
(0.467632 0.0499708 -2.43936e-21)
(0.297622 -0.0312853 -5.28168e-22)
(0.107824 -0.140505 1.33098e-21)
(0.480192 0.0983227 1.30226e-19)
(0.514587 0.104446 -4.98236e-20)
(0.548719 0.113329 -4.06111e-21)
(0.580858 0.125193 -2.33259e-20)
(0.601657 0.132907 0)
(0.598979 0.125259 -4.71897e-21)
(0.55206 0.092278 2.27225e-21)
(0.446597 0.020732 3.82284e-21)
(0.273728 -0.0639518 -9.60991e-23)
(0.0905749 -0.163768 9.55448e-23)
(0.472619 0.0867433 6.39788e-21)
(0.51151 0.0920814 7.90577e-20)
(0.547674 0.100662 2.36893e-20)
(0.580517 0.111293 -2.36119e-20)
(0.599908 0.11698 -8.30401e-21)
(0.592859 0.105734 0)
(0.538884 0.0672504 -5.76076e-21)
(0.426019 -0.00838076 2.90276e-21)
(0.251375 -0.0954742 6.77903e-22)
(0.0755342 -0.186633 -7.02078e-22)
(0.463655 0.0747762 -1.7896e-20)
(0.507482 0.0790267 0)
(0.545874 0.0876069 0)
(0.57948 0.0970471 0)
(0.597578 0.100749 -5.79755e-21)
(0.586331 0.0859722 1.40174e-20)
(0.525767 0.0422379 5.65993e-21)
(0.406127 -0.0371739 -4.66753e-21)
(0.230615 -0.125854 -1.45617e-22)
(0.0625255 -0.208983 8.37097e-22)
(0.452926 0.0627829 -3.91405e-20)
(0.501499 0.0654113 5.98446e-20)
(0.542221 0.0742846 -5.91719e-20)
(0.57671 0.0825987 3.93361e-20)
(0.593865 0.0843522 -4.75586e-20)
(0.578926 0.0661269 0)
(0.512504 0.017394 -3.31247e-21)
(0.387122 -0.0655048 1.51839e-23)
(0.211531 -0.155084 -1.18122e-23)
(0.0513824 -0.230738 4.64875e-22)
(0.439 0.0515757 -1.90498e-20)
(0.49144 0.0515509 0)
(0.534906 0.0608313 -5.9253e-20)
(0.570818 0.068038 9.2044e-20)
(0.587791 0.0678206 -3.166e-20)
(0.570029 0.0462063 -2.94729e-21)
(0.498776 -0.00729413 3.28326e-21)
(0.368884 -0.0933662 5.66452e-22)
(0.194117 -0.183201 6.83109e-22)
(0.0419194 -0.25185 -5.58722e-22)
(0.425176 0.0424106 -8.83203e-20)
(0.481085 0.0377858 8.74886e-20)
(0.52815 0.0472286 8.59666e-21)
(0.565946 0.0533225 0)
(0.582865 0.0511069 0)
(0.562152 0.0261667 3.46867e-21)
(0.48591 -0.031884 5.17363e-21)
(0.351543 -0.12083 -5.01589e-21)
(0.178092 -0.210314 8.61096e-23)
(0.0338279 -0.272349 -8.30387e-23)
(0.415574 0.0248308 0)
(0.477214 0.00592022 0)
(0.53243 0.0141734 0)
(0.572711 0.0176756 0)
(0.586297 0.0107983 0)
(0.554472 -0.0218534 0)
(0.461717 -0.0903564 0)
(0.312851 -0.185748 0)
(0.141433 -0.273197 0)
(0.0170729 -0.320042 0)
(0.434434 -0.05237 0)
(0.492535 -0.0596748 0)
(0.545069 -0.0511484 0)
(0.572412 -0.0518446 0)
(0.557084 -0.0739845 0)
(0.484654 -0.129577 0)
(0.357507 -0.217909 0)
(0.204112 -0.315612 0)
(0.0697007 -0.385983 0)
(-0.0002577 -0.412006 0)
(0.436289 -0.121495 0)
(0.497186 -0.129047 0)
(0.543894 -0.125968 0)
(0.554367 -0.138652 0)
(0.509838 -0.180346 0)
(0.407396 -0.25603 0)
(0.266951 -0.352586 0)
(0.126421 -0.439238 0)
(0.0281603 -0.487421 0)
(-0.00407337 -0.498564 0)
(0.439513 -0.195905 0)
(0.49971 -0.208816 0)
(0.53517 -0.216491 0)
(0.519922 -0.247052 0)
(0.441612 -0.309657 0)
(0.314893 -0.399015 0)
(0.176127 -0.491672 0)
(0.0647684 -0.556703 0)
(0.00639845 -0.581118 0)
(-0.00222713 -0.583084 0)
(0.433215 -0.276822 0)
(0.488879 -0.301186 0)
(0.508021 -0.327002 0)
(0.463889 -0.380161 0)
(0.358139 -0.460369 0)
(0.223833 -0.551525 0)
(0.104207 -0.626442 0)
(0.0283581 -0.664273 0)
(0.000924556 -0.670621 0)
(0.000740563 -0.669858 0)
(0.41381 -0.366006 0)
(0.461225 -0.409122 0)
(0.460382 -0.45966 0)
(0.389791 -0.534982 0)
(0.26942 -0.623216 0)
(0.145496 -0.70235 0)
(0.0569415 -0.750799 0)
(0.0143673 -0.764343 0)
(0.00400688 -0.762293 0)
(0.00209745 -0.762924 0)
(0.374118 -0.462727 0)
(0.408314 -0.530678 0)
(0.387496 -0.608923 0)
(0.301418 -0.700912 0)
(0.185673 -0.78588 0)
(0.0884216 -0.844002 0)
(0.0339028 -0.867239 0)
(0.0138252 -0.867438 0)
(0.00750325 -0.86621 0)
(0.00144992 -0.868862 0)
(0.303448 -0.559459 0)
(0.322751 -0.654769 0)
(0.290529 -0.761186 0)
(0.208037 -0.864213 0)
(0.116389 -0.940117 0)
(0.0537576 -0.978704 0)
(0.026185 -0.987614 0)
(0.0154375 -0.9871 0)
(0.00712901 -0.990678 0)
(0.000144314 -0.993607 0)
(0.20019 -0.638635 0)
(0.20894 -0.766632 0)
(0.179143 -0.898673 0)
(0.119494 -1.00813 0)
(0.0636145 -1.07448 0)
(0.0324894 -1.10214 0)
(0.0201918 -1.11018 0)
(0.0118651 -1.11627 0)
(0.00386668 -1.12284 0)
(-0.00041051 -1.12446 0)
(0.0764641 -0.69116 0)
(0.0761688 -0.840994 0)
(0.0610413 -0.988146 0)
(0.0378713 -1.09707 0)
(0.0201116 -1.1566 0)
(0.0118717 -1.18267 0)
(0.00801366 -1.19625 0)
(0.00412056 -1.20742 0)
(0.000976019 -1.21384 0)
(-0.000178734 -1.21452 0)
(0.382886 0.00120589 9.7201e-20)
(0.391456 -0.0708653 -9.64082e-20)
(0.395253 -0.139672 1.21833e-20)
(0.39613 -0.211077 0)
(0.387574 -0.285305 0)
(0.367003 -0.363363 1.26182e-20)
(0.328819 -0.443344 -5.22711e-20)
(0.266178 -0.52028 5.19489e-20)
(0.174706 -0.576922 1.38041e-20)
(0.0672767 -0.613182 -1.37376e-20)
(0.365599 -0.0141483 -1.107e-19)
(0.37281 -0.0834481 0)
(0.377428 -0.149679 7.71635e-20)
(0.377478 -0.218246 -1.74657e-19)
(0.368141 -0.288674 1.08962e-19)
(0.347132 -0.361711 -1.09992e-20)
(0.30946 -0.434774 2.28803e-20)
(0.249929 -0.503495 4.70452e-20)
(0.163366 -0.55198 1.2585e-20)
(0.0629425 -0.581647 1.23409e-20)
(0.34733 -0.0291368 1.33557e-19)
(0.354656 -0.0965585 -8.90559e-20)
(0.359799 -0.160078 8.80086e-20)
(0.358845 -0.225336 -8.95217e-20)
(0.348617 -0.291656 6.64658e-20)
(0.327083 -0.35955 0)
(0.289874 -0.425888 -2.30838e-20)
(0.233254 -0.486558 2.77266e-22)
(0.151641 -0.527802 -2.43433e-20)
(0.0583518 -0.55142 -2.47792e-20)
(0.328871 -0.0432137 -2.22321e-20)
(0.336949 -0.107874 0)
(0.342383 -0.168866 0)
(0.340406 -0.230877 0)
(0.329288 -0.293274 6.90553e-20)
(0.307232 -0.35629 -4.58633e-20)
(0.270512 -0.416447 -2.01425e-22)
(0.21664 -0.469776 -2.46205e-20)
(0.13995 -0.504534 -1.25588e-20)
(0.0537048 -0.522806 -1.28134e-20)
(0.310678 -0.0567224 1.25863e-22)
(0.319807 -0.117751 -6.72562e-20)
(0.325305 -0.175986 -4.54108e-20)
(0.322361 -0.234703 4.52486e-20)
(0.310416 -0.293332 -2.29686e-20)
(0.287905 -0.351772 0)
(0.251726 -0.406338 -2.40443e-20)
(0.200473 -0.45319 4.96952e-20)
(0.128618 -0.482296 -2.50308e-20)
(0.0491495 -0.496034 2.57325e-20)
(0.292995 -0.0695267 -1.81214e-19)
(0.303336 -0.126463 2.26416e-20)
(0.30873 -0.181674 -4.59731e-22)
(0.304924 -0.237017 4.57942e-20)
(0.292253 -0.29199 0)
(0.269389 -0.346139 0)
(0.233814 -0.395672 0)
(0.185056 -0.436857 2.51579e-20)
(0.117871 -0.461152 0)
(0.0447919 -0.471141 0)
(0.276016 -0.0814061 0)
(0.287613 -0.133983 6.8597e-20)
(0.292797 -0.185985 -4.57651e-20)
(0.28827 -0.237947 -4.69574e-20)
(0.274997 -0.289406 4.70304e-20)
(0.25191 -0.339569 2.45022e-20)
(0.217002 -0.384612 -2.43652e-20)
(0.170604 -0.420884 -8.86774e-20)
(0.107855 -0.441148 6.32653e-21)
(0.0407039 -0.448091 -1.98227e-20)
(0.259931 -0.0922377 0)
(0.272706 -0.140291 -2.2794e-20)
(0.277613 -0.188948 -1.16201e-20)
(0.272518 -0.237588 0)
(0.258785 -0.285713 1.21513e-20)
(0.235612 -0.332216 -3.65106e-20)
(0.201431 -0.373301 3.76125e-20)
(0.157251 -0.405369 1.28647e-20)
(0.0986479 -0.422303 -1.30655e-20)
(0.0369273 -0.426826 2.65679e-20)
(0.244918 -0.101956 2.30128e-20)
(0.258678 -0.145432 2.31294e-20)
(0.263261 -0.19065 -5.7772e-21)
(0.257746 -0.236065 5.93539e-21)
(0.243692 -0.281053 1.20194e-20)
(0.22057 -0.324226 1.84635e-20)
(0.187162 -0.361857 -6.31318e-21)
(0.145053 -0.39038 -6.43979e-21)
(0.0902674 -0.40461 1.31171e-20)
(0.0334792 -0.407268 6.66691e-21)
(0.231151 -0.110524 -5.75864e-21)
(0.245584 -0.14948 5.79698e-21)
(0.249803 -0.191214 -5.84195e-21)
(0.243988 -0.23353 -5.93424e-21)
(0.229745 -0.275585 6.11779e-21)
(0.206799 -0.31575 -1.23272e-20)
(0.174197 -0.350392 9.51028e-21)
(0.134009 -0.375962 3.24639e-21)
(0.0826942 -0.388043 0)
(0.0303598 -0.389321 -6.68238e-21)
(0.218789 -0.117923 5.7879e-21)
(0.233471 -0.152519 -5.82974e-21)
(0.237282 -0.190782 -5.91079e-21)
(0.231254 -0.230145 -5.99941e-21)
(0.216935 -0.269474 -6.14343e-21)
(0.194271 -0.306934 -5.41192e-23)
(0.162494 -0.339005 3.1556e-21)
(0.124079 -0.362145 9.67079e-21)
(0.0758866 -0.372559 0)
(0.0275596 -0.372879 -6.66348e-21)
(0.207977 -0.124148 0)
(0.222384 -0.154626 -2.35472e-20)
(0.225724 -0.189491 4.14433e-20)
(0.219527 -0.226065 6.00213e-21)
(0.205223 -0.262875 1.22531e-20)
(0.182927 -0.297911 1.8694e-20)
(0.15198 -0.327783 -6.34328e-21)
(0.115202 -0.348943 -6.45199e-21)
(0.0697936 -0.35811 1.3089e-20)
(0.0250644 -0.357832 6.64765e-21)
(0.198828 -0.129203 0)
(0.212356 -0.155875 -2.36548e-20)
(0.215142 -0.187474 -1.19035e-20)
(0.208779 -0.221435 0)
(0.194553 -0.255932 -3.6944e-20)
(0.172688 -0.288801 1.23151e-20)
(0.142569 -0.316799 1.26063e-20)
(0.107303 -0.336361 3.85014e-20)
(0.0643605 -0.344637 -1.30379e-20)
(0.0228581 -0.344069 2.63605e-20)
(0.19141 -0.133097 0)
(0.203414 -0.156327 2.37596e-20)
(0.205528 -0.184851 0)
(0.198966 -0.216384 4.87678e-20)
(0.184855 -0.248773 -4.88422e-20)
(0.163461 -0.279709 -2.50697e-20)
(0.13416 -0.306116 -1.56617e-22)
(0.1003 -0.324397 -3.83144e-20)
(0.0595314 -0.332084 -6.39519e-21)
(0.0209241 -0.331478 -3.27007e-20)
(0.185737 -0.135847 1.90761e-19)
(0.195561 -0.156027 -7.16242e-20)
(0.196853 -0.181725 3.83157e-22)
(0.190029 -0.211026 -4.84074e-20)
(0.176045 -0.241507 0)
(0.155143 -0.270722 -2.50057e-20)
(0.126644 -0.295784 -2.68706e-22)
(0.0941051 -0.313042 5.06899e-20)
(0.0552495 -0.320388 6.41607e-21)
(0.019246 -0.319951 -6.44987e-21)
(0.181747 -0.137475 -1.01463e-22)
(0.188773 -0.15501 1.20715e-19)
(0.189058 -0.178186 4.87199e-20)
(0.181888 -0.205457 -4.85485e-20)
(0.168021 -0.23423 -2.45722e-20)
(0.147616 -0.261916 0)
(0.119906 -0.285847 -5.00862e-20)
(0.0886236 -0.302286 2.49468e-20)
(0.0514554 -0.309493 2.52286e-20)
(0.0178074 -0.309384 2.54644e-20)
(0.179292 -0.13803 -2.43602e-20)
(0.182981 -0.153319 0)
(0.182046 -0.174317 0)
(0.174436 -0.199769 0)
(0.160659 -0.227029 -2.48098e-20)
(0.140745 -0.253358 4.90759e-20)
(0.113814 -0.276344 4.9722e-20)
(0.0837514 -0.292121 -7.46056e-20)
(0.0480852 -0.299347 1.25111e-20)
(0.0165918 -0.29968 -3.76621e-20)
(0.17812 -0.137588 -4.91882e-20)
(0.178065 -0.150968 9.90482e-20)
(0.175682 -0.170149 -9.7903e-20)
(0.16753 -0.193995 9.85235e-20)
(0.153804 -0.219938 -1.22041e-19)
(0.134364 -0.245077 0)
(0.108214 -0.267293 -2.45612e-20)
(0.0793678 -0.282531 4.73234e-23)
(0.0450672 -0.289902 -2.45782e-20)
(0.0155819 -0.290747 -2.46275e-20)
(0.177882 -0.136066 -2.51282e-20)
(0.173849 -0.147793 0)
(0.169787 -0.165519 -1.1173e-19)
(0.16098 -0.187987 1.96563e-19)
(0.147248 -0.212835 -7.28703e-20)
(0.128258 -0.236982 -1.21817e-20)
(0.10291 -0.258639 2.43485e-20)
(0.0753186 -0.273472 -4.3837e-23)
(0.0423145 -0.281105 3.62497e-20)
(0.0147576 -0.282495 3.6303e-20)
(0.178167 -0.133081 -1.10116e-19)
(0.170077 -0.143764 1.0884e-19)
(0.164124 -0.160522 1.3461e-20)
(0.15452 -0.181886 0)
(0.140698 -0.205837 0)
(0.122112 -0.229165 1.30564e-20)
(0.0976156 -0.250428 5.19581e-20)
(0.0713812 -0.264961 -5.11756e-20)
(0.0397061 -0.272943 -1.27458e-20)
(0.0140898 -0.274879 1.2644e-20)
(0.178819 -0.12556 0)
(0.162131 -0.136483 0)
(0.151605 -0.152418 0)
(0.139475 -0.171756 0)
(0.124779 -0.193414 0)
(0.106635 -0.21428 0)
(0.0841215 -0.233791 0)
(0.0614737 -0.246923 0)
(0.033409 -0.255373 0)
(0.012774 -0.258589 0)
(0.165914 -0.107289 0)
(0.146951 -0.124012 0)
(0.134 -0.141281 0)
(0.120173 -0.159491 0)
(0.105044 -0.178489 0)
(0.0877678 -0.196552 0)
(0.0680257 -0.213228 0)
(0.0500788 -0.225181 0)
(0.0266882 -0.233633 0)
(0.0116627 -0.238069 0)
(0.14813 -0.09146 0)
(0.130228 -0.109526 0)
(0.116991 -0.127256 0)
(0.102934 -0.145029 0)
(0.0881237 -0.162909 0)
(0.0720066 -0.179968 0)
(0.0545024 -0.195489 0)
(0.0402419 -0.207717 0)
(0.0207316 -0.216252 0)
(0.0101526 -0.221074 0)
(0.129044 -0.0787409 0)
(0.113313 -0.0960448 0)
(0.100253 -0.113083 0)
(0.0862589 -0.130135 0)
(0.0717781 -0.147359 0)
(0.0566576 -0.164222 0)
(0.0407403 -0.179794 0)
(0.0294472 -0.193229 0)
(0.0135945 -0.202646 0)
(0.00765195 -0.207984 0)
(0.110939 -0.0680243 0)
(0.097172 -0.0838117 0)
(0.084154 -0.0996386 0)
(0.0699638 -0.115825 0)
(0.0553525 -0.132615 0)
(0.0406949 -0.14978 0)
(0.0255549 -0.166258 0)
(0.0165584 -0.181775 0)
(0.00444357 -0.193512 0)
(0.00407184 -0.200431 0)
(0.0959154 -0.058065 0)
(0.083731 -0.0716677 0)
(0.0701211 -0.0858759 0)
(0.0549739 -0.101112 0)
(0.0392849 -0.117688 0)
(0.0240708 -0.135701 0)
(0.00852704 -0.154188 0)
(0.00069283 -0.173088 0)
(-0.00771659 -0.189633 0)
(-0.000884833 -0.200464 0)
(0.0917267 -0.0479747 0)
(0.0805336 -0.0586473 0)
(0.0649897 -0.0707416 0)
(0.0473451 -0.0847036 0)
(0.0286726 -0.100986 0)
(0.0104878 -0.120092 0)
(-0.00815456 -0.141947 0)
(-0.0180081 -0.166353 0)
(-0.024698 -0.191755 0)
(-0.00829323 -0.211699 0)
(0.127936 -0.0355585 0)
(0.117069 -0.0428442 0)
(0.0975539 -0.0522097 0)
(0.075133 -0.063952 0)
(0.0502378 -0.0789158 0)
(0.023837 -0.0982173 0)
(-0.00508985 -0.123667 0)
(-0.026992 -0.155382 0)
(-0.0442309 -0.194548 0)
(-0.0196799 -0.231445 0)
(0.286643 -0.0175661 0)
(0.276734 -0.0222264 0)
(0.253227 -0.0280055 0)
(0.226483 -0.0353684 0)
(0.194297 -0.0457468 0)
(0.155509 -0.0607133 0)
(0.108201 -0.0826225 0)
(0.056178 -0.115826 0)
(-0.011013 -0.183722 0)
(-0.0285597 -0.30528 0)
(0.689963 -0.00390109 0)
(0.684993 -0.00632833 0)
(0.668584 -0.00859529 0)
(0.650525 -0.0119736 0)
(0.62595 -0.0175727 0)
(0.593097 -0.0268037 0)
(0.54553 -0.0421853 0)
(0.470416 -0.0699368 0)
(0.35463 -0.124573 0)
(0.261183 -0.210827 0)
(0.187613 -0.1141 1.13178e-19)
(0.171711 -0.092241 -1.11739e-19)
(0.151787 -0.0772329 1.37326e-20)
(0.131804 -0.0655576 0)
(0.113811 -0.0560189 0)
(0.100187 -0.0471391 1.29757e-20)
(0.0996771 -0.0382341 -5.10321e-20)
(0.14335 -0.0283178 5.05232e-20)
(0.309343 -0.0147815 1.2702e-20)
(0.702306 -0.00326993 -1.29206e-20)
(0.191198 -0.107906 -1.23177e-19)
(0.173159 -0.0851073 0)
(0.152211 -0.0708702 8.49579e-20)
(0.1321 -0.0598377 -1.91423e-19)
(0.114454 -0.0509664 1.18083e-19)
(0.101836 -0.0427012 -1.16664e-20)
(0.103408 -0.0344261 2.30415e-20)
(0.150712 -0.0255314 4.56474e-20)
(0.319476 -0.013746 1.13379e-20)
(0.708069 -0.0030898 1.11785e-20)
(0.194288 -0.100439 1.44718e-19)
(0.174246 -0.0775244 -9.71278e-20)
(0.152311 -0.0643486 9.60373e-20)
(0.132175 -0.054075 -9.549e-20)
(0.11499 -0.0459741 7.0908e-20)
(0.103439 -0.0384504 0)
(0.107112 -0.0309403 -2.32446e-20)
(0.157933 -0.0230582 -1.84796e-23)
(0.329318 -0.0128609 -2.29609e-20)
(0.713931 -0.00298403 -2.26846e-20)
(0.197371 -0.0917257 -2.36872e-20)
(0.175582 -0.0695288 0)
(0.152679 -0.057632 0)
(0.13245 -0.0482501 0)
(0.115666 -0.0410294 7.09906e-20)
(0.105053 -0.0343628 -4.70728e-20)
(0.110585 -0.027734 -5.68001e-24)
(0.164459 -0.0208715 -2.32983e-20)
(0.338183 -0.0121172 -1.16302e-20)
(0.719346 -0.00294762 -1.14818e-20)
(0.200376 -0.0818109 5.72233e-22)
(0.177031 -0.061121 -7.05864e-20)
(0.153205 -0.0506797 -4.75469e-20)
(0.132847 -0.0423394 4.73881e-20)
(0.116398 -0.0361138 -2.36888e-20)
(0.106605 -0.0304116 0)
(0.113766 -0.0247558 -2.35501e-20)
(0.170252 -0.0189161 4.69978e-20)
(0.346003 -0.0114738 -2.34688e-20)
(0.724218 -0.00296099 2.32381e-20)
(0.2031 -0.0707168 -1.84809e-19)
(0.178448 -0.052283 2.27662e-20)
(0.153729 -0.0434525 -1.75589e-22)
(0.133254 -0.0363271 4.72694e-20)
(0.117079 -0.0312159 0)
(0.108002 -0.0265791 0)
(0.116577 -0.0219703 0)
(0.175288 -0.0171497 2.3642e-20)
(0.352804 -0.0108952 0)
(0.728598 -0.00300329 0)
(0.205447 -0.0584321 0)
(0.179748 -0.0429912 7.0184e-20)
(0.154195 -0.0359111 -4.69064e-20)
(0.133614 -0.0302032 -4.72738e-20)
(0.117643 -0.02632 4.73504e-20)
(0.109165 -0.022846 2.37096e-20)
(0.118935 -0.0193455 -2.37492e-20)
(0.179498 -0.0155368 -8.32268e-20)
(0.358555 -0.0103588 5.95267e-21)
(0.7325 -0.00306001 -1.77039e-20)
(0.207346 -0.0450551 0)
(0.180823 -0.0332217 -2.32494e-20)
(0.154586 -0.0280301 -1.17081e-20)
(0.133872 -0.0239507 0)
(0.118036 -0.021408 1.18422e-20)
(0.110031 -0.0191882 -3.56257e-20)
(0.120762 -0.0168475 3.57106e-20)
(0.182812 -0.0140421 1.19409e-20)
(0.363203 -0.00984646 -1.19652e-20)
(0.735903 -0.00312098 2.3761e-20)
(0.208693 -0.030692 2.23591e-20)
(0.18159 -0.0229631 2.31986e-20)
(0.154843 -0.0198069 -5.76773e-21)
(0.133975 -0.0175523 5.88565e-21)
(0.118204 -0.0164614 1.18423e-20)
(0.110543 -0.0155796 1.78268e-20)
(0.122001 -0.0144421 -5.95632e-21)
(0.185176 -0.0126311 -5.97526e-21)
(0.366708 -0.00934088 1.20124e-20)
(0.738783 -0.00317793 5.95036e-21)
(0.209382 -0.0154601 -5.65213e-21)
(0.182014 -0.0122264 5.72684e-21)
(0.154896 -0.0112512 -5.83486e-21)
(0.133871 -0.0109974 -5.88416e-21)
(0.118101 -0.0114616 5.91515e-21)
(0.110657 -0.0119924 -1.18861e-20)
(0.122608 -0.0120959 8.94207e-21)
(0.186556 -0.0112717 2.99249e-21)
(0.369044 -0.00882552 0)
(0.741119 -0.00322372 -5.96349e-21)
(0.209345 0.000497629 5.64414e-21)
(0.182053 -0.00104577 -5.71851e-21)
(0.154687 -0.00238486 -5.82528e-21)
(0.133516 -0.00428179 -5.87599e-21)
(0.117693 -0.00639191 -5.91172e-21)
(0.110343 -0.00839885 3.15109e-24)
(0.122557 -0.0097776 2.97759e-21)
(0.186936 -0.00993609 8.96143e-21)
(0.370199 -0.00828352 0)
(0.742894 -0.0032511 -5.94626e-21)
(0.208561 0.0170127 0)
(0.18166 0.0105258 -2.31124e-20)
(0.154177 0.00675524 4.06899e-20)
(0.132884 0.00259185 5.87832e-21)
(0.116959 -0.00123726 1.18166e-20)
(0.109583 -0.00477179 1.77902e-20)
(0.121836 -0.00745823 -5.9469e-21)
(0.186313 -0.00860021 -5.96267e-21)
(0.370169 -0.0076975 1.19541e-20)
(0.744093 -0.00325245 5.93246e-21)
(0.20705 0.0338906 0)
(0.180795 0.0224208 -2.30029e-20)
(0.153347 0.0161165 -1.16731e-20)
(0.13196 0.00961442 0)
(0.115894 0.004014 -3.54263e-20)
(0.108377 -0.00108571 1.18446e-20)
(0.120453 -0.00511097 1.18602e-20)
(0.184704 -0.00724342 3.561e-20)
(0.368961 -0.00704866 -1.19074e-20)
(0.7447 -0.00321897 2.35575e-20)
(0.204863 0.0509111 0)
(0.179434 0.0345582 2.3105e-20)
(0.152198 0.0256317 0)
(0.130748 0.0167692 4.70892e-20)
(0.114507 0.00936845 -4.71586e-20)
(0.106737 0.00268211 -2.36002e-20)
(0.118427 -0.00271084 1.95718e-23)
(0.182141 -0.0058478 -3.5418e-20)
(0.366601 -0.00631561 -5.91307e-21)
(0.744703 -0.00313954 -2.92439e-20)
(0.202077 0.0678266 1.80404e-19)
(0.177574 0.0468418 -6.86559e-20)
(0.150747 0.0352192 4.22283e-22)
(0.129266 0.0240288 -4.69647e-20)
(0.112821 0.0148254 0)
(0.104691 0.00655055 -2.35316e-20)
(0.115795 -0.000233458 6.23129e-23)
(0.178674 -0.00439614 4.69285e-20)
(0.363127 -0.00547366 5.85759e-21)
(0.744086 -0.00299981 -5.78652e-21)
(0.198791 0.0843585 -2.79672e-21)
(0.175243 0.0591529 1.1591e-19)
(0.149024 0.0447832 4.7185e-20)
(0.127544 0.0313518 -4.70125e-20)
(0.110873 0.0203741 -2.3564e-20)
(0.102277 0.0105339 0)
(0.112605 0.00234724 -4.66962e-20)
(0.174374 -0.0028681 2.33022e-20)
(0.358598 -0.00449424 2.31993e-20)
(0.742835 -0.00278172 2.28733e-20)
(0.195147 0.100187 -2.30545e-20)
(0.172523 0.0713353 0)
(0.147086 0.054211 0)
(0.125638 0.0386786 0)
(0.108717 0.0259921 -2.35316e-20)
(0.0995529 0.0146408 4.68024e-20)
(0.10892 0.00506208 4.63803e-20)
(0.169324 -0.00123402 -6.91265e-20)
(0.353094 -0.00334412 1.1455e-20)
(0.740938 -0.00246159 -3.38667e-20)
(0.191307 0.114926 -4.41517e-20)
(0.169548 0.0831777 9.53463e-20)
(0.145031 0.0633703 -9.4219e-20)
(0.123645 0.045929 9.48416e-20)
(0.106445 0.0316431 -1.1741e-19)
(0.0966004 0.0188769 0)
(0.104798 0.00795528 -2.30475e-20)
(0.163551 0.00055681 1.04752e-23)
(0.34663 -0.00198886 -2.25704e-20)
(0.738373 -0.00200539 -2.22509e-20)
(0.186979 0.128081 -2.36769e-20)
(0.166271 0.0943762 0)
(0.142876 0.0720938 -1.07892e-19)
(0.121639 0.0529979 1.89571e-19)
(0.10415 0.0372793 -7.02632e-20)
(0.0935124 0.0232543 -1.16002e-20)
(0.100278 0.0111112 2.28471e-20)
(0.156967 0.00260462 4.57812e-23)
(0.338987 -0.000424013 3.33939e-20)
(0.735037 -0.00138616 3.28282e-20)
(0.181247 0.139013 -1.03102e-19)
(0.162259 0.104431 1.02458e-19)
(0.140248 0.0801325 1.30124e-20)
(0.119359 0.0597347 0)
(0.101668 0.0428294 0)
(0.0902698 0.0277886 1.26266e-20)
(0.0955687 0.0146671 4.94456e-20)
(0.150092 0.00509152 -4.84877e-20)
(0.3307 0.0012612 -1.16885e-20)
(0.730794 -0.000688866 1.09793e-20)
(0.1712 0.154539 0)
(0.152873 0.12157 0)
(0.132593 0.0954785 0)
(0.112215 0.0737868 0)
(0.0942737 0.0552568 0)
(0.0818868 0.0387484 0)
(0.0856049 0.0241946 0)
(0.138941 0.0124297 0)
(0.320881 0.0053086 0)
(0.725401 0.000600948 0)
(0.133663 0.16353 0)
(0.1206 0.137291 0)
(0.10521 0.112526 0)
(0.0889814 0.0909916 0)
(0.0741944 0.0711536 0)
(0.0648018 0.0525706 0)
(0.0724398 0.035499 0)
(0.131012 0.0207043 0)
(0.316802 0.00960511 0)
(0.722129 0.00224417 0)
(0.107082 0.171082 0)
(0.0957557 0.149227 0)
(0.0821406 0.126412 0)
(0.0675203 0.105747 0)
(0.0539083 0.0852373 0)
(0.0455998 0.064807 0)
(0.0551044 0.0449157 0)
(0.11714 0.0265116 0)
(0.307438 0.0115216 0)
(0.7168 0.00283155 0)
(0.0864854 0.179039 0)
(0.0754693 0.161164 0)
(0.0617032 0.140255 0)
(0.0469118 0.120477 0)
(0.0328484 0.0996162 0)
(0.0240676 0.0776001 0)
(0.0340051 0.054881 0)
(0.0984688 0.0326333 0)
(0.293347 0.0133152 0)
(0.709569 0.00283403 0)
(0.0682246 0.189967 0)
(0.0569895 0.174217 0)
(0.0424381 0.155044 0)
(0.0265125 0.136361 0)
(0.0107231 0.115652 0)
(8.69413e-05 0.0924794 0)
(0.00932145 0.0670909 0)
(0.0757797 0.0409503 0)
(0.275508 0.0166949 0)
(0.70021 0.00313926 0)
(0.0527404 0.201272 0)
(0.0409683 0.187965 0)
(0.0255935 0.17122 0)
(0.00821099 0.154522 0)
(-0.0103498 0.135091 0)
(-0.024621 0.11181 0)
(-0.0180668 0.0846704 0)
(0.0490947 0.0553876 0)
(0.253245 0.0248577 0)
(0.68842 0.00430095 0)
(0.0359708 0.21506 0)
(0.0241477 0.202538 0)
(0.00826728 0.188516 0)
(-0.0106911 0.175356 0)
(-0.0324776 0.159958 0)
(-0.0516911 0.140068 0)
(-0.0497277 0.115291 0)
(0.0162365 0.0868592 0)
(0.221571 0.0486497 0)
(0.662532 0.00989491 0)
(0.0264292 0.227237 0)
(0.0156348 0.217545 0)
(0.000530973 0.20799 0)
(-0.0192101 0.200463 0)
(-0.0440979 0.192837 0)
(-0.0691389 0.182899 0)
(-0.0739612 0.170359 0)
(-0.013364 0.154411 0)
(0.183941 0.112076 0)
(0.620837 0.0264251 0)
(0.0111722 0.239529 0)
(0.00286057 0.231298 0)
(-0.00908843 0.226914 0)
(-0.026142 0.228327 0)
(-0.050087 0.23514 0)
(-0.0772466 0.247155 0)
(-0.0898605 0.266477 0)
(-0.0501436 0.289 0)
(0.101722 0.258002 0)
(0.487287 0.0806097 0)
(0.00690044 0.247969 0)
(0.00366392 0.241885 0)
(-0.00124368 0.242275 0)
(-0.00848354 0.25306 0)
(-0.0190444 0.278289 0)
(-0.0306127 0.324385 0)
(-0.0322144 0.399947 0)
(-0.000737229 0.486301 0)
(0.102199 0.471968 0)
(0.370335 0.186603 0)
(0.159467 0.178651 1.03606e-19)
(0.128115 0.182941 -1.02707e-19)
(0.105842 0.18732 1.27737e-20)
(0.0872682 0.193384 0)
(0.0705354 0.20299 0)
(0.056125 0.213095 1.24713e-20)
(0.0401316 0.225511 -4.97104e-20)
(0.030156 0.236271 4.90434e-20)
(0.0144628 0.247356 1.21875e-20)
(0.00786581 0.25502 -1.20938e-20)
(0.153802 0.187037 -1.11448e-19)
(0.125474 0.189932 0)
(0.105426 0.193031 7.88739e-20)
(0.0877968 0.198737 -1.78344e-19)
(0.0716953 0.208013 1.10471e-19)
(0.0576508 0.217905 -1.10695e-20)
(0.0418925 0.22977 2.18888e-20)
(0.0316373 0.240196 4.36767e-20)
(0.0157879 0.250804 1.08386e-20)
(0.00818697 0.258313 1.08018e-20)
(0.147425 0.193106 1.30629e-19)
(0.122799 0.195636 -8.91994e-20)
(0.105188 0.197937 8.81878e-20)
(0.0886538 0.203657 -8.89347e-20)
(0.0731548 0.212768 6.59118e-20)
(0.0593835 0.222621 0)
(0.0437623 0.234017 -2.20824e-20)
(0.0331221 0.244256 -1.33648e-22)
(0.0170917 0.254445 -2.19817e-20)
(0.0084567 0.26189 -2.20138e-20)
(0.140455 0.198184 -2.14177e-20)
(0.120143 0.200711 0)
(0.105137 0.202801 0)
(0.0898203 0.2086 0)
(0.0749156 0.21758 6.61568e-20)
(0.0613512 0.227396 -4.3961e-20)
(0.0457737 0.238377 -1.1609e-22)
(0.0346517 0.248478 -2.21267e-20)
(0.0183911 0.2583 -1.10364e-20)
(0.00869955 0.265736 -1.10031e-20)
(0.133104 0.202148 1.27708e-21)
(0.117529 0.205061 -6.37886e-20)
(0.105271 0.207396 -4.35616e-20)
(0.0912968 0.213426 4.34138e-20)
(0.0769928 0.222413 -2.19838e-20)
(0.0635718 0.232234 0)
(0.0479494 0.242873 -2.21457e-20)
(0.036257 0.252864 4.43728e-20)
(0.0196987 0.262397 -2.21413e-20)
(0.00893691 0.269855 2.23516e-20)
(0.125604 0.204718 -1.65463e-19)
(0.115017 0.208455 2.01058e-20)
(0.105615 0.211502 -4.35938e-22)
(0.093101 0.218014 4.30877e-20)
(0.0794057 0.227173 0)
(0.0660708 0.237088 0)
(0.0503131 0.247499 0)
(0.0379727 0.257409 2.21e-20)
(0.0210317 0.266761 0)
(0.00918314 0.274259 0)
(0.11825 0.205774 0)
(0.11272 0.210764 6.31369e-20)
(0.10623 0.215017 -4.22671e-20)
(0.0952585 0.222301 -4.31567e-20)
(0.0821706 0.231831 4.32262e-20)
(0.0688687 0.241954 2.19357e-20)
(0.0528852 0.252255 -2.18599e-20)
(0.039826 0.262134 -7.75471e-20)
(0.0224048 0.271387 5.55063e-21)
(0.00945064 0.278944 -1.67657e-20)
(0.111414 0.205258 0)
(0.110801 0.211916 -2.08429e-20)
(0.107207 0.217866 -1.04888e-20)
(0.0978042 0.226242 0)
(0.0853033 0.236366 1.0896e-20)
(0.0719785 0.246835 -3.25721e-20)
(0.05568 0.25715 3.30366e-20)
(0.0418357 0.267056 1.11589e-20)
(0.0238283 0.276278 -1.10873e-20)
(0.00974918 0.283909 2.25289e-20)
(0.105538 0.203145 1.97277e-20)
(0.109473 0.211857 2.0681e-20)
(0.108668 0.219984 -5.09498e-21)
(0.100785 0.229789 5.27733e-21)
(0.0888218 0.240753 1.07538e-20)
(0.0754102 0.251724 1.62741e-20)
(0.0587067 0.262184 -5.4483e-21)
(0.0440139 0.272186 -5.4942e-21)
(0.0253099 0.28144 1.1131e-20)
(0.0100858 0.289157 5.58516e-21)
(0.10111 0.199458 -4.97628e-21)
(0.108992 0.210566 5.05304e-21)
(0.110762 0.221322 -5.19636e-21)
(0.104264 0.2329 -5.27629e-21)
(0.092749 0.244965 5.34214e-21)
(0.0791733 0.256613 -1.07712e-20)
(0.0619725 0.267356 8.17889e-21)
(0.0463697 0.277529 2.76662e-21)
(0.026857 0.286876 0)
(0.0104655 0.294691 -5.59818e-21)
(0.00178253 0.00469343 0)
(0.0240723 0.00851226 0)
(0.0570794 0.0172663 -2.25609e-19)
(0.0919866 0.0266897 0)
(0.126499 0.0369258 1.1316e-19)
(0.159168 0.0478824 -1.09835e-19)
(0.189199 0.0595824 0)
(0.216404 0.0723308 0)
(0.241388 0.0865798 -1.97401e-19)
(0.265508 0.100283 4.00805e-19)
(0.00687302 0.00156592 0)
(0.0372236 0.00319301 -1.6213e-19)
(0.0767617 0.0122766 -5.33773e-20)
(0.116904 0.022795 -2.24679e-19)
(0.155592 0.0344574 -1.10095e-19)
(0.191606 0.0468944 -3.25437e-19)
(0.224413 0.059929 0)
(0.254116 0.0736013 0)
(0.281386 0.0876545 0)
(0.306809 0.0996219 -2.5803e-21)
(0.0131399 -0.00117452 0)
(0.0524925 -0.000899137 -5.2598e-20)
(0.0987777 0.00915069 1.1309e-19)
(0.144008 0.0211786 1.69245e-19)
(0.186462 0.0344534 2.22008e-21)
(0.225188 0.0483241 2.38099e-21)
(0.259862 0.0624087 2.07329e-19)
(0.290675 0.0765282 -1.99225e-19)
(0.318129 0.0902135 3.81283e-19)
(0.342339 0.101723 -3.8759e-19)
(0.020518 -0.00331275 -2.33165e-20)
(0.0695874 -0.00341271 1.61141e-19)
(0.122575 0.0082024 2.76062e-19)
(0.172481 0.0220569 -3.32039e-19)
(0.218038 0.0370173 2.19097e-19)
(0.258621 0.0522036 2.14166e-19)
(0.29413 0.0671058 -1.04317e-19)
(0.324848 0.0814692 3.96601e-19)
(0.351219 0.0949118 -3.93266e-21)
(0.373342 0.106441 -1.9177e-19)
(0.0288702 -0.00463429 -2.3762e-20)
(0.0880889 -0.00403182 2.58191e-20)
(0.14747 0.00967054 0)
(0.201414 0.0255371 2.75918e-19)
(0.249238 0.0421117 -5.39775e-20)
(0.290737 0.0583725 4.09544e-22)
(0.326111 0.0737749 -1.01979e-19)
(0.355827 0.0881013 -2.92323e-19)
(0.380436 0.101164 -5.49638e-22)
(0.400238 0.11255 2.81447e-19)
(0.0379845 -0.0049445 0)
(0.107459 -0.00250987 -1.59065e-19)
(0.17268 0.0136836 5.38094e-20)
(0.229845 0.0315854 -1.63748e-19)
(0.279008 0.0495368 5.36016e-20)
(0.320494 0.0664841 5.00056e-22)
(0.354893 0.0819465 4.18701e-22)
(0.382951 0.0958284 1.9382e-19)
(0.405434 0.108169 -2.76673e-19)
(0.4229 0.118983 2.7918e-19)
(0.0475773 -0.00408863 1.14349e-20)
(0.127061 0.00129826 1.05611e-19)
(0.197354 0.0202329 0)
(0.256813 0.0400148 1.63468e-19)
(0.306375 0.0589396 -1.60241e-19)
(0.347005 0.0760498 -5.19965e-20)
(0.379762 0.0910269 1.509e-19)
(0.405739 0.103963 0)
(0.425959 0.115134 0)
(0.441232 0.124857 0)
(0.0572969 -0.00196988 -1.17828e-20)
(0.146189 0.00741138 -4.00088e-20)
(0.220627 0.0291602 5.41778e-20)
(0.281408 0.050491 8.14572e-20)
(0.330493 0.0698431 8.0298e-20)
(0.369573 0.0864954 5.18552e-20)
(0.400229 0.100384 0)
(0.423923 0.111843 9.5164e-20)
(0.44194 0.121377 -4.60093e-20)
(0.455296 0.129522 0)
(0.0667331 0.00143406 0)
(0.1641 0.0157051 7.93474e-20)
(0.241658 0.0401566 -5.41695e-20)
(0.302825 0.0625521 -5.4251e-20)
(0.350687 0.0816871 4.44023e-23)
(0.387715 0.0972188 -2.59364e-20)
(0.416026 0.109421 2.49728e-20)
(0.437444 0.118903 0)
(0.453478 0.126392 -4.54589e-20)
(0.465291 0.132573 -4.55464e-20)
(0.0754928 0.00605497 1.45863e-21)
(0.180102 0.0259031 -2.98909e-20)
(0.259716 0.0527733 -3.47094e-21)
(0.320423 0.0756379 -5.23603e-23)
(0.36649 0.0938705 -2.00571e-20)
(0.401171 0.107639 0)
(0.427102 0.11762 -2.49698e-20)
(0.44642 0.124715 0)
(0.460807 0.129852 0)
(0.471507 0.133818 0)
(0.0833856 0.011748 -2.96417e-21)
(0.193695 0.0376082 0)
(0.274281 0.0664612 0)
(0.333793 0.0891375 -2.07653e-20)
(0.377668 0.1058 6.75509e-21)
(0.409904 0.117238 -3.81185e-23)
(0.433586 0.124569 -1.2609e-20)
(0.451106 0.128984 0)
(0.464249 0.131586 0)
(0.474275 0.133221 0)
(0.0901332 0.0183493 0)
(0.204433 0.0504146 -1.37516e-20)
(0.284958 0.0806795 1.38486e-20)
(0.342699 0.102484 2.76478e-20)
(0.384176 0.116965 0)
(0.414035 0.125608 2.63787e-20)
(0.43573 0.129985 -2.54793e-20)
(0.451825 0.131549 0)
(0.464147 0.131546 4.56897e-20)
(0.473913 0.130849 -4.72206e-20)
(0.0952729 0.0256004 0)
(0.211774 0.0637758 1.12803e-19)
(0.291366 0.0947908 0)
(0.346973 0.115071 1.14175e-19)
(0.386051 0.126862 0)
(0.413766 0.132386 -1.08292e-19)
(0.433834 0.133644 0)
(0.448918 0.132312 9.76305e-20)
(0.460831 0.12974 -9.38428e-20)
(0.470705 0.126806 -9.59891e-20)
(0.0985361 0.0331642 -2.59759e-20)
(0.215435 0.077062 -5.59254e-20)
(0.293385 0.108132 -2.88513e-20)
(0.346687 0.126319 -5.6502e-20)
(0.383528 0.135054 -5.64198e-20)
(0.409437 0.137287 5.38585e-20)
(0.42828 0.135401 5.25878e-20)
(0.442754 0.13124 1.62011e-21)
(0.454622 0.126221 9.54032e-20)
(0.4649 0.121219 9.63542e-20)
(0.0997776 0.0406646 -2.6635e-20)
(0.21532 0.0896261 -5.87752e-20)
(0.291086 0.120069 -1.20652e-19)
(0.342079 0.13571 5.88629e-20)
(0.376966 0.141177 0)
(0.401466 0.140097 0)
(0.419486 0.135169 -1.06365e-19)
(0.433706 0.128339 -1.01454e-19)
(0.445818 0.121063 9.77044e-20)
(0.456726 0.114221 -9.63005e-20)
(0.0989445 0.0477071 2.77082e-20)
(0.211499 0.100837 3.03366e-20)
(0.284702 0.130024 -1.88032e-19)
(0.333514 0.142804 3.05596e-19)
(0.366814 0.144946 -5.91129e-20)
(0.390325 0.140668 0)
(0.407897 0.132903 0)
(0.422146 0.123636 5.2067e-19)
(0.434705 0.114328 -4.92701e-19)
(0.446404 0.105906 -3.03724e-19)
(0.0960828 0.0539027 2.34712e-19)
(0.204195 0.110115 0)
(0.274605 0.137499 2.47543e-19)
(0.321465 0.147246 -2.4519e-19)
(0.353585 0.146144 0)
(0.376526 0.138894 1.1648e-19)
(0.393979 0.12858 -3.39367e-19)
(0.408455 0.117153 -4.22644e-19)
(0.421559 0.106038 2.03654e-19)
(0.43416 0.0962844 2.07193e-19)
(0.0913398 0.0588939 -4.78812e-19)
(0.193778 0.116959 -6.42467e-20)
(0.261286 0.142096 -1.33291e-19)
(0.306477 0.148773 -3.2312e-19)
(0.337834 0.144627 -1.24072e-19)
(0.360608 0.134715 -1.22784e-19)
(0.378234 0.122193 -5.78878e-21)
(0.393067 0.108914 0)
(0.406731 0.0961727 0)
(0.420268 0.0852314 4.31356e-19)
(0.0849566 0.0623803 2.44105e-19)
(0.180735 0.12098 -2.69813e-19)
(0.24532 0.143529 1.96115e-19)
(0.289137 0.147218 4.5613e-19)
(0.320122 0.140313 -1.28235e-19)
(0.343105 0.128093 1.162e-19)
(0.361198 0.113727 1.1427e-19)
(0.376554 0.0989321 0)
(0.390862 0.0847546 0)
(0.405264 0.0727616 -2.18577e-19)
(0.0772571 0.064142 -3.2296e-20)
(0.16565 0.12192 3.38237e-19)
(0.227337 0.141642 -6.88407e-20)
(0.270039 0.142521 0)
(0.30097 0.133187 0)
(0.324476 0.11899 2.49709e-19)
(0.34333 0.10304 0)
(0.359504 0.0868951 -2.27953e-19)
(0.374752 0.0713407 3.63285e-21)
(0.390011 0.0586533 2.28409e-19)
(0.0686179 0.0640546 0)
(0.149149 0.119659 0)
(0.207983 0.136412 -2.86233e-19)
(0.249758 0.134736 0)
(0.280824 0.123345 1.34234e-19)
(0.304998 0.107469 -1.30313e-19)
(0.324738 0.089998 0)
(0.34187 0.0720976 0)
(0.358035 0.0535465 -2.22481e-19)
(0.372194 0.0351131 4.75406e-19)
(0.0594108 0.0620398 0)
(0.131869 0.114196 -2.2214e-19)
(0.18791 0.127936 -8.0206e-20)
(0.228859 0.124048 -2.88089e-19)
(0.260096 0.111068 -1.4186e-19)
(0.284859 0.0939848 -4.02424e-19)
(0.305273 0.0754579 0)
(0.32297 0.0565437 0)
(0.339238 0.0371875 0)
(0.352549 0.0183653 4.57725e-21)
(0.0500381 0.0580968 0)
(0.114495 0.105652 -8.13979e-20)
(0.167798 0.116432 1.41933e-19)
(0.207945 0.110742 2.14927e-19)
(0.239295 0.0967117 -5.95573e-21)
(0.26449 0.0790067 -5.69613e-21)
(0.285324 0.0600722 2.62899e-19)
(0.303212 0.0409253 -2.50764e-19)
(0.319206 0.021711 4.73952e-19)
(0.332098 0.00336982 -5.00715e-19)
(0.0409427 0.0523845 -3.64933e-20)
(0.0977032 0.0943177 2.25922e-19)
(0.148308 0.102236 3.76908e-19)
(0.187612 0.0951666 -4.48226e-19)
(0.218962 0.0806209 2.86785e-19)
(0.24443 0.0628674 2.75886e-19)
(0.265512 0.0441263 -1.29542e-19)
(0.283451 0.0253599 5.03016e-19)
(0.299201 0.00680144 3.21095e-21)
(0.311956 -0.0107948 -2.56222e-19)
(0.0325276 0.0451595 -3.655e-20)
(0.082105 0.0806018 3.97229e-20)
(0.130042 0.0857694 0)
(0.168412 0.0777081 3.75519e-19)
(0.19961 0.0631266 -7.3704e-20)
(0.225183 0.0458171 -1.63212e-21)
(0.246369 0.0277448 -1.35729e-19)
(0.264269 0.00978153 -3.87067e-19)
(0.279788 -0.00783 3.40221e-21)
(0.292454 -0.0245728 3.92009e-19)
(0.0251248 0.0367432 0)
(0.0682151 0.0650017 -2.3766e-19)
(0.113518 0.067517 7.90958e-20)
(0.150831 0.0587881 -2.31067e-19)
(0.181691 0.0445656 7.47966e-20)
(0.207183 0.0280946 -4.62348e-22)
(0.228316 0.0110519 -2.80235e-22)
(0.246072 -0.0058106 2.60634e-19)
(0.261305 -0.0222784 -3.75011e-19)
(0.273813 -0.0380487 3.98889e-19)
(0.0189836 0.0275014 1.91817e-20)
(0.0564345 0.0480743 1.59108e-19)
(0.0991573 0.0480096 0)
(0.135273 0.0388569 2.3197e-19)
(0.165586 0.0252911 -2.26989e-19)
(0.19079 0.0099549 -7.21745e-20)
(0.211695 -0.00578976 2.07738e-19)
(0.229175 -0.0213319 0)
(0.24402 -0.0365014 0)
(0.256252 -0.0511586 0)
(0.014264 0.0178223 -1.89736e-20)
(0.0470395 0.0304078 -6.04174e-20)
(0.0872703 0.0278042 8.04921e-20)
(0.12205 0.0183852 1.17765e-19)
(0.151601 0.00567453 1.1309e-19)
(0.176296 -0.00832416 7.34026e-20)
(0.196783 -0.022582 0)
(0.213831 -0.0366426 1.33779e-19)
(0.228166 -0.0503895 -6.41965e-20)
(0.239984 -0.0637959 0)
(0.0110358 0.00809492 0)
(0.0401789 0.0125939 1.2172e-19)
(0.0780537 0.00746469 -8.04775e-20)
(0.11138 -0.0021465 -7.87094e-20)
(0.139959 -0.0138986 2.38968e-22)
(0.163927 -0.0264446 -3.64098e-20)
(0.183797 -0.0390989 3.5423e-20)
(0.200251 -0.0515689 0)
(0.213943 -0.0637995 -6.4384e-20)
(0.225204 -0.0758366 -6.82374e-20)
(0.00928248 -0.00131484 2.42999e-21)
(0.0358769 -0.00479995 -4.57425e-20)
(0.0715911 -0.0124596 -4.97206e-21)
(0.103384 -0.0222619 1.02427e-22)
(0.130807 -0.0330381 -2.86752e-20)
(0.153841 -0.0440964 0)
(0.172903 -0.0550966 -3.54146e-20)
(0.188601 -0.0659167 0)
(0.201521 -0.0765707 0)
(0.212088 -0.0871498 0)
(0.00891399 -0.0100992 -4.85058e-21)
(0.0340465 -0.021261 0)
(0.0678607 -0.0314588 0)
(0.0980949 -0.0415085 -2.98139e-20)
(0.124216 -0.051365 9.51604e-21)
(0.146136 -0.0609712 -1.19962e-22)
(0.164216 -0.0703275 -1.78728e-20)
(0.179007 -0.0794861 0)
(0.191037 -0.0885386 0)
(0.200786 -0.0976049 0)
(0.00978324 -0.0180408 0)
(0.0345043 -0.0363954 -2.02214e-20)
(0.0667382 -0.0491012 2.03678e-20)
(0.0954499 -0.059484 3.96912e-20)
(0.120176 -0.0685287 0)
(0.140842 -0.076774 3.70591e-20)
(0.157792 -0.0845484 -3.57968e-20)
(0.171547 -0.0920782 0)
(0.182587 -0.0995398 6.55552e-20)
(0.191414 -0.107076 -6.91561e-20)
(0.0117116 -0.0249472 0)
(0.0370068 -0.0498446 1.61534e-19)
(0.0680291 -0.0649887 0)
(0.0953165 -0.075803 1.58119e-19)
(0.11861 -0.0841815 0)
(0.137927 -0.0912039 -1.48422e-19)
(0.153636 -0.0975061 0)
(0.16625 -0.103485 1.36952e-19)
(0.176221 -0.109405 -1.31637e-19)
(0.18405 -0.115434 -1.38317e-19)
(0.0144952 -0.0306814 -3.75357e-20)
(0.0412567 -0.0613307 -8.06509e-20)
(0.0714738 -0.0787938 -4.0369e-20)
(0.0974959 -0.0901343 -7.94302e-20)
(0.11938 -0.0980136 -7.69683e-20)
(0.137304 -0.103985 7.43978e-20)
(0.151698 -0.108963 7.14924e-20)
(0.163094 -0.113508 3.17417e-23)
(0.171941 -0.117975 1.31651e-19)
(0.178719 -0.122559 1.38098e-19)
(0.0179186 -0.0351692 -3.76033e-20)
(0.0469227 -0.0706671 -7.96168e-20)
(0.0767635 -0.0902696 -1.58558e-19)
(0.101733 -0.102209 7.87867e-20)
(0.12229 -0.109759 0)
(0.138826 -0.114869 0)
(0.151873 -0.1187 -1.42312e-19)
(0.162004 -0.121961 -1.36722e-19)
(0.169689 -0.125097 1.31368e-19)
(0.175385 -0.128337 -1.37888e-19)
(0.0217683 -0.0383922 3.68212e-20)
(0.0536574 -0.0777531 3.89678e-20)
(0.0835561 -0.0992488 -2.36261e-19)
(0.10773 -0.111823 3.89089e-19)
(0.127094 -0.119199 -7.62178e-20)
(0.142299 -0.12364 0)
(0.154004 -0.126514 0)
(0.162847 -0.128667 6.82832e-19)
(0.169347 -0.130624 -6.56497e-19)
(0.173948 -0.132657 -4.12884e-19)
(0.0258432 -0.0403805 2.91711e-19)
(0.0611149 -0.0825672 0)
(0.091492 -0.105643 3.15847e-19)
(0.115156 -0.118839 -3.11173e-19)
(0.13351 -0.126169 0)
(0.147485 -0.13012 1.46585e-19)
(0.157889 -0.132227 -4.24072e-19)
(0.165443 -0.133458 -5.45391e-19)
(0.170738 -0.134415 2.61946e-19)
(0.174232 -0.135415 2.74875e-19)
(0.0299629 -0.0412039 -5.79606e-19)
(0.0689648 -0.0851594 -7.75555e-20)
(0.10021 -0.109441 -1.54407e-19)
(0.123667 -0.123191 -3.83663e-19)
(0.141226 -0.130562 -1.50334e-19)
(0.154113 -0.134173 -1.45066e-19)
(0.163293 -0.135686 1.21715e-21)
(0.169574 -0.136171 0)
(0.173635 -0.136309 0)
(0.17599 -0.136487 5.47537e-19)
(0.0339745 -0.0409632 2.87899e-19)
(0.0769049 -0.0856403 -3.05894e-19)
(0.109358 -0.1107 2.33195e-19)
(0.132909 -0.124882 5.35714e-19)
(0.149916 -0.132333 -1.49372e-19)
(0.161893 -0.13572 1.46834e-19)
(0.169965 -0.136769 1.41032e-19)
(0.175013 -0.13663 0)
(0.177779 -0.136073 0)
(0.178899 -0.135623 -2.73293e-19)
(0.0377587 -0.0397835 -3.52803e-20)
(0.0846708 -0.0841695 3.81986e-19)
(0.118608 -0.109539 -7.65656e-20)
(0.142539 -0.123982 0)
(0.159249 -0.131511 0)
(0.170531 -0.134748 2.89365e-19)
(0.177671 -0.135419 0)
(0.181608 -0.134686 -2.69848e-19)
(0.183049 -0.133398 -5.75165e-22)
(0.182772 -0.132335 2.71807e-19)
(0.0412336 -0.0378008 0)
(0.092044 -0.0809363 0)
(0.127662 -0.106124 -3.01592e-19)
(0.152221 -0.120616 0)
(0.168886 -0.128187 1.47468e-19)
(0.179715 -0.131342 -1.4315e-19)
(0.186184 -0.131735 0)
(0.189366 -0.130469 0)
(0.189922 -0.128435 -2.59518e-19)
(0.188688 -0.126093 5.42367e-19)
(0.0443132 -0.0351238 0)
(0.0988258 -0.0761254 -2.21701e-19)
(0.136245 -0.100641 -7.20763e-20)
(0.161633 -0.114948 -2.96579e-19)
(0.178473 -0.122506 -1.44811e-19)
(0.18905 -0.12566 -4.26218e-19)
(0.195009 -0.125991 0)
(0.197544 -0.124604 0)
(0.197377 -0.122474 0)
(0.195265 -0.119962 -9.49915e-22)
(0.0469117 -0.0318629 0)
(0.104831 -0.0699516 -7.05861e-20)
(0.144101 -0.0933184 1.51592e-19)
(0.170469 -0.107182 2.22922e-19)
(0.187661 -0.114634 2.18576e-21)
(0.198146 -0.117821 1.86512e-21)
(0.203694 -0.118221 2.74016e-19)
(0.205588 -0.11691 -2.65196e-19)
(0.204623 -0.114848 5.13479e-19)
(0.201554 -0.112312 -5.36852e-19)
(0.0489963 -0.0281515 -3.35203e-20)
(0.109944 -0.062657 2.20108e-19)
(0.151035 -0.0844125 3.69461e-19)
(0.178475 -0.09755 -4.38459e-19)
(0.196154 -0.10476 2.88328e-19)
(0.206679 -0.107952 2.81394e-19)
(0.211916 -0.108474 -1.37808e-19)
(0.213223 -0.107328 5.30438e-19)
(0.211478 -0.105418 -5.06719e-24)
(0.207482 -0.102986 -2.66878e-19)
(0.0505601 -0.0241223 -3.31631e-20)
(0.114095 -0.0544833 3.60376e-20)
(0.156901 -0.0741849 0)
(0.185445 -0.0863013 3.64471e-19)
(0.203708 -0.0931006 -7.12429e-20)
(0.214385 -0.0962271 9.06652e-22)
(0.219422 -0.0968711 -1.35377e-19)
(0.220246 -0.0959383 -3.95163e-19)
(0.217829 -0.0942511 -1.34912e-21)
(0.213004 -0.0920538 3.98831e-19)
(0.0516179 -0.0198932 0)
(0.117245 -0.0456535 -2.1384e-19)
(0.161601 -0.0628963 7.21122e-20)
(0.191224 -0.0736984 -2.15703e-19)
(0.210127 -0.079894 7.06863e-20)
(0.221052 -0.0828482 -3.53012e-23)
(0.226 -0.0835803 -9.87549e-23)
(0.226465 -0.0828763 2.62541e-19)
(0.223522 -0.0814567 -3.801e-19)
(0.218036 -0.0796035 3.96377e-19)
(0.0521923 -0.0155634 1.62083e-20)
(0.11939 -0.0363752 1.42214e-19)
(0.165075 -0.0508026 0)
(0.195706 -0.0600067 2.15137e-19)
(0.215267 -0.065393 -2.10508e-19)
(0.226511 -0.0680452 -6.92063e-20)
(0.23147 -0.0687998 2.01469e-19)
(0.231693 -0.0683206 0)
(0.228342 -0.067229 0)
(0.222344 -0.0657422 0)
(0.052308 -0.0112162 -1.60892e-20)
(0.120548 -0.0268368 -5.23428e-20)
(0.167302 -0.0381459 7.07555e-20)
(0.198828 -0.0454891 1.06176e-19)
(0.219028 -0.0498598 1.05545e-19)
(0.230637 -0.052063 6.82648e-20)
(0.235695 -0.0527481 0)
(0.235788 -0.0524477 1.29978e-19)
(0.23214 -0.051663 -6.23866e-20)
(0.225714 -0.0505436 0)
(0.0519851 -0.00692168 0)
(0.120751 -0.0172075 1.04429e-19)
(0.168287 -0.0251532 -7.07436e-20)
(0.200558 -0.0304024 -7.05806e-20)
(0.221352 -0.0335593 -2.82861e-22)
(0.233349 -0.0351593 -3.44014e-20)
(0.23858 -0.0356645 3.30641e-20)
(0.238648 -0.0354689 0)
(0.234825 -0.034939 -6.25396e-20)
(0.228097 -0.0341891 -6.53922e-20)
(0.0512693 -0.00274082 1.96939e-21)
(0.120061 -0.0076412 -3.89245e-20)
(0.168067 -0.0120381 -4.42161e-21)
(0.200907 -0.0149958 -8.22114e-23)
(0.22222 -0.0167573 -2.60119e-20)
(0.234607 -0.0176014 0)
(0.240068 -0.0178073 -3.30577e-20)
(0.240209 -0.0176272 0)
(0.236327 -0.0172853 0)
(0.22943 -0.0168799 0)
(0.0503356 0.00128336 -3.91028e-21)
(0.118648 0.00173544 0)
(0.166769 0.00100712 0)
(0.199956 0.000494454 -2.58212e-20)
(0.221674 0.000284723 8.69291e-21)
(0.234423 0.000339092 1.73509e-22)
(0.240147 0.000553028 -1.63013e-20)
(0.240439 0.000815122 0)
(0.236603 0.00104895 0)
(0.229657 0.00116394 0)
(0.0492366 0.00515696 0)
(0.116583 0.0108813 -1.7034e-20)
(0.164455 0.0138648 1.71552e-20)
(0.197751 0.0158925 3.4522e-20)
(0.219743 0.017351 0)
(0.232808 0.0184215 3.35469e-20)
(0.238819 0.0191634 -3.2403e-20)
(0.239332 0.019601 0)
(0.235635 0.019808 6.16898e-20)
(0.22875 0.0197072 -6.4089e-20)
(0.0478943 0.00887342 0)
(0.113844 0.0197368 1.3436e-19)
(0.16114 0.0264114 0)
(0.194322 0.0310227 1.36219e-19)
(0.216463 0.0342266 0)
(0.229797 0.0364043 -1.32237e-19)
(0.236112 0.0377661 0)
(0.23691 0.0384643 1.26572e-19)
(0.233438 0.038723 -1.21659e-19)
(0.226715 0.0384925 -1.27763e-19)
(0.0463083 0.0124157 -3.07026e-20)
(0.110463 0.0282322 -6.73941e-20)
(0.156873 0.0385219 -3.38343e-20)
(0.189727 0.0457128 -6.79665e-20)
(0.211887 0.0507021 -6.67595e-20)
(0.22544 0.0540503 6.59613e-20)
(0.232072 0.0561057 6.40139e-20)
(0.233214 0.0571382 -9.44349e-22)
(0.230051 0.0575192 1.20969e-19)
(0.223586 0.0572473 1.27795e-19)
(0.0444987 0.0157688 -3.0406e-20)
(0.106485 0.0363056 -6.67438e-20)
(0.151714 0.0500838 -1.35104e-19)
(0.18403 0.0598054 6.71012e-20)
(0.206082 0.0665828 0)
(0.219801 0.0711358 0)
(0.226757 0.0739361 -1.2864e-19)
(0.228303 0.0753606 -1.25198e-19)
(0.225533 0.0759214 1.2046e-19)
(0.219417 0.0756867 -1.28877e-19)
(0.0424798 0.0189171 3.02988e-20)
(0.101946 0.0438991 3.33831e-20)
(0.145718 0.0609941 -1.99585e-19)
(0.177296 0.0731563 3.3456e-19)
(0.199116 0.0816892 -6.59054e-20)
(0.212944 0.0874519 0)
(0.220232 0.0910244 0)
(0.222239 0.0928783 6.19671e-19)
(0.21995 0.0936577 -6.00815e-19)
(0.214284 0.0935164 -3.80878e-19)
(0.0402615 0.0218437 2.3934e-19)
(0.0968835 0.0509573 0)
(0.138941 0.0711575 2.67328e-19)
(0.169593 0.0856336 -2.6719e-19)
(0.191059 0.0958576 0)
(0.204938 0.102808 1.30087e-19)
(0.212558 0.107156 -3.77618e-19)
(0.215082 0.109452 -4.93963e-19)
(0.213374 0.110463 2.37569e-19)
(0.208281 0.11044 2.51428e-19)
(0.0378542 0.024531 -4.77175e-19)
(0.0913323 0.0574273 -6.54842e-20)
(0.131441 0.0804862 -1.31542e-19)
(0.160989 0.097118 -3.29728e-19)
(0.181982 0.108942 -1.31653e-19)
(0.195847 0.117036 -1.28488e-19)
(0.203788 0.122142 1.594e-21)
(0.206873 0.124867 0)
(0.205851 0.126079 0)
(0.201495 0.126158 4.99471e-19)
(0.0352705 0.0269618 2.37839e-19)
(0.0853327 0.0632591 -2.58578e-19)
(0.12328 0.0889002 1.97911e-19)
(0.151561 0.107504 4.61606e-19)
(0.171962 0.120818 -1.29375e-19)
(0.185735 0.129999 1.30059e-19)
(0.193949 0.135836 1.26308e-19)
(0.197574 0.138948 0)
(0.197258 0.140238 0)
(0.193742 0.140298 -2.48241e-19)
(0.0325291 0.0291229 -2.94565e-20)
(0.0789319 0.068408 3.23343e-19)
(0.11453 0.096327 -6.51632e-20)
(0.141397 0.116697 0)
(0.161093 0.131385 0)
(0.174682 0.141608 2.54718e-19)
(0.183065 0.148197 0)
(0.187053 0.151731 -2.42433e-19)
(0.187187 0.152954 -1.93155e-21)
(0.184327 0.152759 2.44668e-19)
(0.0296514 0.0310075 0)
(0.0721777 0.0728358 0)
(0.105265 0.1027 -2.59343e-19)
(0.130593 0.124612 0)
(0.149494 0.140548 1.29249e-19)
(0.162835 0.151808 -1.25462e-19)
(0.171314 0.159328 0)
(0.175538 0.163836 0)
(0.176197 0.166003 -2.34423e-19)
(0.174259 0.167293 4.88716e-19)
(0.0266389 0.0325841 0)
(0.0651077 0.0764891 -1.90101e-19)
(0.0955618 0.107946 -6.28726e-20)
(0.119261 0.131148 -2.57733e-19)
(0.137317 0.14818 -1.26327e-19)
(0.150427 0.160409 -3.74823e-19)
(0.159148 0.168848 0)
(0.164035 0.174319 0)
(0.165945 0.177435 0)
(0.165614 0.179153 -8.25069e-22)
(0.023503 0.0338067 0)
(0.0577885 0.0793031 -6.20571e-20)
(0.0855259 0.111986 1.30133e-19)
(0.107533 0.136206 1.93837e-19)
(0.124709 0.154138 1.50274e-21)
(0.137593 0.167198 1.52972e-21)
(0.14662 0.176417 2.42674e-19)
(0.152277 0.182607 -2.36091e-19)
(0.155358 0.186306 4.60399e-19)
(0.156261 0.188143 -4.81693e-19)
(0.020287 0.0346639 -2.87108e-20)
(0.050313 0.0812435 1.89376e-19)
(0.0752826 0.114765 3.20114e-19)
(0.0955538 0.139705 -3.83289e-19)
(0.111816 0.158313 2.52023e-19)
(0.124449 0.17203 2.473e-19)
(0.133765 0.181873 -1.22372e-19)
(0.140142 0.188608 4.72584e-19)
(0.144226 0.192713 4.53118e-22)
(0.146171 0.194696 -2.38212e-19)
(0.0170396 0.0351567 -2.86555e-20)
(0.0427841 0.082293 3.1139e-20)
(0.064972 0.116251 0)
(0.0834894 0.141594 3.1871e-19)
(0.0988136 0.160631 -6.24616e-20)
(0.111165 0.174819 9.78746e-22)
(0.120724 0.185149 -1.19582e-19)
(0.127751 0.192341 -3.51343e-19)
(0.132727 0.196845 -1.90928e-21)
(0.135651 0.199109 3.55637e-19)
(0.0138082 0.0352902 0)
(0.035311 0.0824479 -1.86547e-19)
(0.0547496 0.116428 6.29188e-20)
(0.0715295 0.141843 -1.89516e-19)
(0.0859133 0.161053 6.21116e-20)
(0.09796 0.175518 -2.3445e-22)
(0.107721 0.186209 -2.32025e-22)
(0.115333 0.193808 2.3311e-19)
(0.121116 0.198752 -3.38163e-19)
(0.124975 0.201441 3.51806e-19)
(0.0106392 0.0350744 1.40689e-20)
(0.0280098 0.0817178 1.24051e-19)
(0.0447875 0.115303 0)
(0.0598915 0.140452 1.89156e-19)
(0.0733665 0.159567 -1.85618e-19)
(0.0851115 0.174112 -6.11645e-20)
(0.0950499 0.185039 1.78161e-19)
(0.103198 0.193002 0)
(0.109728 0.19843 0)
(0.114486 0.201676 0)
(0.00757788 0.0345197 -1.40531e-20)
(0.0210027 0.0801219 -4.6002e-20)
(0.0352737 0.112898 6.23125e-20)
(0.0488196 0.137444 9.37168e-20)
(0.0614638 0.156196 9.31235e-20)
(0.072947 0.170621 6.03659e-20)
(0.0830704 0.181655 0)
(0.0917362 0.189931 1.15062e-19)
(0.0989807 0.195874 -5.52601e-20)
(0.104612 0.199791 0)
(0.00466854 0.0336363 0)
(0.0144181 0.0776901 9.17032e-20)
(0.0264123 0.109258 -6.23019e-20)
(0.0385838 0.132875 -6.23052e-20)
(0.0505321 0.151 -2.28596e-22)
(0.0618423 0.165102 -3.0409e-20)
(0.0721997 0.176106 2.92455e-20)
(0.0814015 0.184634 0)
(0.0893598 0.191102 -5.53276e-20)
(0.0958484 0.195788 -5.74767e-20)
(0.00195821 0.0324457 1.72061e-21)
(0.00839568 0.0744666 -3.4242e-20)
(0.0184263 0.104451 -3.92259e-21)
(0.0294816 0.126832 -8.34117e-23)
(0.0409335 0.144081 -2.30237e-20)
(0.0522149 0.157662 0)
(0.0629026 0.168496 -2.92394e-20)
(0.0726987 0.177197 0)
(0.0814035 0.184185 0)
(0.0887477 0.18972 0)
)
;

boundaryField
{
    inlet
    {
        type            uniformFixedValue;
        uniformValue    constant (1 0 0);
        value           uniform (1 0 0);
    }
    outlet
    {
        type            pressureInletOutletVelocity;
        value           nonuniform List<vector> 
40
(
(0.539994 0.337277 0)
(0.595669 0.459706 0)
(0.619124 0.569095 0)
(0.611924 0.667656 0)
(0.575733 0.759301 0)
(0.515806 0.845322 0)
(0.429798 0.923364 0)
(0.327735 0.990198 0)
(0.201482 1.04312 0)
(0.0721899 1.07884 0)
(0.488086 0.254533 -4.6711e-22)
(0.463465 0.218555 -1.50784e-21)
(0.436333 0.181911 1.21036e-21)
(0.406365 0.144886 1.98695e-21)
(0.373948 0.107838 -1.97223e-21)
(0.340608 0.0715065 0)
(0.3064 0.037351 2.91399e-21)
(0 0.00705037 0)
(0 -0.0197793 0)
(0 -0.0449562 0)
(0 -0.0693592 0)
(0 -0.0932841 0)
(0 -0.116981 0)
(0 -0.140505 0)
(0 -0.163768 0)
(0 -0.186633 0)
(0 -0.208983 0)
(0 -0.230738 0)
(0 -0.25185 0)
(0 -0.272349 0)
(0 -0.320042 0)
(0 -0.412006 0)
(0 -0.498564 0)
(0 -0.583084 0)
(0 -0.669858 0)
(0 -0.762924 0)
(0 -0.868862 0)
(0 -0.993607 0)
(0 -1.12446 0)
(0 -1.21452 0)
)
;
    }
    cylinder
    {
        type            fixedValue;
        value           uniform (0 0 0);
    }
    top
    {
        type            symmetryPlane;
    }
    bottom
    {
        type            symmetryPlane;
    }
    defaultFaces
    {
        type            empty;
    }
}


// ************************************************************************* //
