/*--------------------------------*- C++ -*----------------------------------*\
  =========                 |
  \\      /  F ield         | OpenFOAM: The Open Source CFD Toolbox
   \\    /   O peration     | Website:  https://openfoam.org
    \\  /    A nd           | Version:  7
     \\/     M anipulation  |
\*---------------------------------------------------------------------------*/
FoamFile
{
    version     2.0;
    format      ascii;
    class       volVectorField;
    location    "42.4";
    object      U;
}
// * * * * * * * * * * * * * * * * * * * * * * * * * * * * * * * * * * * * * //

dimensions      [0 1 -1 0 0 0 0];

internalField   nonuniform List<vector> 
2000
(
(-0.00116467 0.00535067 -3.88167e-22)
(-0.000376236 0.00693151 0)
(0.00384632 0.00694674 0)
(0.0103321 0.00815135 -2.1021e-21)
(0.0184279 0.0120371 7.44118e-22)
(0.0275947 0.0193173 5.642e-23)
(0.0374379 0.0302462 -1.27751e-21)
(0.0476368 0.0447898 0)
(0.0578855 0.0627113 0)
(0.0677792 0.0836047 0)
(-0.00133055 0.00542039 0)
(0.000302889 0.0054248 -1.53145e-21)
(0.0057404 0.00371439 1.41226e-21)
(0.0130773 0.00324728 2.83538e-21)
(0.0215179 0.0055576 0)
(0.0304981 0.0113462 2.68945e-21)
(0.039688 0.0208741 -2.50091e-21)
(0.0488816 0.0341586 0)
(0.0578888 0.0510643 4.69207e-21)
(0.06638 0.0713656 -8.97846e-21)
(-0.00134724 0.0051876 0)
(0.00169258 0.00350986 1.14527e-20)
(0.0089746 0.000243791 0)
(0.0177274 -0.00162913 1.07899e-20)
(0.0269748 -0.000615349 0)
(0.0361187 0.00390667 -1.01013e-20)
(0.0448934 0.0121495 0)
(0.0532155 0.0241436 9.50753e-21)
(0.061039 0.039841 -8.90415e-21)
(0.0681276 0.0592158 -8.32693e-21)
(-0.0011208 0.00459908 -2.86683e-21)
(0.00396362 0.00113466 -5.84108e-21)
(0.0137336 -0.00343549 -2.66267e-21)
(0.0244503 -0.0063524 -5.35108e-21)
(0.0349479 -0.00624443 -5.02323e-21)
(0.0445987 -0.00263674 5.0649e-21)
(0.0532065 0.00457283 4.68274e-21)
(0.0608157 0.0153731 -2.69978e-22)
(0.0675477 0.029766 8.5026e-21)
(0.073296 0.0479123 8.32247e-21)
(-0.000533264 0.00360703 -2.62853e-21)
(0.00730007 -0.00170732 -5.56065e-21)
(0.0201787 -0.00727099 -1.0604e-20)
(0.0333455 -0.0108001 4.98433e-21)
(0.0454656 -0.0111259 0)
(0.0559087 -0.00798122 0)
(0.0645693 -0.00143088 -9.12564e-21)
(0.0716291 0.00841256 -8.5978e-21)
(0.0773922 0.0215441 7.7536e-21)
(0.0819417 0.0382566 2.2092e-20)
(0.000548446 0.00219513 2.59491e-21)
(0.0118843 -0.00498211 2.86445e-21)
(0.0284206 -0.0111813 -1.43718e-20)
(0.0443993 -0.0148541 2.42025e-20)
(0.0583706 -0.0151126 -4.62971e-21)
(0.0697589 -0.0119425 0)
(0.0785934 -0.00561306 0)
(0.0852166 0.00361565 3.98058e-20)
(0.0901248 0.0156716 -3.75225e-20)
(0.093668 0.0308938 7.12036e-21)
(0.00226222 0.000384885 1.77471e-20)
(0.0178748 -0.00859852 0)
(0.0384903 -0.0150426 1.97814e-20)
(0.0574496 -0.0183965 -1.919e-20)
(0.0732818 -0.0181237 0)
(0.0855586 -0.0144888 8.58263e-21)
(0.0945127 -0.00797442 -2.34433e-20)
(0.100687 0.000995719 -3.02348e-20)
(0.104778 0.0122388 1.38141e-20)
(0.10747 0.0260533 1.31897e-20)
(0.00473856 -0.00175761 -3.41785e-20)
(0.0253816 -0.0123968 -4.84913e-21)
(0.0503109 -0.0186827 -8.82436e-21)
(0.0721654 -0.021307 -2.17768e-20)
(0.0895963 -0.0201441 -8.58537e-21)
(0.102449 -0.0157408 -7.54781e-21)
(0.111246 -0.00877107 1.17396e-21)
(0.11678 0.000196887 0)
(0.119953 0.0108546 0)
(0.121811 0.0233992 -2.02868e-22)
(0.00808576 -0.00412074 1.64317e-20)
(0.034436 -0.0161503 -1.7453e-20)
(0.0636719 -0.0218876 1.35222e-20)
(0.0880467 -0.0234691 3.01686e-20)
(0.106532 -0.0212188 -7.94309e-21)
(0.119403 -0.015942 8.47699e-21)
(0.127564 -0.00845226 7.38374e-21)
(0.132094 0.000590321 0)
(0.134094 0.0107736 0)
(0.134961 0.0221964 -1.37089e-21)
(0.0123772 -0.00655402 -1.82543e-21)
(0.0449636 -0.0195806 2.18572e-20)
(0.0782143 -0.024424 -4.05843e-21)
(0.104445 -0.0247895 0)
(0.123206 -0.0214528 0)
(0.135371 -0.0154215 1.44531e-20)
(0.142315 -0.00757148 0)
(0.145418 0.00142494 -1.05665e-20)
(0.145954 0.0111288 8.90131e-22)
(0.145571 0.0216509 8.54983e-21)
(0.0880467 0.136235 3.80589e-22)
(0.116268 0.238828 -3.85785e-22)
(0.122503 0.328681 -4.60424e-22)
(0.114138 0.402589 -5.57958e-22)
(0.095316 0.469851 -7.39521e-22)
(0.0788014 0.537862 -1.87992e-23)
(0.0549516 0.616424 3.88988e-22)
(0.0440345 0.711587 1.3943e-21)
(0.015038 0.829708 0)
(0.0127229 0.96266 -1.0226e-21)
(0.0836417 0.124569 1.33536e-21)
(0.110103 0.230785 -1.62386e-21)
(0.118227 0.326832 2.93115e-21)
(0.111423 0.404892 5.58956e-22)
(0.0934966 0.474007 1.20887e-21)
(0.0774171 0.542569 2.17493e-21)
(0.0539703 0.621109 -8.47754e-22)
(0.0430505 0.716182 -9.30384e-22)
(0.0148597 0.834195 1.81576e-21)
(0.0122519 0.966201 1.02016e-21)
(0.081688 0.112424 0)
(0.104728 0.220807 -1.31759e-21)
(0.11416 0.322911 -8.36091e-22)
(0.10893 0.405591 0)
(0.091959 0.477002 -3.70624e-21)
(0.0763379 0.54641 1.1018e-21)
(0.0532137 0.625083 1.31132e-21)
(0.0422179 0.720259 4.79366e-21)
(0.0147323 0.838478 -1.80989e-21)
(0.0118143 0.969754 3.53205e-21)
(0.0824881 0.100312 0)
(0.100292 0.209122 1.3288e-21)
(0.110297 0.316881 0)
(0.106585 0.404529 3.78874e-21)
(0.0906336 0.478575 -3.80819e-21)
(0.0755216 0.549 -2.60921e-21)
(0.0526999 0.627812 -2.65415e-22)
(0.0416203 0.723062 -4.57608e-21)
(0.0147446 0.841575 -7.54381e-22)
(0.0114174 0.97261 -4.33606e-21)
(0.0863335 0.0888 -1.20621e-22)
(0.097004 0.196107 -3.15233e-21)
(0.106645 0.308758 3.61737e-22)
(0.1043 0.401707 -2.75182e-21)
(0.0894571 0.479033 0)
(0.0749077 0.550967 -2.37824e-21)
(0.0523199 0.630231 -2.87045e-22)
(0.0410803 0.725841 5.6183e-21)
(0.0147307 0.844894 7.58496e-22)
(0.0110415 0.975744 -7.61157e-22)
(0.0933256 0.0784334 -8.16029e-21)
(0.0951361 0.182272 5.06742e-21)
(0.103246 0.298654 2.37813e-21)
(0.102014 0.396776 -2.37703e-21)
(0.088328 0.477537 -1.53385e-21)
(0.074471 0.551112 0)
(0.0521952 0.630843 -4.62001e-21)
(0.0408276 0.726717 2.25527e-21)
(0.0149011 0.846415 2.64652e-21)
(0.0107042 0.977819 2.74544e-21)
(0.103097 0.0696016 -7.70637e-22)
(0.0949818 0.168203 0)
(0.100141 0.286797 0)
(0.0996735 0.390412 0)
(0.0872276 0.475611 -1.68696e-21)
(0.0740846 0.551547 3.2154e-21)
(0.0520197 0.632186 4.39146e-21)
(0.0404405 0.728683 -6.89439e-21)
(0.0149096 0.849185 1.27261e-21)
(0.0103721 0.980741 -3.979e-21)
(0.114515 0.0624356 4.86981e-21)
(0.0967179 0.154614 2.98813e-21)
(0.0974762 0.273155 -2.96184e-21)
(0.0972021 0.380831 4.31048e-21)
(0.0859816 0.470011 -5.39142e-21)
(0.0738699 0.548458 0)
(0.052264 0.630117 -1.744e-21)
(0.0405435 0.727182 2.08472e-22)
(0.0152414 0.848848 -2.14781e-21)
(0.0100777 0.981933 -2.26793e-21)
(0.125437 0.0566179 -3.6748e-21)
(0.100018 0.14155 0)
(0.0952842 0.259438 -2.88608e-21)
(0.0947711 0.372735 6.16981e-21)
(0.0846877 0.467225 -2.38305e-21)
(0.0733205 0.54868 -6.26749e-22)
(0.051964 0.631597 1.74039e-21)
(0.040086 0.72943 2.4201e-23)
(0.0151504 0.85187 3.02727e-21)
(0.00976846 0.985016 3.26666e-21)
(0.13225 0.050683 -1.8834e-21)
(0.10341 0.126221 1.83497e-21)
(0.0934783 0.238521 2.4281e-22)
(0.0918859 0.354208 0)
(0.0831724 0.454177 0)
(0.073448 0.540129 5.9614e-22)
(0.0527785 0.625267 2.94338e-21)
(0.0406935 0.724428 -2.85928e-21)
(0.0157131 0.848958 -8.62311e-22)
(0.0095015 0.9851 8.36727e-22)
(0.125932 0.0486823 0)
(0.101777 0.117242 0)
(0.0894274 0.228632 0)
(0.0858279 0.350465 0)
(0.0776938 0.457352 0)
(0.0690675 0.548271 0)
(0.0498173 0.635557 0)
(0.0382734 0.73575 0)
(0.0147328 0.859878 0)
(0.00877876 0.994175 0)
(0.111736 0.0825049 0)
(0.0860823 0.148496 0)
(0.0715521 0.245094 0)
(0.0684672 0.358087 0)
(0.0647532 0.465278 0)
(0.0604959 0.559935 0)
(0.0450893 0.649574 0)
(0.0345897 0.74969 0)
(0.0131126 0.871355 0)
(0.00762129 1.00099 0)
(0.0897029 0.10051 0)
(0.066062 0.168252 0)
(0.0507389 0.258632 0)
(0.0465271 0.364157 0)
(0.045302 0.469936 0)
(0.0454414 0.568244 0)
(0.0355193 0.663148 0)
(0.0286534 0.76631 0)
(0.0105162 0.888337 0)
(0.00643014 1.01471 0)
(0.0632562 0.117621 0)
(0.0418284 0.185456 0)
(0.0273759 0.27035 0)
(0.0233323 0.368684 0)
(0.0247145 0.47132 0)
(0.0291524 0.5713 0)
(0.0245623 0.669894 0)
(0.021527 0.774489 0)
(0.00719278 0.895841 0)
(0.00497206 1.01778 0)
(0.0378547 0.133486 0)
(0.0179868 0.201097 0)
(0.00338313 0.279005 0)
(-0.00246826 0.368317 0)
(-3.56474e-05 0.466361 0)
(0.00815909 0.568952 0)
(0.00980043 0.673892 0)
(0.012351 0.784424 0)
(0.0025758 0.908501 0)
(0.00318524 1.02819 0)
(0.0163202 0.148358 0)
(-0.00236675 0.217113 0)
(-0.0151974 0.28993 0)
(-0.0210793 0.370851 0)
(-0.0182826 0.460867 0)
(-0.00873913 0.5602 0)
(-0.00308616 0.665969 0)
(0.00381039 0.780285 0)
(-0.00142887 0.906076 0)
(0.00148043 1.02363 0)
(0.000398676 0.162147 0)
(-0.018402 0.232053 0)
(-0.0330651 0.298493 0)
(-0.0404701 0.370753 0)
(-0.0378972 0.454354 0)
(-0.0272001 0.552119 0)
(-0.0171932 0.661601 0)
(-0.00545836 0.781766 0)
(-0.00597408 0.910902 0)
(7.72096e-05 1.02801 0)
(-0.00901824 0.173973 0)
(-0.0233868 0.247483 0)
(-0.036448 0.312266 0)
(-0.044544 0.376527 0)
(-0.0442219 0.449375 0)
(-0.0357118 0.538368 0)
(-0.025443 0.644578 0)
(-0.0123684 0.767104 0)
(-0.00954212 0.899204 0)
(-0.00120707 1.01494 0)
(-0.0150056 0.184405 0)
(-0.029909 0.257668 0)
(-0.0445558 0.317942 0)
(-0.053425 0.376532 0)
(-0.0535421 0.444892 0)
(-0.0450217 0.531742 0)
(-0.0331883 0.639527 0)
(-0.0181835 0.765403 0)
(-0.0127372 0.900693 0)
(-0.00219843 1.01624 0)
(-0.00974933 0.197912 0)
(-0.0207365 0.277955 0)
(-0.0343961 0.338628 0)
(-0.0449543 0.388242 0)
(-0.0485411 0.442973 0)
(-0.0440452 0.516907 0)
(-0.0348313 0.617518 0)
(-0.021324 0.74431 0)
(-0.0146155 0.88337 0)
(-0.00298599 0.998402 0)
(0.145304 0.0347194 -2.89785e-22)
(0.126631 0.0539474 2.86485e-22)
(0.0997996 0.0665666 -4.04447e-22)
(0.0703814 0.080114 0)
(0.0430664 0.0933018 0)
(0.0202088 0.105865 -5.62112e-22)
(0.00408955 0.117375 1.6639e-21)
(-0.0057081 0.126348 -1.63568e-21)
(-0.0105825 0.134753 -1.25015e-22)
(-0.00659282 0.143731 1.22063e-22)
(0.143953 0.0299915 -1.57268e-21)
(0.123147 0.0436827 0)
(0.0970277 0.0529848 -3.31708e-21)
(0.0691742 0.0642352 8.04286e-21)
(0.043454 0.0757173 -5.44818e-21)
(0.021596 0.0870273 5.4831e-22)
(0.00595475 0.097415 -8.97287e-22)
(-0.00355191 0.105342 -1.17974e-21)
(-0.00820411 0.112929 2.23408e-23)
(-0.00517299 0.120049 1.86646e-23)
(0.14346 0.0240398 1.26479e-21)
(0.120958 0.033202 2.45525e-21)
(0.0952643 0.0395407 -2.43112e-21)
(0.0683503 0.0482748 4.26608e-21)
(0.0438423 0.0575372 -3.11289e-21)
(0.0229625 0.0672072 0)
(0.00775007 0.0762593 8.99365e-22)
(-0.00143851 0.0832185 1.8884e-23)
(-0.00606079 0.0900572 3.79919e-22)
(-0.00390925 0.0956336 1.0195e-22)
(0.142231 0.0158535 -2.40567e-23)
(0.11858 0.0208812 0)
(0.0937237 0.0247443 0)
(0.0678172 0.031309 0)
(0.044382 0.0383979 -3.13819e-21)
(0.0242878 0.0463847 2.08125e-21)
(0.00945788 0.0540208 -9.76783e-23)
(0.000386215 0.0601517 5.2398e-22)
(-0.00416896 0.066322 1.18549e-22)
(-0.00281083 0.0705803 -1.3649e-23)
(0.140257 0.00548472 -1.71192e-21)
(0.11595 0.00672905 4.93789e-22)
(0.0921232 0.00833546 1.69168e-21)
(0.0672464 0.0130269 -1.69029e-21)
(0.0448654 0.0181309 1.04203e-21)
(0.0255153 0.0245854 0)
(0.0110688 0.0309413 8.49036e-22)
(0.00192883 0.0363186 -1.12214e-21)
(-0.00246864 0.0418184 4.92296e-22)
(-0.00185325 0.0450373 -1.05838e-22)
(0.137608 -0.00681583 8.40467e-23)
(0.113119 -0.00889357 6.46296e-22)
(0.0904891 -0.0094865 4.98512e-22)
(0.0666301 -0.0064648 -1.60738e-21)
(0.0452362 -0.00316932 0)
(0.0266224 0.00196677 0)
(0.0125558 0.00720772 0)
(0.00351362 0.011946 -5.90848e-22)
(-0.000906291 0.0168134 0)
(-0.00104537 0.0192084 0)
(0.134318 -0.0206767 0)
(0.110046 -0.0254784 -1.34831e-21)
(0.0887387 -0.0283176 1.0155e-21)
(0.0659247 -0.026802 1.77183e-21)
(0.0454918 -0.0251788 -1.78086e-21)
(0.0276148 -0.021157 -8.33744e-22)
(0.0139244 -0.0168734 9.16809e-22)
(0.00500526 -0.0126914 2.07262e-21)
(0.000396124 -0.00839687 -1.75866e-22)
(-0.000376765 -0.00663551 5.16329e-23)
(0.130281 -0.0356459 0)
(0.106691 -0.0424544 3.34996e-22)
(0.0868393 -0.0476623 2.78099e-22)
(0.0650817 -0.0474975 0)
(0.0456384 -0.0474408 -4.37916e-22)
(0.0284942 -0.0443608 1.27638e-21)
(0.0151847 -0.0409124 -1.07738e-21)
(0.00635845 -0.0372104 -2.46029e-22)
(0.00142839 -0.033481 1.65685e-22)
(0.000122899 -0.0322159 -1.09249e-22)
(0.125439 -0.0512332 3.14306e-22)
(0.103104 -0.0593269 -3.80179e-22)
(0.0848005 -0.0669999 -1.39558e-23)
(0.0640873 -0.0680021 -1.71676e-22)
(0.0456573 -0.0694333 -4.18617e-22)
(0.0292444 -0.0671742 -6.05899e-22)
(0.0163149 -0.0644911 1.69219e-22)
(0.00755431 -0.0612524 1.30029e-22)
(0.00232075 -0.0580895 -1.66226e-22)
(0.000464153 -0.0571768 -2.65425e-23)
(0.119942 -0.0669554 -2.16045e-24)
(0.0992762 -0.0756758 2.17925e-24)
(0.082547 -0.0858342 1.2007e-22)
(0.0629134 -0.0878154 1.71412e-22)
(0.0455122 -0.0906614 -1.84827e-22)
(0.0298452 -0.0891587 3.79527e-22)
(0.0172851 -0.0872157 -2.41669e-22)
(0.00858327 -0.0844668 -5.71104e-23)
(0.00305119 -0.081853 0)
(0.000671722 -0.0811855 2.65888e-23)
(0.114056 -0.0824145 2.48709e-23)
(0.0952327 -0.0911856 -2.5067e-23)
(0.0800694 -0.103769 7.78206e-23)
(0.0615717 -0.106553 1.32571e-22)
(0.0451764 -0.110724 1.68906e-22)
(0.0302733 -0.109965 -6.38113e-24)
(0.0180602 -0.108756 -7.9578e-23)
(0.00942104 -0.106543 -1.83949e-22)
(0.00360781 -0.104446 0)
(0.000798805 -0.103932 2.45795e-23)
(0.108037 -0.097327 0)
(0.0910833 -0.105665 1.27103e-22)
(0.0773978 -0.120518 -3.15625e-22)
(0.0601019 -0.123977 -1.32763e-22)
(0.0446355 -0.129342 -2.80609e-22)
(0.0305117 -0.129357 -4.61635e-22)
(0.0186103 -0.128863 1.4735e-22)
(0.0100462 -0.127236 1.15381e-22)
(0.00398681 -0.125605 -1.3669e-22)
(0.000844786 -0.125181 -2.45125e-23)
(0.102054 -0.111525 0)
(0.0869317 -0.119059 -1.60306e-22)
(0.074573 -0.135904 1.09955e-22)
(0.0585449 -0.139998 0)
(0.0438949 -0.146358 8.23786e-22)
(0.0305607 -0.147216 -2.48878e-22)
(0.018936 -0.147383 -2.63411e-22)
(0.0104689 -0.14638 -6.31179e-22)
(0.00421214 -0.145146 1.36243e-22)
(0.00082862 -0.144785 -8.54111e-23)
(0.0962168 -0.124932 0)
(0.0828509 -0.13145 1.61626e-22)
(0.0716357 -0.149843 0)
(0.0569345 -0.154656 -7.67558e-22)
(0.0429812 -0.161732 7.71569e-22)
(0.0304352 -0.163525 4.85609e-22)
(0.0190656 -0.164252 7.12522e-24)
(0.0107217 -0.1639 6.03226e-22)
(0.00432246 -0.162982 1.15787e-22)
(0.000774198 -0.162684 1.25559e-22)
(0.0906073 -0.137523 6.12168e-21)
(0.0789175 -0.143036 -2.21185e-21)
(0.0686341 -0.162325 -5.53425e-22)
(0.0553023 -0.168087 2.07633e-22)
(0.0419381 -0.17551 0)
(0.0301555 -0.178349 4.30931e-22)
(0.0190378 -0.179492 -4.82599e-23)
(0.0108376 -0.179807 -7.46604e-22)
(0.00435213 -0.179121 -3.72486e-23)
(0.000698726 -0.178904 3.71817e-23)
(0.0852797 -0.149266 1.81587e-21)
(0.075231 -0.154109 3.07384e-21)
(0.0656473 -0.173398 -1.79068e-23)
(0.0536841 -0.180471 1.78972e-23)
(0.0408265 -0.187811 2.64211e-22)
(0.0297467 -0.191806 0)
(0.018894 -0.193199 6.95441e-22)
(0.0108465 -0.194188 -3.80149e-22)
(0.00433058 -0.193649 -2.56973e-22)
(0.000614046 -0.193544 -6.22596e-23)
(0.0803347 -0.16007 -1.1323e-21)
(0.0719614 -0.165016 0)
(0.0628166 -0.183152 0)
(0.0521296 -0.191995 0)
(0.0397257 -0.198801 2.80047e-22)
(0.0292424 -0.204047 -5.43453e-22)
(0.0186777 -0.205524 -6.54383e-22)
(0.0107749 -0.207184 8.53939e-22)
(0.00428225 -0.206721 -6.02322e-23)
(0.000528417 -0.206764 1.21173e-22)
(0.0757246 -0.16973 -3.29363e-21)
(0.0691355 -0.176087 2.03968e-21)
(0.0602047 -0.19172 -2.02069e-21)
(0.0506234 -0.20281 -2.38592e-22)
(0.0386946 -0.208683 3.54054e-22)
(0.0286818 -0.215232 0)
(0.0184458 -0.216651 2.59595e-22)
(0.0106582 -0.218976 -3.17174e-23)
(0.00423234 -0.21853 1.51943e-22)
(0.000447594 -0.218759 4.68219e-23)
(0.0704038 -0.177805 -1.34061e-21)
(0.0659362 -0.187581 0)
(0.0574266 -0.199329 -1.41615e-21)
(0.04887 -0.213039 1.25216e-21)
(0.0376462 -0.217701 -2.2012e-22)
(0.0280475 -0.225537 8.30268e-23)
(0.0182435 -0.22679 -2.59005e-22)
(0.0105498 -0.229755 -4.88879e-23)
(0.0042141 -0.229289 -2.78022e-22)
(0.000373077 -0.229751 -9.14096e-23)
(0.0648128 -0.183392 -5.4182e-21)
(0.0621651 -0.199698 5.27623e-21)
(0.0545671 -0.206426 2.64199e-22)
(0.0467868 -0.222855 0)
(0.0364532 -0.226165 0)
(0.0272132 -0.235174 -8.57214e-23)
(0.0179255 -0.23617 -3.80896e-22)
(0.0103791 -0.23972 3.73519e-22)
(0.00418628 -0.239202 3.99723e-23)
(0.000299348 -0.239966 -3.90336e-23)
(0.0694862 -0.188859 0)
(0.0625592 -0.228528 0)
(0.0542256 -0.22297 0)
(0.0449832 -0.24545 0)
(0.034683 -0.245785 0)
(0.0250351 -0.257326 0)
(0.0163786 -0.257627 0)
(0.00916259 -0.262391 0)
(0.00364314 -0.261496 0)
(0.000184622 -0.262957 0)
(0.0529102 -0.238469 0)
(0.0454004 -0.273794 0)
(0.0416467 -0.264462 0)
(0.0337867 -0.285261 0)
(0.0273635 -0.282471 0)
(0.0196928 -0.294225 0)
(0.0134005 -0.292727 0)
(0.0074937 -0.298124 0)
(0.00317374 -0.296142 0)
(0.00024502 -0.298213 0)
(0.0475236 -0.285991 0)
(0.03881 -0.319366 0)
(0.034772 -0.307384 0)
(0.0272835 -0.327831 0)
(0.0221147 -0.322424 0)
(0.0156568 -0.334526 0)
(0.0109267 -0.331105 0)
(0.00609547 -0.336976 0)
(0.00278326 -0.333658 0)
(0.000213632 -0.336394 0)
(0.0411712 -0.338032 0)
(0.0325946 -0.370683 0)
(0.0289687 -0.356087 0)
(0.022075 -0.376811 0)
(0.0180206 -0.368904 0)
(0.0125286 -0.381659 0)
(0.00902063 -0.376254 0)
(0.00503265 -0.382775 0)
(0.00251577 -0.377991 0)
(0.000182632 -0.381592 0)
(0.0352984 -0.399272 0)
(0.0273016 -0.43182 0)
(0.0239691 -0.415136 0)
(0.0178423 -0.43649 0)
(0.0146981 -0.426421 0)
(0.0100651 -0.440099 0)
(0.00749636 -0.432857 0)
(0.00416 -0.440298 0)
(0.00224815 -0.434101 0)
(0.000132935 -0.438859 0)
(0.0297166 -0.473854 0)
(0.0223742 -0.50504 0)
(0.019514 -0.488291 0)
(0.014196 -0.509644 0)
(0.0118453 -0.498677 0)
(0.00790603 -0.512934 0)
(0.0060353 -0.504614 0)
(0.00316995 -0.512922 0)
(0.00178807 -0.505834 0)
(1.41152e-06 -0.511815 0)
(0.0230701 -0.560088 0)
(0.0175073 -0.586873 0)
(0.0151052 -0.573756 0)
(0.010879 -0.592888 0)
(0.00896822 -0.583418 0)
(0.00573479 -0.596639 0)
(0.00425432 -0.588891 0)
(0.00185874 -0.597055 0)
(0.00097407 -0.59029 0)
(-0.000201388 -0.59676 0)
(0.0180518 -0.645971 0)
(0.0131585 -0.665798 0)
(0.0110017 -0.658846 0)
(0.00739672 -0.672804 0)
(0.00601944 -0.667197 0)
(0.0033752 -0.677015 0)
(0.00233118 -0.671693 0)
(0.000414842 -0.677812 0)
(0.000118111 -0.67285 0)
(-0.000371848 -0.678093 0)
(0.0106667 -0.712285 0)
(0.00733588 -0.722579 0)
(0.00619436 -0.723073 0)
(0.00405802 -0.73116 0)
(0.00331911 -0.730445 0)
(0.00160153 -0.73553 0)
(0.000941139 -0.733374 0)
(-0.000283583 -0.736166 0)
(-0.000261343 -0.733644 0)
(-0.000327392 -0.736263 0)
(0.0024102 -0.744872 0)
(0.00177796 -0.753555 0)
(0.00166169 -0.756936 0)
(0.00129258 -0.761958 0)
(0.00102358 -0.762954 0)
(0.000527233 -0.765618 0)
(0.000222424 -0.764885 0)
(-0.000140937 -0.765978 0)
(-0.000151035 -0.764715 0)
(-0.000104624 -0.765847 0)
(0.0622997 -0.205523 8.47604e-21)
(0.0522526 -0.25516 -8.31604e-21)
(0.0486768 -0.303201 1.1459e-21)
(0.0427635 -0.356136 0)
(0.0374329 -0.417773 0)
(0.031823 -0.491052 1.39281e-21)
(0.0256348 -0.573211 -6.09405e-21)
(0.0195408 -0.650899 6.04792e-21)
(0.0121632 -0.712567 1.66994e-21)
(0.0037476 -0.740403 -1.64794e-21)
(0.0602051 -0.211863 -1.01283e-20)
(0.0525408 -0.260661 0)
(0.0492991 -0.308329 7.85873e-21)
(0.0435705 -0.361267 -1.82091e-20)
(0.0384342 -0.422908 1.18066e-20)
(0.0328119 -0.49567 -1.25681e-21)
(0.0267694 -0.57629 2.86193e-21)
(0.0202191 -0.652292 6.08789e-21)
(0.0128252 -0.711322 1.71854e-21)
(0.00432915 -0.739137 1.71267e-21)
(0.0590043 -0.218659 1.2219e-20)
(0.0535191 -0.26669 -8.74528e-21)
(0.0502993 -0.3134 8.66243e-21)
(0.0447237 -0.3658 -9.9427e-21)
(0.0396982 -0.427098 7.37336e-21)
(0.0340128 -0.499108 0)
(0.027897 -0.578134 -2.86908e-21)
(0.0209698 -0.652841 1.73857e-22)
(0.01334 -0.709222 -3.17754e-21)
(0.00462961 -0.737802 -3.31778e-21)
(0.0585835 -0.224796 -2.01247e-21)
(0.0550269 -0.272599 0)
(0.0517071 -0.3185 0)
(0.0462745 -0.370352 0)
(0.0412694 -0.431237 8.39609e-21)
(0.0354599 -0.502419 -5.60859e-21)
(0.0291124 -0.579883 -2.91885e-23)
(0.0218219 -0.652931 -3.478e-21)
(0.013777 -0.70719 -1.77895e-21)
(0.00473772 -0.735684 -1.90802e-21)
(0.058968 -0.230139 2.66811e-22)
(0.05694 -0.277594 -6.33524e-21)
(0.0534604 -0.322879 -4.97418e-21)
(0.0481712 -0.374394 4.97117e-21)
(0.0431117 -0.434979 -2.75029e-21)
(0.0371324 -0.505434 0)
(0.0304897 -0.581492 -3.2468e-21)
(0.0228067 -0.65272 7.13044e-21)
(0.0142647 -0.705275 -3.65591e-21)
(0.00481492 -0.732922 3.73074e-21)
(0.0602203 -0.23481 -1.73591e-20)
(0.059265 -0.281529 1.85317e-21)
(0.0555547 -0.326152 -3.91664e-22)
(0.0503719 -0.377431 5.1752e-21)
(0.0451849 -0.437807 0)
(0.0389983 -0.507664 0)
(0.0320425 -0.582534 0)
(0.0239385 -0.6521 3.85199e-21)
(0.0148808 -0.703237 0)
(0.00495541 -0.729837 0)
(0.0623572 -0.238739 0)
(0.0620473 -0.284461 7.34535e-21)
(0.0580418 -0.328316 -4.95176e-21)
(0.0528845 -0.379338 -5.88781e-21)
(0.0474898 -0.439503 5.91853e-21)
(0.041052 -0.508835 3.51689e-21)
(0.0337623 -0.582715 -3.49734e-21)
(0.0252128 -0.650917 -1.3787e-20)
(0.0156349 -0.700887 9.81872e-22)
(0.00517557 -0.726612 -3.37192e-21)
(0.0653684 -0.241732 0)
(0.0653114 -0.286364 -2.39928e-21)
(0.0609716 -0.32941 -1.37149e-21)
(0.0557368 -0.380149 0)
(0.0500555 -0.440067 1.72017e-21)
(0.0433153 -0.50891 -5.22259e-21)
(0.0356546 -0.581953 5.7758e-21)
(0.0266303 -0.64908 2.05494e-21)
(0.0165121 -0.698138 -2.26323e-21)
(0.00546145 -0.723265 4.4701e-21)
(0.069245 -0.243611 2.24249e-21)
(0.0690664 -0.287154 2.65694e-21)
(0.0643701 -0.329403 -5.97444e-22)
(0.0589474 -0.37988 7.89625e-22)
(0.0529125 -0.439533 1.65729e-21)
(0.0458171 -0.507948 2.77261e-21)
(0.0377344 -0.580306 -1.04178e-21)
(0.028191 -0.646613 -1.12415e-21)
(0.0174885 -0.695 2.27071e-21)
(0.00579211 -0.71976 1.23641e-21)
(0.0739837 -0.244227 -6.26055e-22)
(0.0733196 -0.286777 6.30787e-22)
(0.0682493 -0.328228 -7.13859e-22)
(0.0625234 -0.378505 -7.88667e-22)
(0.0560799 -0.4379 9.2993e-22)
(0.0485788 -0.505977 -1.89301e-21)
(0.0400272 -0.577804 1.5949e-21)
(0.0299152 -0.643521 5.67837e-22)
(0.0185699 -0.691473 0)
(0.00616713 -0.716038 -1.23914e-21)
(0.0795834 -0.243454 6.49913e-22)
(0.0780759 -0.285241 -6.55145e-22)
(0.0726177 -0.325835 -7.80837e-22)
(0.0664654 -0.376007 -8.64296e-22)
(0.0595714 -0.435144 -9.75171e-22)
(0.0516127 -0.503027 -6.58724e-23)
(0.042541 -0.574516 5.6733e-22)
(0.0317993 -0.639885 1.82305e-21)
(0.0197432 -0.68761 0)
(0.00657712 -0.712101 -1.36062e-21)
(0.086038 -0.241251 0)
(0.0833313 -0.2826 -3.01497e-21)
(0.0774853 -0.32222 5.4565e-21)
(0.0707737 -0.372401 8.65822e-22)
(0.0633946 -0.431267 2.0019e-21)
(0.0549253 -0.499065 3.24871e-21)
(0.0453039 -0.570369 -1.14674e-21)
(0.0338793 -0.635628 -1.23703e-21)
(0.0210438 -0.683356 2.74414e-21)
(0.00704162 -0.70791 1.35741e-21)
(0.0933325 -0.237709 0)
(0.0890792 -0.2789 -3.02509e-21)
(0.0828555 -0.317476 -1.64153e-21)
(0.0754437 -0.367731 0)
(0.0675673 -0.426295 -6.28999e-21)
(0.0585224 -0.494157 2.11429e-21)
(0.0482975 -0.565493 2.4817e-21)
(0.0361188 -0.630895 7.97395e-21)
(0.0224312 -0.678801 -2.73526e-21)
(0.00753498 -0.703506 5.92139e-21)
(0.101448 -0.232978 0)
(0.0953116 -0.274141 3.0511e-21)
(0.088726 -0.311691 0)
(0.0804907 -0.362007 8.1443e-21)
(0.0720892 -0.420331 -8.18602e-21)
(0.0624146 -0.488186 -4.90447e-21)
(0.0515733 -0.559682 -8.89321e-23)
(0.0385925 -0.625453 -8.21541e-21)
(0.0239816 -0.673785 -1.36866e-21)
(0.00810002 -0.69878 -7.36607e-21)
(0.110362 -0.227246 2.29829e-20)
(0.102027 -0.268314 -8.74071e-21)
(0.0950645 -0.305139 7.97203e-22)
(0.0858915 -0.355298 -7.73672e-21)
(0.0769913 -0.413453 0)
(0.0666157 -0.481327 -5.12907e-21)
(0.055051 -0.553281 -4.02278e-22)
(0.0411943 -0.619647 1.11836e-20)
(0.0255936 -0.668531 1.53328e-21)
(0.00867483 -0.693883 -1.53892e-21)
(0.120038 -0.220698 -1.84691e-21)
(0.109196 -0.261426 1.62271e-20)
(0.101871 -0.297695 8.08257e-21)
(0.0917402 -0.347339 -8.07708e-21)
(0.0822958 -0.40532 -4.77672e-21)
(0.0711908 -0.473268 0)
(0.0588723 -0.545727 -1.14733e-20)
(0.044111 -0.612924 5.75168e-21)
(0.0274337 -0.662696 6.12584e-21)
(0.00935358 -0.688607 6.58435e-21)
(0.130397 -0.213688 -3.22554e-21)
(0.116864 -0.253539 0)
(0.109106 -0.28955 0)
(0.0979652 -0.338786 0)
(0.0878712 -0.39681 -5.45997e-21)
(0.0759635 -0.465111 1.02191e-20)
(0.0627879 -0.538261 1.16982e-20)
(0.0470301 -0.606328 -1.83898e-20)
(0.0292261 -0.656874 3.28943e-21)
(0.00997094 -0.683283 -9.78038e-21)
(0.141332 -0.206183 -5.19101e-21)
(0.125138 -0.243975 1.58792e-20)
(0.116763 -0.280215 -1.57276e-20)
(0.104699 -0.328801 1.95269e-20)
(0.0939464 -0.386567 -2.45267e-20)
(0.0812959 -0.454943 0)
(0.0672975 -0.528784 -6.13351e-21)
(0.050514 -0.598164 -2.5775e-22)
(0.0314395 -0.650124 -6.84588e-21)
(0.0107954 -0.677348 -6.97865e-21)
(0.152504 -0.199487 -3.45055e-21)
(0.133726 -0.234939 0)
(0.124325 -0.272134 -2.07457e-20)
(0.111416 -0.320339 3.86602e-20)
(0.0998989 -0.378247 -1.48821e-20)
(0.0864041 -0.44698 -2.92801e-21)
(0.0714596 -0.521445 6.12053e-21)
(0.0535883 -0.591513 -3.10687e-22)
(0.0333017 -0.644047 9.9932e-21)
(0.0113755 -0.671669 1.0328e-20)
(0.164689 -0.189218 -1.52645e-20)
(0.144261 -0.221678 1.49184e-20)
(0.133318 -0.259436 2.21148e-21)
(0.119631 -0.306802 0)
(0.107285 -0.364382 0)
(0.092998 -0.433312 2.82719e-21)
(0.0771072 -0.509081 1.27677e-20)
(0.0580096 -0.581379 -1.24406e-20)
(0.0361512 -0.636128 -3.39395e-21)
(0.0124745 -0.66482 3.3329e-21)
(0.175703 -0.191603 0)
(0.165852 -0.216677 0)
(0.149859 -0.256571 0)
(0.134353 -0.302587 0)
(0.120408 -0.358977 0)
(0.10423 -0.425954 0)
(0.0862002 -0.499302 0)
(0.0646716 -0.569115 0)
(0.0401048 -0.622272 0)
(0.013301 -0.650798 0)
(0.197736 -0.171363 0)
(0.202639 -0.201251 0)
(0.177745 -0.245683 0)
(0.163276 -0.290658 0)
(0.146598 -0.346982 0)
(0.127342 -0.411917 0)
(0.105611 -0.481492 0)
(0.0795247 -0.546311 0)
(0.0497793 -0.59441 0)
(0.017664 -0.618576 0)
(0.230301 -0.150759 0)
(0.241062 -0.181179 0)
(0.207494 -0.225534 0)
(0.196521 -0.268757 0)
(0.175315 -0.324795 0)
(0.152593 -0.386619 0)
(0.126175 -0.452268 0)
(0.0945757 -0.513329 0)
(0.0585365 -0.559507 0)
(0.0190806 -0.584882 0)
(0.272616 -0.136359 0)
(0.285134 -0.165567 0)
(0.245159 -0.20899 0)
(0.238682 -0.251184 0)
(0.210654 -0.306415 0)
(0.184774 -0.363577 0)
(0.152602 -0.424368 0)
(0.11448 -0.479104 0)
(0.0714821 -0.518785 0)
(0.0255788 -0.537691 0)
(0.3241 -0.118828 0)
(0.335345 -0.146245 0)
(0.291038 -0.186549 0)
(0.286429 -0.22556 0)
(0.248061 -0.276139 0)
(0.218751 -0.326307 0)
(0.178218 -0.381527 0)
(0.132553 -0.43067 0)
(0.0812049 -0.468382 0)
(0.0254933 -0.490662 0)
(0.38861 -0.108368 0)
(0.396576 -0.133436 0)
(0.349362 -0.170329 0)
(0.342836 -0.205121 0)
(0.293465 -0.25036 0)
(0.262273 -0.293964 0)
(0.211437 -0.343306 0)
(0.157591 -0.383728 0)
(0.0975836 -0.413367 0)
(0.0361512 -0.425009 0)
(0.460538 -0.0865486 0)
(0.4607 -0.107224 0)
(0.410966 -0.138029 0)
(0.397566 -0.166258 0)
(0.33785 -0.203811 0)
(0.30309 -0.239029 0)
(0.235824 -0.279122 0)
(0.173857 -0.311206 0)
(0.102868 -0.341583 0)
(0.0283256 -0.364104 0)
(0.542904 -0.0745675 0)
(0.532453 -0.0903522 0)
(0.484141 -0.115295 0)
(0.459869 -0.136775 0)
(0.395735 -0.16681 0)
(0.352728 -0.193135 0)
(0.271785 -0.224445 0)
(0.205479 -0.25055 0)
(0.124955 -0.276149 0)
(0.0544002 -0.277782 0)
(0.606155 -0.0397289 0)
(0.585399 -0.0479693 0)
(0.53158 -0.0632606 0)
(0.494437 -0.074565 0)
(0.422528 -0.0926932 0)
(0.365818 -0.105937 0)
(0.271284 -0.124811 0)
(0.195121 -0.139627 0)
(0.0938733 -0.165181 0)
(-0.00545516 -0.210168 0)
(0.793927 -0.019715 0)
(0.767999 -0.023742 0)
(0.721917 -0.0298018 0)
(0.678845 -0.0353162 0)
(0.613941 -0.0434502 0)
(0.549909 -0.0510871 0)
(0.460141 -0.0628057 0)
(0.368387 -0.0768006 0)
(0.245512 -0.10496 0)
(0.165726 -0.159254 0)
(0.209195 -0.168114 1.62254e-20)
(0.23509 -0.144695 -1.5969e-20)
(0.268109 -0.125883 2.53608e-21)
(0.308906 -0.112976 0)
(0.359013 -0.0979108 0)
(0.420413 -0.0889913 3.61265e-21)
(0.489971 -0.0703569 -1.6845e-20)
(0.567437 -0.0612138 1.67027e-20)
(0.63291 -0.0313025 4.75207e-21)
(0.814421 -0.0165807 -4.77106e-21)
(0.218153 -0.158153 -1.55701e-20)
(0.243472 -0.133814 0)
(0.276371 -0.116024 1.76247e-20)
(0.31721 -0.103744 -4.21372e-20)
(0.367448 -0.089638 2.80663e-20)
(0.428643 -0.0813377 -3.30083e-21)
(0.498036 -0.0639108 7.15408e-21)
(0.574611 -0.0558442 1.58283e-20)
(0.641828 -0.0279114 4.40212e-21)
(0.82155 -0.0152628 4.26982e-21)
(0.226009 -0.146667 1.81758e-20)
(0.249802 -0.122509 -1.7211e-20)
(0.281805 -0.106069 1.70491e-20)
(0.322339 -0.0945134 -2.23365e-20)
(0.372596 -0.0814426 1.62818e-20)
(0.433831 -0.0738556 0)
(0.503262 -0.0577109 -7.17173e-21)
(0.579598 -0.0508256 -6.95601e-23)
(0.648923 -0.0248454 -8.25507e-21)
(0.827468 -0.0140246 -8.55249e-21)
(0.234713 -0.134323 -3.13661e-21)
(0.257665 -0.110931 0)
(0.288734 -0.0959442 0)
(0.328679 -0.0851979 0)
(0.378671 -0.0732593 1.81623e-20)
(0.439672 -0.0664901 -1.23084e-20)
(0.508927 -0.0517125 -3.75005e-22)
(0.584868 -0.0460891 -8.08332e-21)
(0.655825 -0.0220617 -4.16737e-21)
(0.833171 -0.0128712 -4.23374e-21)
(0.242982 -0.121563 2.78133e-21)
(0.265487 -0.0993193 -9.93951e-21)
(0.295836 -0.0857761 -9.55288e-21)
(0.33545 -0.0758829 9.5473e-21)
(0.385266 -0.0651304 -5.77306e-21)
(0.44607 -0.0592543 0)
(0.515125 -0.0458823 -7.10294e-21)
(0.590603 -0.0415401 1.56587e-20)
(0.662794 -0.0194668 -7.90492e-21)
(0.838806 -0.0117823 8.4827e-21)
(0.250353 -0.108463 -2.40044e-20)
(0.272348 -0.0877335 1.63195e-21)
(0.30183 -0.0756347 -1.27278e-21)
(0.341324 -0.066676 9.41528e-21)
(0.391111 -0.0571448 0)
(0.451909 -0.052214 0)
(0.520922 -0.0402471 0)
(0.596095 -0.0371598 7.56462e-21)
(0.66943 -0.0170143 0)
(0.844126 -0.0107451 0)
(0.256856 -0.0950579 0)
(0.27817 -0.0761214 1.1639e-20)
(0.306602 -0.0654828 -8.0126e-21)
(0.34594 -0.0575999 -1.05654e-20)
(0.395701 -0.0493228 1.06205e-20)
(0.456574 -0.045397 6.57869e-21)
(0.525679 -0.0348247 -6.28716e-21)
(0.600758 -0.0329623 -2.62051e-20)
(0.675301 -0.0147008 1.85974e-21)
(0.848852 -0.00975778 -6.18767e-21)
(0.26243 -0.0813868 0)
(0.282901 -0.0644482 -3.63777e-21)
(0.310365 -0.0552845 -2.1352e-21)
(0.349447 -0.0486135 0)
(0.399061 -0.0416259 3.10367e-21)
(0.46 -0.0387701 -9.04295e-21)
(0.529232 -0.0295929 1.04567e-20)
(0.604391 -0.0289415 3.92734e-21)
(0.68019 -0.0125233 -3.93349e-21)
(0.852857 -0.00882002 8.2739e-21)
(0.26693 -0.0674631 2.46278e-21)
(0.286454 -0.0527026 3.90252e-21)
(0.31313 -0.0450516 -7.46817e-22)
(0.351888 -0.0396688 1.22609e-21)
(0.40128 -0.0339988 2.77885e-21)
(0.462292 -0.0322853 4.66387e-21)
(0.531617 -0.0245082 -1.70269e-21)
(0.607084 -0.025071 -1.85528e-21)
(0.684054 -0.0104643 3.94649e-21)
(0.856131 -0.00793189 2.03566e-21)
(0.270177 -0.0532773 -7.91713e-22)
(0.288762 -0.0408706 8.01646e-22)
(0.314782 -0.034784 -1.05904e-21)
(0.353162 -0.0307441 -1.22457e-21)
(0.402399 -0.0264158 1.45944e-21)
(0.463474 -0.0258839 -3.02333e-21)
(0.532917 -0.0195374 2.58776e-21)
(0.608865 -0.02131 9.65137e-22)
(0.686931 -0.00848897 0)
(0.858744 -0.00709491 -2.04008e-21)
(0.272072 -0.0387934 7.88759e-22)
(0.289832 -0.0289362 -7.98793e-22)
(0.315273 -0.0244716 -1.05838e-21)
(0.353238 -0.021825 -1.22455e-21)
(0.402377 -0.0188569 -1.45899e-21)
(0.463535 -0.0195321 -7.63842e-23)
(0.533228 -0.0146461 8.17431e-22)
(0.609744 -0.0176283 2.73741e-21)
(0.688981 -0.00658027 0)
(0.860721 -0.00631257 -2.02275e-21)
(0.272658 -0.0239848 0)
(0.289779 -0.0168806 -3.89018e-21)
(0.314648 -0.014095 7.10732e-21)
(0.352146 -0.0128877 1.2267e-21)
(0.40118 -0.0112943 2.77956e-21)
(0.462426 -0.0132019 4.65457e-21)
(0.532483 -0.00979089 -1.69952e-21)
(0.609625 -0.0139887 -1.84526e-21)
(0.690144 -0.00470446 3.90207e-21)
(0.862064 -0.0055521 2.01799e-21)
(0.272 -0.0088682 0)
(0.28873 -0.00467213 -3.58345e-21)
(0.313001 -0.00362034 -2.13406e-21)
(0.349967 -0.0038966 0)
(0.39885 -0.00369204 -8.66586e-21)
(0.4602 -0.0068648 2.81466e-21)
(0.530751 -0.00494501 3.29831e-21)
(0.608637 -0.0103859 1.09663e-20)
(0.690538 -0.00286391 -3.88944e-21)
(0.862803 -0.00482418 8.06043e-21)
(0.270042 0.00651504 0)
(0.286668 0.00772073 3.61434e-21)
(0.31034 0.00698964 0)
(0.346707 0.0051896 1.05771e-20)
(0.395355 0.0039954 -1.06311e-20)
(0.456773 -0.000474091 -6.5386e-21)
(0.527853 -5.0914e-05 -2.57555e-22)
(0.606565 -0.00676019 -1.10236e-20)
(0.689931 -0.00100676 -1.83212e-21)
(0.862943 -0.00408261 -9.98439e-21)
(0.266777 0.0221152 2.22242e-20)
(0.283631 0.0203153 -8.62872e-21)
(0.306755 0.0177509 1.36847e-21)
(0.342483 0.0143949 -9.41296e-21)
(0.390845 0.0117919 0)
(0.452381 0.00598405 -6.59469e-21)
(0.524115 0.00488406 -5.38279e-22)
(0.603801 -0.00314605 1.45693e-20)
(0.688691 0.000830068 1.97652e-21)
(0.862526 -0.00337535 -1.97512e-21)
(0.262084 0.0378438 -3.71889e-21)
(0.279449 0.0331421 1.68098e-20)
(0.302136 0.0287011 9.53859e-21)
(0.337167 0.0237712 -9.53144e-21)
(0.385103 0.0197592 -5.77424e-21)
(0.446651 0.0125911 0)
(0.518969 0.00997362 -1.41926e-20)
(0.599723 0.000583379 7.07397e-21)
(0.686253 0.00274507 7.63762e-21)
(0.861545 -0.00261789 8.04786e-21)
(0.256408 0.0535848 -2.84813e-21)
(0.274601 0.0461419 0)
(0.296988 0.0397697 0)
(0.3313 0.033268 0)
(0.378812 0.0278414 -6.51389e-21)
(0.440496 0.019267 1.22672e-20)
(0.513555 0.0150835 1.42519e-20)
(0.595483 0.00426609 -2.22864e-20)
(0.683596 0.00462299 3.97212e-21)
(0.860054 -0.00192331 -1.18901e-20)
(0.248818 0.0691918 -3.61626e-21)
(0.267953 0.0595171 1.69064e-20)
(0.290363 0.0511662 -1.67424e-20)
(0.323894 0.0430916 2.25308e-20)
(0.370706 0.0362632 -2.82816e-20)
(0.432238 0.0262841 0)
(0.505857 0.0205515 -7.13929e-21)
(0.5892 0.00823531 -1.0994e-22)
(0.679206 0.00667954 -7.9285e-21)
(0.858031 -0.00111816 -8.06037e-21)
(0.24279 0.0840348 -2.95769e-21)
(0.262814 0.072466 0)
(0.285189 0.0621843 -2.26479e-20)
(0.317933 0.052675 4.30361e-20)
(0.364199 0.0444934 -1.669e-20)
(0.425809 0.0331039 -3.33965e-21)
(0.499998 0.0257782 7.12412e-21)
(0.584328 0.0119584 -2.41919e-22)
(0.67566 0.00862134 1.15503e-20)
(0.855525 -0.000446133 1.18778e-20)
(0.229239 0.0999741 -1.36133e-20)
(0.251435 0.0877213 1.33573e-20)
(0.27492 0.0750012 2.33517e-21)
(0.306994 0.0636631 0)
(0.352301 0.0539425 0)
(0.413701 0.0410024 3.23312e-21)
(0.488697 0.0320076 1.44391e-20)
(0.57522 0.0164212 -1.40425e-20)
(0.668941 0.0109467 -3.78151e-21)
(0.852544 0.000456246 3.63341e-21)
(0.239226 0.125897 0)
(0.254818 0.120443 0)
(0.276656 0.101827 0)
(0.306655 0.087064 0)
(0.349677 0.073683 0)
(0.408975 0.0573501 0)
(0.481573 0.0444284 0)
(0.5664 0.0253229 0)
(0.660466 0.0159069 0)
(0.843924 0.00196021 0)
(0.219712 0.165347 0)
(0.237239 0.17198 0)
(0.263827 0.144344 0)
(0.294198 0.126941 0)
(0.337584 0.107574 0)
(0.396328 0.0856954 0)
(0.468521 0.0662606 0)
(0.554082 0.0410188 0)
(0.653569 0.0246324 0)
(0.839131 0.00511448 0)
(0.196567 0.213146 0)
(0.213549 0.226962 0)
(0.23858 0.186009 0)
(0.267199 0.168729 0)
(0.311377 0.143799 0)
(0.368698 0.11721 0)
(0.438364 0.0910531 0)
(0.521602 0.0587093 0)
(0.622336 0.034181 0)
(0.810618 0.00754055 0)
(0.178563 0.271104 0)
(0.189887 0.283259 0)
(0.213554 0.228987 0)
(0.243596 0.217383 0)
(0.288906 0.184414 0)
(0.343716 0.152677 0)
(0.412176 0.118812 0)
(0.495904 0.078627 0)
(0.602734 0.0449601 0)
(0.796936 0.0112475 0)
(0.151416 0.334768 0)
(0.157019 0.341383 0)
(0.183172 0.281922 0)
(0.211432 0.275665 0)
(0.251741 0.229826 0)
(0.300358 0.195255 0)
(0.364131 0.153108 0)
(0.44333 0.103673 0)
(0.549485 0.0584545 0)
(0.749372 0.014254 0)
(0.127628 0.405515 0)
(0.132673 0.407939 0)
(0.161985 0.347722 0)
(0.183877 0.341164 0)
(0.221795 0.281882 0)
(0.266168 0.249289 0)
(0.32777 0.194528 0)
(0.403705 0.134906 0)
(0.514374 0.0761874 0)
(0.723927 0.020199 0)
(0.0926513 0.491338 0)
(0.0981042 0.4881 0)
(0.122307 0.429061 0)
(0.136483 0.417609 0)
(0.170092 0.350171 0)
(0.204307 0.319995 0)
(0.255599 0.247522 0)
(0.320078 0.181212 0)
(0.426927 0.105126 0)
(0.642216 0.0274172 0)
(0.0761065 0.592127 0)
(0.0803338 0.58229 0)
(0.0992899 0.524869 0)
(0.109623 0.505923 0)
(0.13851 0.435956 0)
(0.162408 0.402974 0)
(0.208461 0.31507 0)
(0.267646 0.249686 0)
(0.374992 0.152649 0)
(0.590383 0.0452402 0)
(0.0263769 0.724415 0)
(0.0265942 0.707892 0)
(0.0351244 0.657236 0)
(0.038883 0.632076 0)
(0.053696 0.569343 0)
(0.0647408 0.531027 0)
(0.0951258 0.444593 0)
(0.133784 0.379991 0)
(0.218236 0.254158 0)
(0.418327 0.0784341 0)
(0.0215535 0.895996 0)
(0.0252166 0.874169 0)
(0.0305512 0.840419 0)
(0.0370287 0.812943 0)
(0.0468057 0.767975 0)
(0.0590561 0.726093 0)
(0.0796622 0.655405 0)
(0.109293 0.577419 0)
(0.166703 0.423698 0)
(0.300271 0.150426 0)
(0.207432 0.157557 1.18905e-20)
(0.199332 0.208012 -1.17769e-20)
(0.179624 0.260206 1.95217e-21)
(0.1622 0.317522 0)
(0.136309 0.379413 0)
(0.113961 0.44576 2.94713e-21)
(0.0821822 0.528573 -1.37246e-20)
(0.0671448 0.625011 1.36435e-20)
(0.0236659 0.752197 3.76058e-21)
(0.0204407 0.914734 -3.77666e-21)
(0.194336 0.165098 -1.06316e-20)
(0.19102 0.219135 0)
(0.17313 0.272766 1.35444e-20)
(0.155979 0.329796 -3.27838e-20)
(0.13049 0.392062 2.2043e-20)
(0.108687 0.458119 -2.68247e-21)
(0.0780332 0.540547 5.57894e-21)
(0.0635414 0.63604 1.23384e-20)
(0.0226202 0.762084 3.22118e-21)
(0.0199816 0.919505 3.17344e-21)
(0.180329 0.169732 1.21935e-20)
(0.182251 0.227156 -1.23607e-20)
(0.166568 0.28193 1.2242e-20)
(0.149904 0.338818 -1.71088e-20)
(0.12503 0.401137 1.23732e-20)
(0.103826 0.467612 0)
(0.0741679 0.549917 -5.59274e-21)
(0.0602378 0.645245 -2.15525e-22)
(0.0214017 0.77054 -6.30141e-21)
(0.0192332 0.922394 -6.45036e-21)
(0.165992 0.173159 -2.08459e-21)
(0.173202 0.235297 0)
(0.16001 0.2919 0)
(0.143948 0.349336 0)
(0.119843 0.411085 1.3585e-20)
(0.0993478 0.477724 -9.2737e-21)
(0.0706077 0.55958 -3.74979e-22)
(0.0572277 0.654793 -6.02892e-21)
(0.0200678 0.779124 -3.06431e-21)
(0.0182487 0.926457 -3.05742e-21)
(0.151837 0.174405 1.74917e-21)
(0.164192 0.242236 -6.41337e-21)
(0.153704 0.301728 -6.61437e-21)
(0.138271 0.360432 6.60999e-21)
(0.114944 0.422082 -4.25106e-21)
(0.0952351 0.488454 0)
(0.0673461 0.569744 -5.20554e-21)
(0.0544987 0.664787 1.13286e-20)
(0.0187859 0.788065 -5.63775e-21)
(0.0171892 0.932014 6.19463e-21)
(0.138162 0.173213 -1.49946e-20)
(0.15536 0.247094 8.15469e-22)
(0.147752 0.31027 -1.05047e-21)
(0.133095 0.370598 6.21416e-21)
(0.110436 0.432826 0)
(0.0914798 0.498959 0)
(0.0644318 0.579632 0)
(0.0520665 0.6746 5.11839e-21)
(0.0176969 0.79686 0)
(0.0161816 0.938177 0)
(0.125273 0.169706 0)
(0.146757 0.249783 6.90667e-21)
(0.142129 0.317262 -4.82466e-21)
(0.128446 0.379446 -6.82554e-21)
(0.106442 0.442426 6.86107e-21)
(0.0881148 0.508791 4.35836e-21)
(0.0618762 0.58868 -4.05099e-21)
(0.0499663 0.683719 -1.7282e-20)
(0.0168458 0.805051 1.22304e-21)
(0.0152862 0.944176 -3.92097e-21)
(0.113516 0.164024 0)
(0.138452 0.25032 -2.08904e-21)
(0.136803 0.322703 -1.1907e-21)
(0.124266 0.387087 0)
(0.102984 0.45082 2.0042e-21)
(0.0851678 0.517617 -5.59834e-21)
(0.0596489 0.596841 6.67432e-21)
(0.0481674 0.692001 2.59196e-21)
(0.0162068 0.812326 -2.35429e-21)
(0.0145009 0.949529 5.27987e-21)
(0.103216 0.156354 1.49739e-21)
(0.130538 0.248667 2.07997e-21)
(0.131765 0.326506 -3.60874e-22)
(0.120511 0.393563 6.62994e-22)
(0.100012 0.458173 1.66529e-21)
(0.0826452 0.525381 2.78699e-21)
(0.0577628 0.604213 -9.77183e-22)
(0.0465999 0.699461 -1.06749e-21)
(0.0157128 0.818747 2.36209e-21)
(0.0138257 0.954348 1.16435e-21)
(0.0946463 0.146968 -4.05955e-22)
(0.123111 0.244813 4.11417e-22)
(0.127006 0.328535 -5.49018e-22)
(0.117149 0.398772 -6.62195e-22)
(0.0974727 0.464524 7.98412e-22)
(0.0805337 0.532098 -1.6931e-21)
(0.0562106 0.610712 1.46987e-21)
(0.045232 0.705917 5.72083e-22)
(0.0153373 0.824406 0)
(0.0132437 0.958605 -1.16689e-21)
(0.0176378 -0.00887577 0)
(0.0567672 -0.0223842 0)
(0.0934376 -0.0260739 -1.58205e-20)
(0.120617 -0.0252247 0)
(0.138731 -0.0210127 7.08333e-21)
(0.149426 -0.0145572 -6.5641e-21)
(0.154603 -0.00670682 0)
(0.155955 0.00194382 0)
(0.154968 0.0110673 -7.51272e-21)
(0.153723 0.0209407 1.3095e-20)
(0.0238093 -0.0108683 0)
(0.0694997 -0.0242563 -1.14809e-20)
(0.108713 -0.0266694 -3.3155e-21)
(0.135781 -0.0248047 -1.46233e-20)
(0.15232 -0.0201221 -6.69232e-21)
(0.160874 -0.013736 -1.79912e-20)
(0.163875 -0.00638183 0)
(0.163273 0.00147599 0)
(0.160601 0.00961356 0)
(0.157594 0.0182747 -1.54955e-21)
(0.0307221 -0.0123042 0)
(0.0826446 -0.0249461 -3.80268e-21)
(0.12332 -0.0261415 7.72758e-21)
(0.149202 -0.0236502 1.107e-20)
(0.163372 -0.0190406 4.01181e-22)
(0.169329 -0.0132903 5.2979e-22)
(0.169984 -0.00694529 9.42275e-21)
(0.167451 -0.000296598 -7.55571e-21)
(0.16324 0.00658824 1.11682e-20)
(0.158752 0.0140205 -8.67462e-21)
(0.0381337 -0.0129951 -1.56533e-21)
(0.0956077 -0.0243118 1.14016e-20)
(0.136564 -0.0245377 1.88598e-20)
(0.160301 -0.0219538 -2.13971e-20)
(0.171547 -0.0180243 1.32866e-20)
(0.174726 -0.0134673 1.17826e-20)
(0.173115 -0.00858982 -4.55444e-21)
(0.168886 -0.00349849 1.4113e-20)
(0.16345 0.00188951 -1.86389e-21)
(0.157904 0.00789119 -4.52501e-21)
(0.045724 -0.0128018 -1.84366e-21)
(0.107754 -0.022329 1.75147e-21)
(0.147838 -0.022005 0)
(0.168696 -0.0199448 1.78991e-20)
(0.17676 -0.017291 -3.27495e-21)
(0.177246 -0.0144104 -3.81605e-22)
(0.173652 -0.0113587 -4.79049e-21)
(0.168093 -0.00808209 -9.73524e-21)
(0.161812 -0.00439592 5.46716e-22)
(0.155633 -4.18945e-05 4.32285e-21)
(0.0531132 -0.0116528 0)
(0.118469 -0.0190938 -1.27904e-20)
(0.156676 -0.0187671 3.9098e-21)
(0.174215 -0.017858 -1.13584e-20)
(0.179124 -0.0170003 3.37926e-21)
(0.177219 -0.0161641 2.98974e-22)
(0.172048 -0.0151781 2.27524e-22)
(0.165565 -0.0138762 6.62006e-21)
(0.158803 -0.012035 -7.28835e-21)
(0.152347 -0.00949272 5.00409e-21)
(0.0598915 -0.00955883 9.95548e-22)
(0.127212 -0.0148124 8.55011e-21)
(0.162781 -0.0150951 0)
(0.176863 -0.0159102 1.15684e-20)
(0.178887 -0.0172527 -1.08071e-20)
(0.175028 -0.0186998 -2.74662e-21)
(0.168727 -0.0199058 7.19488e-21)
(0.161701 -0.020652 0)
(0.154752 -0.0207369 0)
(0.148274 -0.0201067 0)
(0.065651 -0.00661816 -1.21195e-21)
(0.133562 -0.00977918 -4.01402e-21)
(0.166021 -0.0112802 4.93867e-21)
(0.176783 -0.0142889 6.58766e-21)
(0.176361 -0.0181019 5.30406e-21)
(0.171044 -0.0219486 3.31243e-21)
(0.164041 -0.0253764 0)
(0.15679 -0.028172 3.62141e-21)
(0.149863 -0.0302038 -1.77709e-21)
(0.143485 -0.0315259 0)
(0.0700193 -0.00301326 0)
(0.137237 -0.00435151 8.06508e-21)
(0.166411 -0.00761419 -4.93797e-21)
(0.174207 -0.0131524 -4.49875e-21)
(0.171873 -0.019573 1.99211e-22)
(0.165597 -0.0258293 -1.49254e-21)
(0.158268 -0.0314322 1.50314e-21)
(0.151037 -0.0362166 0)
(0.144274 -0.0401298 -1.61473e-21)
(0.138069 -0.0433717 -1.07338e-21)
(0.0727377 0.000997858 1.94444e-22)
(0.138131 0.00107655 -3.28769e-21)
(0.164089 -0.00437641 -3.57516e-22)
(0.169421 -0.0126341 2.60028e-23)
(0.16574 -0.0216788 -1.57672e-21)
(0.158968 -0.0302678 0)
(0.151628 -0.0379372 -1.50288e-21)
(0.144603 -0.0446011 0)
(0.138099 -0.0502981 0)
(0.132122 -0.0553486 0)
(0.0737833 0.00511957 -4.51123e-22)
(0.13633 0.00612377 0)
(0.159299 -0.00181322 0)
(0.162735 -0.0128443 -2.35585e-21)
(0.158259 -0.0244254 5.58345e-22)
(0.151396 -0.0352046 -1.04429e-22)
(0.144304 -0.044789 -9.44614e-22)
(0.137633 -0.0531852 0)
(0.131462 -0.0605133 0)
(0.125749 -0.0672004 0)
(0.0731342 0.00908549 0)
(0.132013 0.0104865 -1.95972e-21)
(0.152337 -0.000130622 1.80742e-21)
(0.154449 -0.0138879 3.05995e-21)
(0.149677 -0.0278418 0)
(0.143069 -0.0406193 2.26943e-21)
(0.136438 -0.0519337 -2.11051e-21)
(0.130243 -0.0618862 0)
(0.124479 -0.0706623 2.52558e-21)
(0.119087 -0.0787888 -2.45722e-21)
(0.0706847 0.0125928 0)
(0.12532 0.0138262 1.85695e-20)
(0.143488 0.000467291 0)
(0.144866 -0.0158529 1.49168e-20)
(0.140253 -0.0319453 0)
(0.134189 -0.0464904 -1.10826e-20)
(0.12819 -0.0593281 0)
(0.122574 -0.070647 7.09691e-21)
(0.117282 -0.0806798 -6.64685e-21)
(0.112272 -0.0900439 -5.73655e-21)
(0.0665432 0.0153398 -5.25957e-21)
(0.116565 0.0158346 -8.72701e-21)
(0.133104 -0.000195169 -4.46891e-21)
(0.134295 -0.0188173 -7.34998e-21)
(0.130226 -0.0367587 -6.9912e-21)
(0.124936 -0.0528116 5.51789e-21)
(0.119699 -0.0669509 5.17558e-21)
(0.114746 -0.0794402 8.48655e-22)
(0.109987 -0.0905394 7.48285e-21)
(0.105417 -0.10094 5.74787e-21)
(0.060927 0.0170632 -5.97684e-21)
(0.106133 0.0162626 -1.06248e-20)
(0.121563 -0.002256 -1.97604e-20)
(0.12305 -0.0228445 8.70484e-21)
(0.119836 -0.0423035 0)
(0.115487 -0.0595819 0)
(0.111105 -0.0747893 -1.04049e-20)
(0.106875 -0.0882512 -8.84919e-21)
(0.102701 -0.100233 8.36434e-21)
(0.0986212 -0.111474 -5.74814e-21)
(0.0541177 0.0175516 6.3672e-21)
(0.0944529 0.0149229 5.47295e-21)
(0.109258 -0.00581623 -3.37573e-20)
(0.111449 -0.0279819 4.66427e-20)
(0.109327 -0.0485974 -8.18813e-21)
(0.106031 -0.0668007 0)
(0.102552 -0.0828299 0)
(0.0990744 -0.0970618 5.04222e-20)
(0.0955131 -0.109745 -4.34972e-20)
(0.0919581 -0.121638 -2.24025e-20)
(0.0464449 0.0166556 5.87723e-20)
(0.081984 0.0116947 0)
(0.0965903 -0.0109388 4.32523e-20)
(0.0998142 -0.0342618 -3.77827e-20)
(0.0989604 -0.0556573 0)
(0.0967795 -0.0744709 1.41306e-20)
(0.0942033 -0.0910593 -3.92873e-20)
(0.0914607 -0.105845 -4.2399e-20)
(0.0885037 -0.119045 1.98974e-20)
(0.0854945 -0.131389 1.65688e-20)
(0.0382676 0.0142948 -1.21089e-19)
(0.0691943 0.0065267 -1.30976e-20)
(0.0839586 -0.0176476 -2.47921e-20)
(0.0884738 -0.0417036 -5.27201e-20)
(0.0890203 -0.0635065 -1.73052e-20)
(0.087989 -0.0826147 -1.57474e-20)
(0.0862808 -0.0994854 -1.55631e-21)
(0.0841967 -0.11459 0)
(0.0817794 -0.128109 0)
(0.0793104 -0.140683 3.77556e-20)
(0.0299534 0.0104606 6.23185e-20)
(0.0565424 -0.000561476 -5.71364e-20)
(0.0717432 -0.0259263 3.63485e-20)
(0.0777467 -0.0503163 7.41133e-20)
(0.079813 -0.0721879 -1.93085e-20)
(0.0799945 -0.0913027 1.43369e-20)
(0.0791573 -0.108181 1.30176e-20)
(0.0776753 -0.123348 0)
(0.075714 -0.136962 0)
(0.073621 -0.149475 -1.96546e-20)
(0.0218602 0.00521517 -8.30532e-21)
(0.0444587 -0.00947807 7.13694e-20)
(0.0602873 -0.0357145 -1.31183e-20)
(0.067912 -0.0600983 0)
(0.0716219 -0.0817863 0)
(0.073177 -0.100733 3.32506e-20)
(0.0734303 -0.117461 0)
(0.072843 -0.132508 -2.55326e-20)
(0.0716274 -0.145966 1.22989e-21)
(0.0697597 -0.157722 2.22282e-20)
(0.0143141 -0.0013152 0)
(0.0333228 -0.0200626 0)
(0.0498718 -0.0468971 -5.28574e-20)
(0.0591563 -0.07101 0)
(0.064571 -0.0924009 1.94827e-20)
(0.0676488 -0.111306 -1.80561e-20)
(0.0692877 -0.128369 0)
(0.0701091 -0.14437 0)
(0.0704413 -0.159871 -2.42968e-20)
(0.0696157 -0.17469 4.79808e-20)
(0.00761005 -0.00894219 0)
(0.0234716 -0.0320793 -4.56266e-20)
(0.0407248 -0.0592732 -1.41242e-20)
(0.0515708 -0.0828655 -4.68193e-20)
(0.0585627 -0.10379 -2.12173e-20)
(0.0629913 -0.122561 -5.49671e-20)
(0.0657238 -0.139821 0)
(0.0673808 -0.156223 0)
(0.0681861 -0.172064 0)
(0.0672727 -0.186505 5.72938e-22)
(0.00201091 -0.0173986 0)
(0.0152064 -0.0451977 -1.4551e-20)
(0.0330482 -0.072551 2.67529e-20)
(0.0452467 -0.0953652 3.47757e-20)
(0.0535769 -0.115552 -4.26157e-22)
(0.0590859 -0.133855 -6.0077e-22)
(0.0625908 -0.150808 3.32553e-20)
(0.0647039 -0.166808 -3.00286e-20)
(0.0656863 -0.18192 5.38931e-20)
(0.0649433 -0.195347 -5.18244e-20)
(-0.00227987 -0.0263673 -8.49808e-21)
(0.00876263 -0.0590397 4.545e-20)
(0.0270114 -0.0864032 6.69334e-20)
(0.0402926 -0.108193 -6.99632e-20)
(0.0496924 -0.127329 4.24331e-20)
(0.0560385 -0.144768 3.77199e-20)
(0.0601146 -0.160926 -1.61838e-20)
(0.0625597 -0.176003 6.00686e-20)
(0.0637412 -0.189988 2.53708e-22)
(0.0633368 -0.202369 -2.69836e-20)
(-0.00512977 -0.0355015 -8.00302e-21)
(0.00430829 -0.0731936 7.60559e-21)
(0.0227525 -0.100487 0)
(0.0368218 -0.121054 5.83805e-20)
(0.0470247 -0.138856 -1.06166e-20)
(0.054002 -0.155096 -2.46067e-22)
(0.0585177 -0.170123 -1.725e-20)
(0.0612502 -0.184036 -4.64611e-20)
(0.0626676 -0.196846 6.80263e-22)
(0.0626389 -0.208313 4.16568e-20)
(-0.0064829 -0.0444463 0)
(0.00193889 -0.0872344 -4.18727e-20)
(0.0203699 -0.114458 1.29601e-20)
(0.0349317 -0.133678 -3.41312e-20)
(0.0456834 -0.149936 1.0501e-20)
(0.0531113 -0.164739 1.50228e-22)
(0.0579613 -0.178439 1.10595e-22)
(0.0609413 -0.191107 3.13842e-20)
(0.0625896 -0.202804 -4.38948e-20)
(0.0629093 -0.213491 4.30033e-20)
(-0.00636054 -0.052858 3.7897e-21)
(0.00167294 -0.100743 2.78194e-20)
(0.0199138 -0.127982 0)
(0.03469 -0.145823 3.39354e-20)
(0.0457526 -0.160411 -3.06344e-20)
(0.0534665 -0.173632 -9.32916e-21)
(0.0585519 -0.185907 2.59013e-20)
(0.0617268 -0.197315 0)
(0.0635656 -0.207965 0)
(0.0641726 -0.217945 0)
(-0.00485699 -0.0604191 -3.48568e-21)
(0.00345128 -0.113319 -9.24731e-21)
(0.0213811 -0.140739 1.1662e-20)
(0.0361265 -0.157262 1.62343e-20)
(0.0472823 -0.170142 1.52612e-20)
(0.0551282 -0.181714 9.26028e-21)
(0.0603506 -0.192523 0)
(0.0636561 -0.202681 1.62201e-20)
(0.0656269 -0.212324 -7.51444e-21)
(0.0664452 -0.22161 0)
(-0.00213236 -0.0668469 0)
(0.0071386 -0.124595 1.84433e-20)
(0.024714 -0.152428 -1.1659e-20)
(0.0392298 -0.167782 -1.07693e-20)
(0.0502861 -0.178997 -7.80023e-23)
(0.0581208 -0.188914 -4.67059e-21)
(0.0633822 -0.198254 4.32181e-21)
(0.066749 -0.207177 0)
(0.0687892 -0.21583 -7.67536e-21)
(0.0697416 -0.224394 -7.71132e-21)
(0.0015942 -0.0719387 3.81261e-22)
(0.0125231 -0.134257 -6.6054e-21)
(0.0297978 -0.162775 -7.01143e-22)
(0.043947 -0.177182 -2.8822e-23)
(0.0547429 -0.186844 -3.67978e-21)
(0.062437 -0.195151 0)
(0.0676436 -0.203043 -4.32032e-21)
(0.071004 -0.210747 0)
(0.0730566 -0.218406 0)
(0.0740749 -0.226197 0)
(0.00607404 -0.0757333 -6.97551e-22)
(0.0193406 -0.142172 0)
(0.0364733 -0.171601 0)
(0.050193 -0.185313 -3.5436e-21)
(0.0606069 -0.193581 1.23117e-21)
(0.0680475 -0.200362 7.12441e-23)
(0.0731121 -0.206845 -2.11896e-21)
(0.0764035 -0.21334 0)
(0.0784247 -0.219987 0)
(0.0794602 -0.226934 0)
(0.0110895 -0.0781975 0)
(0.0273402 -0.148157 -2.5065e-21)
(0.0445398 -0.178695 2.31171e-21)
(0.0578279 -0.192001 4.7886e-21)
(0.0677834 -0.199082 0)
(0.0748855 -0.204453 4.51455e-21)
(0.0797379 -0.209587 -4.19828e-21)
(0.0829123 -0.214891 0)
(0.0848812 -0.220508 8.24434e-21)
(0.0859174 -0.226538 -7.98352e-21)
(0.016405 -0.0792164 0)
(0.0362327 -0.152048 1.69131e-20)
(0.053775 -0.183885 0)
(0.0666971 -0.197096 1.74425e-20)
(0.0761639 -0.203236 0)
(0.0828692 -0.207349 -1.72642e-20)
(0.0874548 -0.211213 0)
(0.0904754 -0.215359 1.71205e-20)
(0.0923892 -0.219937 -1.60344e-20)
(0.0934418 -0.224994 -1.67277e-20)
(0.021776 -0.0788097 -4.12617e-21)
(0.0456879 -0.153764 -8.72867e-21)
(0.0639136 -0.187041 -3.93165e-21)
(0.0766084 -0.200474 -8.55265e-21)
(0.0856099 -0.205945 -8.21103e-21)
(0.091892 -0.20898 8.41959e-21)
(0.0961736 -0.211679 8.22358e-21)
(0.0990125 -0.214716 -4.24961e-22)
(0.100878 -0.218264 1.61639e-20)
(0.101991 -0.222317 1.67056e-20)
(0.0269783 -0.0770739 -3.54999e-21)
(0.0553679 -0.153304 -7.81822e-21)
(0.0746673 -0.188098 -1.59156e-20)
(0.0873424 -0.202039 7.59581e-21)
(0.0959569 -0.207124 0)
(0.101825 -0.209288 0)
(0.105784 -0.210947 -1.74702e-20)
(0.108419 -0.212948 -1.74056e-20)
(0.110243 -0.215499 1.68397e-20)
(0.111481 -0.218545 -1.80462e-20)
(0.0318152 -0.0741497 3.28205e-21)
(0.0649387 -0.150744 4.03319e-21)
(0.0857286 -0.187031 -1.92721e-20)
(0.0986617 -0.201722 3.81207e-20)
(0.107018 -0.206706 -7.56077e-21)
(0.112516 -0.208219 0)
(0.116156 -0.208986 0)
(0.118564 -0.210042 8.56136e-20)
(0.120334 -0.211653 -8.44323e-20)
(0.121772 -0.213722 -5.42803e-20)
(0.0361244 -0.0702113 2.04171e-20)
(0.0740967 -0.146226 0)
(0.0967761 -0.183849 2.75631e-20)
(0.110302 -0.199487 -2.99358e-20)
(0.118586 -0.204643 0)
(0.123799 -0.205733 1.70555e-20)
(0.127148 -0.205769 -4.90168e-20)
(0.129313 -0.205992 -6.88673e-20)
(0.130972 -0.206755 3.2842e-20)
(0.132674 -0.207948 3.48023e-20)
(0.0397772 -0.0654493 -3.82491e-20)
(0.0825682 -0.13993 -5.97035e-21)
(0.107503 -0.178625 -1.13014e-20)
(0.121977 -0.195336 -3.32103e-20)
(0.130433 -0.200906 -1.60974e-20)
(0.135488 -0.201798 -1.65967e-20)
(0.138594 -0.201265 3.1789e-22)
(0.140503 -0.20076 0)
(0.141872 -0.200741 0)
(0.143793 -0.201157 7.19538e-20)
(0.0426854 -0.0600599 1.78323e-20)
(0.0901041 -0.132065 -1.83294e-20)
(0.11762 -0.171494 1.72277e-20)
(0.133407 -0.189318 4.7232e-20)
(0.142321 -0.195497 -1.33092e-20)
(0.147395 -0.196399 1.72258e-20)
(0.150359 -0.195453 1.74343e-20)
(0.152105 -0.19431 0)
(0.153106 -0.193754 0)
(0.154836 -0.193488 -3.52812e-20)
(0.044804 -0.0542432 -1.82567e-21)
(0.0964996 -0.122884 2.33507e-20)
(0.12685 -0.162631 -4.62829e-21)
(0.144315 -0.181522 0)
(0.154004 -0.188453 0)
(0.159308 -0.189547 3.08567e-20)
(0.162219 -0.188323 0)
(0.163692 -0.186589 -3.51562e-20)
(0.16405 -0.185163 -2.88349e-21)
(0.164388 -0.183743 3.44312e-20)
(0.0461322 -0.0481898 0)
(0.101607 -0.112658 0)
(0.134944 -0.152241 -1.89768e-20)
(0.154425 -0.172069 0)
(0.165236 -0.179835 1.47938e-20)
(0.171062 -0.181266 -1.37104e-20)
(0.174224 -0.179843 0)
(0.176067 -0.177348 0)
(0.177338 -0.174692 -3.62725e-20)
(0.179373 -0.173192 7.12238e-20)
(0.0466549 -0.0420359 0)
(0.105291 -0.101627 -9.86558e-21)
(0.141671 -0.140539 -2.79299e-21)
(0.163468 -0.161118 -2.19292e-20)
(0.175752 -0.169769 -1.12965e-20)
(0.182418 -0.171725 -4.19231e-20)
(0.186102 -0.17041 0)
(0.188547 -0.167756 0)
(0.190917 -0.165155 0)
(0.194266 -0.164595 6.77455e-22)
(0.0463649 -0.0359183 0)
(0.107458 -0.0900796 -3.18495e-21)
(0.146831 -0.127797 9.75229e-21)
(0.171183 -0.148873 1.72828e-20)
(0.185264 -0.158401 9.54296e-22)
(0.193058 -0.161039 8.34474e-22)
(0.197454 -0.160103 3.02013e-20)
(0.200478 -0.157651 -3.19866e-20)
(0.203528 -0.155291 6.85246e-20)
(0.207561 -0.154584 -7.02969e-20)
(0.0453183 -0.029991 -1.22937e-21)
(0.10808 -0.0783145 9.49667e-21)
(0.15028 -0.114306 2.03535e-20)
(0.177341 -0.135553 -3.16351e-20)
(0.193496 -0.145866 2.20216e-20)
(0.202682 -0.149251 2.53918e-20)
(0.207956 -0.148816 -1.63955e-20)
(0.21154 -0.146657 6.545e-20)
(0.21495 -0.144432 2.74025e-21)
(0.219135 -0.143287 -3.32491e-20)
(0.0435993 -0.0243889 -1.40417e-21)
(0.107188 -0.0666176 1.33403e-21)
(0.151929 -0.100363 0)
(0.181757 -0.121396 2.55924e-20)
(0.200214 -0.132316 -5.16545e-21)
(0.21104 -0.136423 1.36868e-21)
(0.217376 -0.136539 -1.34267e-20)
(0.221591 -0.134715 -4.81872e-20)
(0.225284 -0.13261 -2.02098e-21)
(0.229416 -0.131138 5.2517e-20)
(0.0413034 -0.0192178 0)
(0.104862 -0.0552499 -9.69257e-21)
(0.151748 -0.0862672 3.29657e-21)
(0.184297 -0.106658 -1.46655e-20)
(0.20522 -0.117933 4.97938e-21)
(0.217921 -0.122672 -9.62858e-22)
(0.22552 -0.123342 -9.31924e-22)
(0.23049 -0.121887 3.1443e-20)
(0.234518 -0.119917 -4.86089e-20)
(0.238584 -0.118221 5.01632e-20)
(0.038534 -0.0145568 5.85734e-22)
(0.101222 -0.0444426 6.11727e-21)
(0.149763 -0.0723089 0)
(0.18488 -0.0916096 1.44901e-20)
(0.20836 -0.102929 -1.55422e-20)
(0.223136 -0.108142 -6.81709e-21)
(0.232202 -0.109323 2.03192e-20)
(0.238076 -0.108241 0)
(0.242535 -0.106417 0)
(0.246603 -0.104578 0)
(0.035397 -0.0104595 -7.0647e-22)
(0.0964241 -0.0343916 -2.46066e-21)
(0.146056 -0.0587629 3.66668e-21)
(0.18348 -0.0765281 6.94061e-21)
(0.209518 -0.0875346 8.38071e-21)
(0.22652 -0.0930041 5.96879e-21)
(0.237246 -0.0945932 0)
(0.244189 -0.0938558 1.54309e-20)
(0.249201 -0.0921826 -6.85445e-21)
(0.25337 -0.0902772 0)
(0.0319941 -0.00695667 0)
(0.0906476 -0.0252554 4.74502e-21)
(0.140757 -0.0458801 -3.66589e-21)
(0.180125 -0.0616876 -4.40499e-21)
(0.208625 -0.0719934 -3.26303e-22)
(0.227941 -0.0774473 -3.31077e-21)
(0.240495 -0.079291 3.22781e-21)
(0.248679 -0.0788305 0)
(0.254385 -0.0772959 -7.59708e-21)
(0.258766 -0.0753806 -8.36009e-21)
(0.0284398 -0.00405911 8.46103e-23)
(0.0841013 -0.0171557 -1.84074e-21)
(0.134042 -0.0338873 -3.12484e-22)
(0.174896 -0.0473592 -1.26519e-22)
(0.205655 -0.056563 -1.97801e-21)
(0.227292 -0.061684 0)
(0.241803 -0.063575 -3.22684e-21)
(0.251395 -0.0632796 0)
(0.257949 -0.0618402 0)
(0.262659 -0.0599323 0)
(0.0249335 -0.00175347 -1.82569e-22)
(0.077117 -0.0101702 0)
(0.126243 -0.0229835 0)
(0.168041 -0.0338158 -1.54946e-21)
(0.200737 -0.041527 8.13939e-22)
(0.224596 -0.0459636 2.64353e-22)
(0.241116 -0.0476414 -1.42572e-21)
(0.252248 -0.0473451 0)
(0.259793 -0.0459077 0)
(0.264945 -0.0439608 0)
(0.0215568 1.53359e-05 0)
(0.0698752 -0.00427508 -9.73253e-22)
(0.11756 -0.0132491 8.9745e-22)
(0.159704 -0.0212302 2.15037e-21)
(0.193924 -0.0271063 0)
(0.219814 -0.0305105 2.99896e-21)
(0.238338 -0.0316871 -2.78887e-21)
(0.251114 -0.0311844 0)
(0.259796 -0.0296123 7.51097e-21)
(0.265525 -0.0275199 -7.16888e-21)
(0.0183168 0.00130105 0)
(0.0625192 0.000563101 7.7861e-21)
(0.108209 -0.00474654 0)
(0.150096 -0.00976211 8.73215e-21)
(0.185361 -0.0135219 0)
(0.213004 -0.0155629 -1.06812e-20)
(0.233449 -0.0159356 0)
(0.247927 -0.0149892 1.38702e-20)
(0.257876 -0.0131143 -1.29907e-20)
(0.264319 -0.0107306 -1.47782e-20)
(0.0152644 0.00216008 -1.95851e-21)
(0.0552172 0.00439931 -3.81441e-21)
(0.0984332 0.0024971 -1.94654e-21)
(0.13947 0.000460854 -3.94183e-21)
(0.175248 -0.000978247 -4.4247e-21)
(0.204282 -0.00136306 4.90567e-21)
(0.226478 -0.000629562 5.37061e-21)
(0.242654 0.00102024 -1.04221e-21)
(0.253962 0.00339566 1.27229e-20)
(0.261231 0.00625464 1.47734e-20)
(0.0124555 0.00265735 -1.95686e-21)
(0.0481301 0.00731765 -4.40686e-21)
(0.0884755 0.00850018 -9.16827e-21)
(0.128098 0.00935723 4.19261e-21)
(0.163825 0.0103516 0)
(0.193814 0.0118576 0)
(0.217508 0.0139781 -1.23549e-20)
(0.235303 0.0166 -1.32967e-20)
(0.248014 0.019702 1.31756e-20)
(0.25618 0.0232648 -1.63894e-20)
(0.00993147 0.00286328 2.20528e-21)
(0.0413917 0.00942442 2.50528e-21)
(0.0785583 0.0133203 -1.35736e-20)
(0.116255 0.0168917 2.33146e-20)
(0.151366 0.0203329 -4.50974e-21)
(0.181819 0.0238874 0)
(0.206676 0.0276323 0)
(0.225933 0.0314835 6.24216e-20)
(0.240032 0.0355495 -6.53287e-20)
(0.249111 0.0400747 -4.56111e-20)
(0.00771878 0.00285143 1.83909e-20)
(0.0351062 0.010841 0)
(0.0688764 0.0170463 1.80163e-20)
(0.10421 0.0230711 -1.84333e-20)
(0.138161 0.028872 0)
(0.168561 0.0345423 1.11066e-20)
(0.194182 0.0400868 -3.23514e-20)
(0.214666 0.0453917 -4.95936e-20)
(0.23008 0.0506523 2.38929e-20)
(0.240066 0.0564274 2.77912e-20)
(0.0058305 0.00269619 -3.78659e-20)
(0.029348 0.0116963 -5.00001e-21)
(0.0595937 0.0197885 -9.80016e-21)
(0.0922125 0.0279379 -2.39144e-20)
(0.124513 0.0359159 -1.04494e-20)
(0.154342 0.0436726 -1.09056e-20)
(0.18028 0.0511131 2.5309e-22)
(0.201683 0.0580362 0)
(0.218256 0.0646568 0)
(0.229026 0.0718888 5.53134e-20)
(0.00426635 0.00246996 1.94755e-20)
(0.0241627 0.0121195 -2.06593e-20)
(0.0508414 0.0216686 1.42594e-20)
(0.0804894 0.0315614 3.43257e-20)
(0.110724 0.0414495 -9.48464e-21)
(0.139493 0.0511681 1.09257e-20)
(0.16528 0.0605217 1.15806e-20)
(0.187232 0.0691759 0)
(0.204752 0.0772596 0)
(0.216306 0.0861491 -2.64171e-20)
(0.00301336 0.00223999 -2.63136e-21)
(0.019569 0.0122318 2.6061e-20)
(0.0427193 0.0228092 -4.9778e-21)
(0.0692422 0.0340271 0)
(0.0970887 0.0454889 0)
(0.124369 0.056956 2.06284e-20)
(0.14954 0.0681529 0)
(0.171569 0.0785838 -2.40368e-20)
(0.189512 0.0879477 -2.68189e-21)
(0.201079 0.0978082 2.40571e-20)
(0.0020456 0.00206445 0)
(0.0155589 0.0121386 0)
(0.0352923 0.0233221 -2.13952e-20)
(0.0586373 0.0354215 0)
(0.0838789 0.0480657 1.07278e-20)
(0.10933 0.0609968 -9.94139e-21)
(0.133471 0.073924 0)
(0.155106 0.0863922 0)
(0.173387 0.0977456 -2.4835e-20)
(0.187351 0.108998 4.83875e-20)
(0.00132338 0.00198482 0)
(0.0121016 0.0119193 -1.7166e-20)
(0.028599 0.0232987 -5.93797e-21)
(0.0488164 0.0358253 -2.14055e-20)
(0.0713582 0.0492194 -1.02128e-20)
(0.0947683 0.0632511 -3.1117e-20)
(0.117648 0.0776271 0)
(0.138806 0.091949 0)
(0.157584 0.105513 0)
(0.173491 0.118413 4.36051e-22)
(0.000799974 0.00202734 0)
(0.00915726 0.0116312 -6.56023e-21)
(0.0226661 0.0228136 1.06267e-20)
(0.0399038 0.0353158 1.6132e-20)
(0.0597606 0.0490018 -3.74872e-22)
(0.0810107 0.0637067 -2.09615e-22)
(0.102416 0.0791438 2.12994e-20)
(0.122848 0.0949187 -2.15678e-20)
(0.141669 0.110363 4.55053e-20)
(0.158328 0.125122 -4.66327e-20)
(0.000429189 0.0022084 -3.05768e-21)
(0.00667971 0.0113111 1.74883e-20)
(0.0175052 0.0219284 2.82063e-20)
(0.0319962 0.0339728 -3.3743e-20)
(0.0492792 0.0474936 2.081e-20)
(0.0683316 0.0624219 2.05494e-20)
(0.0880757 0.0785 -1.10095e-20)
(0.107473 0.0953221 4.39614e-20)
(0.125883 0.112235 1.43243e-21)
(0.142644 0.128704 -2.17875e-20)
(0.000161919 0.00252868 -3.16558e-21)
(0.00461854 0.0109722 3.00771e-21)
(0.0131185 0.0206881 0)
(0.0251699 0.0318763 2.81507e-20)
(0.0400811 0.0448024 -5.35301e-21)
(0.0569959 0.0595169 2.89319e-22)
(0.0749837 0.075818 -1.03618e-20)
(0.0931153 0.0933074 -3.27534e-20)
(0.110773 0.111343 -9.52629e-22)
(0.127227 0.129275 3.36928e-20)
(-4.99202e-05 0.00296869 0)
(0.0029278 0.0106066 -1.87222e-20)
(0.00950515 0.0191236 5.80995e-21)
(0.0194862 0.0291059 -1.73996e-20)
(0.032307 0.0410548 5.43054e-21)
(0.0472391 0.0551545 -3.58895e-22)
(0.0634801 0.0712783 -3.05566e-22)
(0.0802131 0.08906 2.15771e-20)
(0.0968529 0.107885 -3.20982e-20)
(0.112661 0.127027 3.20671e-20)
(-0.000246098 0.0034931 1.60706e-21)
(0.00157305 0.0101858 1.24213e-20)
(0.00666839 0.0172548 0)
(0.0149966 0.0257423 1.74601e-20)
(0.0260688 0.0363929 -1.67772e-20)
(0.0392485 0.0495296 -5.63067e-21)
(0.0538394 0.0651111 1.59675e-20)
(0.06913 0.0828216 0)
(0.0845728 0.102095 0)
(0.0994692 0.12218 0)
(-0.000454003 0.0040542 -1.62942e-21)
(0.000538655 0.00966502 -4.71047e-21)
(0.00462564 0.0150938 6.01717e-21)
(0.0117531 0.0218691 8.81293e-21)
(0.0214584 0.0309741 8.52934e-21)
(0.0331654 0.0428656 5.50526e-21)
(0.0462659 0.0575911 0)
(0.060145 0.0748982 1.07133e-20)
(0.0742977 0.0942852 -4.94659e-21)
(0.0880938 0.115027 0)
(-0.000685392 0.00459396 0)
(-0.00016508 0.00898921 9.3699e-21)
(0.00341822 0.0126478 -6.01585e-21)
(0.00982291 0.0175757 -5.82505e-21)
(0.0185666 0.0249723 -7.58281e-23)
(0.0291068 0.0354128 -2.8187e-21)
(0.0409117 0.0490301 2.65876e-21)
(0.0534594 0.0656439 0)
(0.0662944 0.0848298 -5.08624e-21)
(0.0788646 0.10593 -5.06944e-21)
(-0.00093199 0.00504725 1.97937e-22)
(-0.000495624 0.0080971 -3.5074e-21)
(0.00312104 0.00992561 -4.00412e-22)
(0.00930407 0.0129628 -3.65699e-23)
(0.0175063 0.0185832 -2.13544e-21)
(0.0271968 0.0274528 0)
(0.0379143 0.0397778 -2.65798e-21)
(0.0492328 0.0554536 0)
(0.0607607 0.0741444 0)
(0.0720216 0.0952998 0)
)
;

boundaryField
{
    inlet
    {
        type            uniformFixedValue;
        uniformValue    constant (1 0 0);
        value           uniform (1 0 0);
    }
    outlet
    {
        type            pressureInletOutletVelocity;
        value           nonuniform List<vector> 
40
(
(-0.00974933 0.197912 0)
(-0.0207365 0.277955 0)
(-0.0343961 0.338628 0)
(-0.0449543 0.388242 0)
(-0.0485411 0.442973 0)
(-0.0440452 0.516907 0)
(-0.0348313 0.617518 0)
(-0.021324 0.74431 0)
(-0.0146155 0.88337 0)
(-0.00298599 0.998402 0)
(-0.00659282 0.143731 1.22063e-22)
(-0.00517299 0.120049 1.86646e-23)
(-0.00390925 0.0956336 1.0195e-22)
(-0.00281083 0.0705803 -1.3649e-23)
(-0.00185325 0.0450373 -1.05838e-22)
(-0.00104537 0.0192084 0)
(0 -0.00663551 0)
(0 -0.0322159 0)
(0 -0.0571768 0)
(0 -0.0811855 0)
(0 -0.103932 0)
(0 -0.125181 0)
(0 -0.144785 0)
(0 -0.162684 0)
(0 -0.178904 0)
(0 -0.193544 0)
(0 -0.206764 0)
(0 -0.218759 0)
(0 -0.229751 0)
(0 -0.239966 0)
(0 -0.262957 0)
(0 -0.298213 0)
(0 -0.336394 0)
(0 -0.381592 0)
(0 -0.438859 0)
(0 -0.511815 0)
(0 -0.59676 0)
(0 -0.678093 0)
(0 -0.736263 0)
(0 -0.765847 0)
)
;
    }
    cylinder
    {
        type            fixedValue;
        value           uniform (0 0 0);
    }
    top
    {
        type            symmetryPlane;
    }
    bottom
    {
        type            symmetryPlane;
    }
    defaultFaces
    {
        type            empty;
    }
}


// ************************************************************************* //
