/*--------------------------------*- C++ -*----------------------------------*\
  =========                 |
  \\      /  F ield         | OpenFOAM: The Open Source CFD Toolbox
   \\    /   O peration     | Website:  https://openfoam.org
    \\  /    A nd           | Version:  7
     \\/     M anipulation  |
\*---------------------------------------------------------------------------*/
FoamFile
{
    version     2.0;
    format      ascii;
    class       volVectorField;
    location    "89.9";
    object      U;
}
// * * * * * * * * * * * * * * * * * * * * * * * * * * * * * * * * * * * * * //

dimensions      [0 1 -1 0 0 0 0];

internalField   nonuniform List<vector> 
2000
(
(-0.00010834 -0.00488761 -2.00187e-22)
(9.48814e-06 -0.0115886 0)
(0.000478587 -0.015462 0)
(0.0012485 -0.0169365 -1.02514e-21)
(0.00227037 -0.0162858 3.33279e-22)
(0.00352044 -0.0136906 1.32875e-23)
(0.00499688 -0.00927918 -5.73769e-22)
(0.00670392 -0.00316383 0)
(0.008642 0.00453242 0)
(0.0107008 0.0136595 0)
(0.000361519 -0.00473824 0)
(0.00133242 -0.0116083 -7.82094e-22)
(0.00255511 -0.0157011 7.21247e-22)
(0.00384977 -0.0174198 1.3695e-21)
(0.00517692 -0.0170453 0)
(0.00652351 -0.0147756 1.25241e-21)
(0.00790263 -0.0107489 -1.16466e-21)
(0.00934007 -0.00506835 0)
(0.0108729 0.0021766 2.14286e-21)
(0.0124022 0.0108862 -4.12628e-21)
(0.000871703 -0.00467108 0)
(0.00284328 -0.0117258 6.24541e-21)
(0.00499436 -0.0159904 0)
(0.00697958 -0.0178908 5.58253e-21)
(0.00876886 -0.0177265 0)
(0.0103605 -0.0157219 -5.03645e-21)
(0.0117824 -0.0120329 0)
(0.0130806 -0.00676164 4.5749e-21)
(0.0143291 3.08478e-05 -4.28468e-21)
(0.0154376 0.00828671 -4.20442e-21)
(0.0014535 -0.00470782 -1.62369e-21)
(0.004583 -0.0119644 -3.11896e-21)
(0.00782133 -0.0163415 -1.4604e-21)
(0.0106417 -0.0183457 -2.74209e-21)
(0.0130285 -0.0183077 -2.62363e-21)
(0.0149965 -0.0164864 2.47803e-21)
(0.016592 -0.0130626 2.37893e-21)
(0.0178814 -0.00814533 -2.54278e-23)
(0.0189742 -0.00177403 4.32435e-21)
(0.0197895 0.00602322 4.20246e-21)
(0.00214187 -0.00486086 -1.59518e-21)
(0.00659168 -0.0123322 -3.18138e-21)
(0.0110498 -0.0167527 -6.04099e-21)
(0.0148148 -0.0187746 2.77918e-21)
(0.0178969 -0.0187722 0)
(0.0203377 -0.0170444 0)
(0.0222092 -0.013802 -4.88606e-21)
(0.0236009 -0.00916679 -4.63717e-21)
(0.0246559 -0.00316248 4.37888e-21)
(0.0253056 0.00420001 1.26457e-20)
(0.00297241 -0.00512908 1.62228e-21)
(0.00890229 -0.0128154 1.65293e-21)
(0.014675 -0.0172054 -8.96179e-21)
(0.0194459 -0.0191606 1.42328e-20)
(0.0232688 -0.0191088 -2.65328e-21)
(0.0262266 -0.0173932 0)
(0.0284277 -0.0142558 0)
(0.0299919 -0.00983416 2.30873e-20)
(0.0310937 -0.00413857 -2.18553e-20)
(0.0316789 0.00282897 4.15314e-21)
(0.00397662 -0.00549555 1.26458e-20)
(0.0115336 -0.0133781 0)
(0.0186672 -0.0176644 1.19765e-20)
(0.0244466 -0.0194787 -1.13607e-20)
(0.0289921 -0.0193114 0)
(0.0324455 -0.0175506 5.16458e-21)
(0.034966 -0.0144693 -1.4483e-20)
(0.0367134 -0.01022 -1.84419e-20)
(0.0378934 -0.00479787 8.65487e-21)
(0.0384645 0.00180881 8.40589e-21)
(0.00517701 -0.00592802 -2.52926e-20)
(0.0144829 -0.0139637 -3.2236e-21)
(0.0229669 -0.0180789 -6.07381e-21)
(0.0296922 -0.019698 -1.42783e-20)
(0.0348737 -0.0193781 -5.46379e-21)
(0.0387313 -0.0175511 -5.15787e-21)
(0.0414898 -0.014519 4.28539e-23)
(0.0433615 -0.0104488 0)
(0.0445901 -0.00531676 0)
(0.0451412 0.000928338 3.99495e-23)
(0.00658254 -0.00638122 1.26471e-20)
(0.0177203 -0.0144998 -1.28562e-20)
(0.0274817 -0.0183888 9.03069e-21)
(0.0350258 -0.0197851 2.00984e-20)
(0.0406917 -0.019312 -5.36133e-21)
(0.0447978 -0.0174389 5.15581e-21)
(0.0476465 -0.0144943 4.86137e-21)
(0.0495145 -0.0106628 0)
(0.0506997 -0.00590455 0)
(0.0511865 -9.84387e-05 -1.9797e-22)
(0.00818546 -0.00680141 -1.59278e-21)
(0.0211844 -0.0149052 1.61313e-20)
(0.0320871 -0.0185317 -3.01813e-21)
(0.0402647 -0.0197114 0)
(0.0462129 -0.0191239 0)
(0.0503667 -0.0172647 1.02037e-20)
(0.0531146 -0.0144798 0)
(0.0547992 -0.0109762 -8.95918e-21)
(0.0557822 -0.00672754 1.2899e-23)
(0.0561127 -0.00156705 8.02338e-21)
(0.0148373 0.0367991 1.57133e-22)
(0.0260048 0.0898534 -1.58895e-22)
(0.034496 0.146232 -1.77929e-22)
(0.0363807 0.198664 -2.00288e-22)
(0.0327272 0.250105 -2.43932e-22)
(0.0290497 0.304422 -8.92544e-24)
(0.0183167 0.366795 1.27652e-22)
(0.0154829 0.453078 4.58082e-22)
(-0.00297615 0.584934 0)
(0.00450915 0.742536 -3.34286e-22)
(0.0147855 0.0332471 6.08881e-22)
(0.0235429 0.0853227 -6.81718e-22)
(0.0320863 0.14348 1.21599e-21)
(0.034407 0.197788 2.00616e-22)
(0.0311845 0.250473 4.32701e-22)
(0.0278256 0.305603 7.4338e-22)
(0.0175742 0.368506 -2.76505e-22)
(0.0148308 0.455128 -3.07514e-22)
(-0.00284373 0.586347 5.93618e-22)
(0.0041096 0.742354 3.33497e-22)
(0.0161661 0.0296822 0)
(0.0218092 0.0800718 -6.64994e-22)
(0.0300438 0.139647 -3.51844e-22)
(0.0326952 0.195906 0)
(0.0298496 0.249959 -1.33287e-21)
(0.0267876 0.30599 4.17193e-22)
(0.0169623 0.369445 4.65971e-22)
(0.0142668 0.456353 1.65957e-21)
(-0.00268262 0.587281 -5.91694e-22)
(0.00375484 0.741998 1.20479e-21)
(0.0190518 0.0263032 0)
(0.0209475 0.0743295 6.70564e-22)
(0.0283905 0.134782 0)
(0.0312359 0.193004 1.56205e-21)
(0.0287082 0.248554 -1.57017e-21)
(0.0259196 0.305583 -9.46318e-22)
(0.0164664 0.369599 -5.45625e-23)
(0.0137992 0.45674 -1.62769e-21)
(-0.0024957 0.587546 -2.65107e-22)
(0.00342472 0.741296 -1.48106e-21)
(0.0233679 0.0232698 3.59027e-23)
(0.021111 0.0683686 -1.92047e-21)
(0.0271631 0.128984 5.24595e-23)
(0.0300218 0.189092 -1.41397e-21)
(0.0277452 0.246258 0)
(0.0252039 0.304401 -9.05839e-22)
(0.0160709 0.369037 -7.53079e-23)
(0.0134126 0.456475 2.04317e-21)
(-0.00230326 0.587461 2.68639e-22)
(0.00312024 0.740542 -2.69626e-22)
(0.0288431 0.0206668 -5.18983e-21)
(0.0224057 0.062471 3.28847e-21)
(0.0264152 0.122406 1.38995e-21)
(0.0290495 0.184201 -1.38929e-21)
(0.0269478 0.243072 -7.48012e-22)
(0.0246295 0.302428 0)
(0.0157751 0.367684 -1.81257e-21)
(0.0131174 0.455312 9.10887e-22)
(-0.00209713 0.586472 9.86242e-22)
(0.00282093 0.739333 1.03035e-21)
(0.0349978 0.0184942 -6.23708e-22)
(0.0248086 0.0568958 0)
(0.0262061 0.115262 0)
(0.0283203 0.17839 0)
(0.0262989 0.239034 -7.9556e-22)
(0.0241754 0.299791 1.54122e-21)
(0.0155537 0.36584 1.76827e-21)
(0.0128685 0.453892 -2.75851e-21)
(-0.00191471 0.585631 4.85342e-22)
(0.00254869 0.738356 -1.50115e-21)
(0.0411741 0.0166479 3.9039e-21)
(0.0280822 0.0517457 2.68825e-21)
(0.02656 0.10778 -2.66368e-21)
(0.0278381 0.171769 2.80652e-21)
(0.0257963 0.234069 -3.48297e-21)
(0.0238437 0.296185 0)
(0.0154327 0.362882 -7.97737e-22)
(0.0127283 0.451011 3.90979e-23)
(-0.00170362 0.583166 -8.74622e-22)
(0.00226217 0.736593 -9.29229e-22)
(0.046559 0.0147457 -3.31092e-21)
(0.0317256 0.046636 0)
(0.0274264 0.0997719 -2.99784e-21)
(0.0275762 0.164375 5.38029e-21)
(0.0254002 0.228694 -1.99967e-21)
(0.023589 0.292695 -3.6425e-22)
(0.0153314 0.360523 7.96005e-22)
(0.0125462 0.449371 1.04864e-23)
(-0.00158216 0.582337 1.26569e-21)
(0.00201595 0.735668 1.34852e-21)
(0.050159 0.0126575 -2.6924e-21)
(0.0350251 0.0415706 2.63359e-21)
(0.0286953 0.0909723 3.34452e-22)
(0.0276371 0.154785 0)
(0.0251318 0.220253 0)
(0.0234751 0.285839 3.59238e-22)
(0.0154303 0.354471 1.51263e-21)
(0.0126357 0.443397 -1.46947e-21)
(-0.00132866 0.57745 -3.95526e-22)
(0.00172362 0.73313 3.8243e-22)
(0.0519249 0.0137251 0)
(0.039411 0.0399046 0)
(0.0310109 0.0850042 0)
(0.0284621 0.149225 0)
(0.025263 0.217684 0)
(0.0228048 0.286068 0)
(0.0148548 0.356449 0)
(0.011689 0.446693 0)
(-0.00151172 0.579885 0)
(0.00120348 0.73228 0)
(0.053418 0.0278312 0)
(0.0429172 0.0573778 0)
(0.032552 0.0973787 0)
(0.0278839 0.155444 0)
(0.024443 0.222024 0)
(0.0216793 0.290886 0)
(0.0142284 0.362834 0)
(0.0106797 0.454372 0)
(-0.001348 0.585845 0)
(0.00076396 0.732154 0)
(0.0505173 0.0315454 0)
(0.0438657 0.0656167 0)
(0.0341648 0.105891 0)
(0.0278607 0.161579 0)
(0.0236251 0.22717 0)
(0.0204535 0.296048 0)
(0.0134858 0.368651 0)
(0.00972279 0.460442 0)
(-0.00123046 0.590197 0)
(0.000434352 0.731593 0)
(0.0457124 0.0336473 0)
(0.0421232 0.0717706 0)
(0.0344103 0.112901 0)
(0.027847 0.167058 0)
(0.0230534 0.232157 0)
(0.0194593 0.3018 0)
(0.0128632 0.37589 0)
(0.00898167 0.468591 0)
(-0.000906325 0.596383 0)
(0.00027279 0.731717 0)
(0.0404077 0.0340464 0)
(0.038937 0.0762713 0)
(0.0332649 0.11911 0)
(0.027306 0.172215 0)
(0.0224494 0.236308 0)
(0.0186281 0.305922 0)
(0.0123173 0.380577 0)
(0.00829779 0.47344 0)
(-0.000817023 0.599753 0)
(6.94569e-05 0.731078 0)
(0.0348219 0.0329537 0)
(0.0350411 0.0789703 0)
(0.0311135 0.124162 0)
(0.0260615 0.177308 0)
(0.0215648 0.24114 0)
(0.0178258 0.311417 0)
(0.0119184 0.387522 0)
(0.007853 0.481325 0)
(-0.000465845 0.605627 0)
(5.38942e-06 0.73112 0)
(0.0291808 0.0305551 0)
(0.0309678 0.080139 0)
(0.028729 0.128043 0)
(0.0246502 0.181518 0)
(0.0205572 0.244669 0)
(0.0169691 0.314595 0)
(0.011431 0.39086 0)
(0.00736949 0.484596 0)
(-0.000427942 0.607783 0)
(-0.000129136 0.730443 0)
(0.0234806 0.0266957 0)
(0.0266556 0.0793426 0)
(0.025832 0.130224 0)
(0.0229013 0.185416 0)
(0.0194926 0.249437 0)
(0.016206 0.32044 0)
(0.0111126 0.398218 0)
(0.00708706 0.492837 0)
(-2.25151e-05 0.613776 0)
(-0.000110935 0.730539 0)
(0.0186403 0.0232211 0)
(0.0236366 0.0788184 0)
(0.0240657 0.132129 0)
(0.0217644 0.187825 0)
(0.0186734 0.251488 0)
(0.015549 0.322202 0)
(0.0107147 0.400035 0)
(0.00676292 0.494487 0)
(-2.99403e-05 0.61483 0)
(-0.000187494 0.730075 0)
(0.0125272 0.0121036 0)
(0.0183779 0.0715572 0)
(0.0212566 0.130623 0)
(0.0206411 0.190555 0)
(0.0182811 0.256432 0)
(0.0153402 0.328838 0)
(0.0107695 0.408396 0)
(0.00670621 0.50377 0)
(0.000508837 0.621425 0)
(-9.47108e-05 0.730322 0)
(0.0583584 0.00356936 2.35244e-21)
(0.0567545 0.009516 -2.3119e-21)
(0.0514659 0.0100485 2.01225e-22)
(0.0454774 0.00926755 0)
(0.0392651 0.00722565 0)
(0.032848 0.00421727 6.22137e-23)
(0.0264539 0.000353118 -8.25521e-23)
(0.0201287 -0.00458616 8.112e-23)
(0.0143239 -0.00905588 -1.02641e-23)
(0.00761786 -0.0188547 1.00827e-23)
(0.0593374 -0.000601892 -3.10632e-21)
(0.0560327 0.00185838 0)
(0.0500623 0.000816035 1.13703e-21)
(0.0438813 -0.00115913 -2.26639e-21)
(0.0376106 -0.00411046 1.1309e-21)
(0.0311775 -0.00777605 -6.08033e-23)
(0.0247678 -0.0121168 5.93888e-23)
(0.018472 -0.0173596 2.42974e-23)
(0.012474 -0.0221409 -1.77785e-23)
(0.00619691 -0.0310903 -2.00902e-23)
(0.0595254 -0.00483228 3.50334e-21)
(0.0548685 -0.00544311 -1.6329e-21)
(0.0485254 -0.00806426 1.61722e-21)
(0.0422271 -0.0112807 -9.0498e-22)
(0.0359122 -0.0151702 7.08823e-22)
(0.0294607 -0.0194964 0)
(0.0230431 -0.0242766 -5.95246e-23)
(0.0167917 -0.0297021 1.2786e-24)
(0.0107294 -0.0346029 2.04652e-24)
(0.00496843 -0.0424294 2.9149e-23)
(0.0590156 -0.0096813 -5.33538e-22)
(0.0532752 -0.0129056 0)
(0.0467948 -0.0169024 0)
(0.0404644 -0.0212295 0)
(0.0341554 -0.0259483 4.69327e-22)
(0.0277192 -0.030836 -2.90013e-22)
(0.0213255 -0.0359495 2.07196e-23)
(0.015139 -0.0414122 -7.79416e-25)
(0.00914285 -0.0462266 4.86997e-24)
(0.00388901 -0.0528331 1.2723e-23)
(0.0577536 -0.0152517 -3.63503e-22)
(0.0511881 -0.020628 -1.42957e-21)
(0.0447575 -0.0257672 -5.8436e-22)
(0.0384758 -0.0310036 5.83946e-22)
(0.0322405 -0.0363844 -1.77073e-22)
(0.025888 -0.041685 0)
(0.0195861 -0.0469883 -6.03337e-23)
(0.0135287 -0.0523368 3.5194e-23)
(0.00772705 -0.0568837 -1.36447e-23)
(0.00299404 -0.06229 -1.77857e-23)
(0.0558262 -0.0214637 -3.95207e-21)
(0.0487111 -0.0285218 6.53387e-22)
(0.0424768 -0.034591 1.6435e-22)
(0.0363058 -0.040517 5.75548e-22)
(0.030208 -0.0463792 0)
(0.0239995 -0.0519281 0)
(0.017855 -0.0572707 0)
(0.0119966 -0.0623702 3.03571e-23)
(0.00649112 -0.0665168 0)
(0.00228012 -0.0708162 0)
(0.0532998 -0.0281783 0)
(0.0459492 -0.0364265 1.1345e-21)
(0.0400225 -0.0432495 -7.31685e-22)
(0.0340216 -0.0496496 -4.25003e-22)
(0.0281155 -0.055821 4.27187e-22)
(0.0221049 -0.0614608 9.39809e-23)
(0.0161756 -0.0667066 -1.15919e-22)
(0.0105776 -0.0714538 -1.29375e-22)
(0.00543601 -0.0751239 1.04864e-23)
(0.00172338 -0.0784529 4.28752e-24)
(0.0502665 -0.0351755 0)
(0.0429926 -0.0441802 -4.03101e-22)
(0.0374545 -0.0516051 -1.63812e-22)
(0.0316789 -0.0582813 0)
(0.026012 -0.0646105 5.98532e-23)
(0.0202487 -0.0702054 -2.17158e-22)
(0.0145835 -0.0752459 1.01576e-22)
(0.00929452 -0.0795764 7.24805e-24)
(0.00455261 -0.0827457 -9.28771e-24)
(0.00129707 -0.0852596 -3.51044e-24)
(0.0468507 -0.04227 5.34023e-22)
(0.0399169 -0.0516404 3.66349e-22)
(0.0348267 -0.0595362 -1.23161e-22)
(0.0293285 -0.0663149 6.45011e-23)
(0.0239411 -0.0726769 9.25949e-23)
(0.0184679 -0.0781207 9.68817e-23)
(0.0131039 -0.0828802 -2.15071e-23)
(0.00815716 -0.0867683 -1.21234e-23)
(0.00382413 -0.0894535 9.3181e-24)
(0.000975626 -0.0913079 9.04002e-25)
(0.0431711 -0.0493097 -1.12753e-22)
(0.0367886 -0.0587008 1.13781e-22)
(0.0321878 -0.0669533 -8.28927e-23)
(0.0270171 -0.0736897 -6.44034e-23)
(0.0219393 -0.079986 4.14311e-23)
(0.016791 -0.0852048 -7.52483e-23)
(0.0117523 -0.08964 3.03187e-23)
(0.00716478 -0.0930929 3.25162e-24)
(0.00322951 -0.0953384 0)
(0.00073562 -0.0966762 -9.05948e-25)
(0.0393592 -0.0561807 1.15366e-22)
(0.0336798 -0.0652992 -1.16378e-22)
(0.0295902 -0.0738057 -8.70981e-23)
(0.0247918 -0.0803858 -6.84456e-23)
(0.0200398 -0.0865418 -4.34468e-23)
(0.0152399 -0.0914928 6.39625e-24)
(0.0105361 -0.0955876 1.55652e-23)
(0.00630959 -0.0986366 2.51629e-23)
(0.00274688 -0.100501 0)
(0.0005569 -0.101446 -2.26325e-24)
(0.035549 -0.0628173 0)
(0.0306686 -0.0714168 -3.91317e-22)
(0.0270863 -0.0800798 6.6143e-22)
(0.022697 -0.0864223 6.85466e-23)
(0.0182703 -0.0923815 1.08613e-22)
(0.0138296 -0.0970491 1.16698e-22)
(0.00945651 -0.100808 -2.52321e-23)
(0.00557959 -0.103499 -1.53822e-23)
(0.00235594 -0.105044 1.82695e-23)
(0.000423478 -0.105699 2.25792e-24)
(0.0318465 -0.0691988 0)
(0.0278172 -0.0770752 -4.50833e-22)
(0.0247119 -0.0857934 -1.80383e-22)
(0.0207615 -0.0918513 0)
(0.0166463 -0.0975681 -3.00838e-22)
(0.0125644 -0.101959 1.14118e-22)
(0.00850782 -0.105397 7.07161e-23)
(0.00495999 -0.107784 1.20495e-22)
(0.0020387 -0.109069 -1.82098e-23)
(0.000323067 -0.109516 1.31611e-23)
(0.0283258 -0.0753375 0)
(0.0251679 -0.082334 4.54571e-22)
(0.0224859 -0.0909896 0)
(0.0189977 -0.0967506 5.33151e-22)
(0.0151719 -0.102184 -5.35916e-22)
(0.0114394 -0.106321 -1.45945e-22)
(0.00767947 -0.109461 3.03499e-23)
(0.0044348 -0.111596 -1.24776e-22)
(0.00177983 -0.112672 -2.3015e-23)
(0.000246265 -0.112974 -2.01491e-23)
(0.0250382 -0.0812644 4.63649e-21)
(0.0227539 -0.0872861 -1.74012e-21)
(0.0204214 -0.0957297 -1.65594e-22)
(0.017409 -0.101216 -7.11047e-22)
(0.0138468 -0.106323 0)
(0.0104453 -0.110237 -1.54744e-22)
(0.00695943 -0.113101 4.95961e-23)
(0.00398903 -0.115034 1.861e-22)
(0.00156711 -0.115943 7.73149e-24)
(0.000186208 -0.116151 -7.72778e-24)
(0.0220104 -0.087011 3.88371e-22)
(0.0206021 -0.092052 2.70979e-21)
(0.0185321 -0.100087 7.41672e-22)
(0.0159941 -0.10535 -7.41214e-22)
(0.0126699 -0.110085 -2.61111e-22)
(0.00957185 -0.113812 0)
(0.00633676 -0.11642 -2.52221e-22)
(0.00361011 -0.118193 1.35129e-22)
(0.00139144 -0.118967 6.95401e-23)
(0.000138139 -0.119118 1.75044e-23)
(0.0192563 -0.0925861 -6.47392e-22)
(0.0187453 -0.0967742 0)
(0.0168456 -0.104141 0)
(0.0147549 -0.109258 0)
(0.0116453 -0.11357 -2.07846e-22)
(0.00881267 -0.117143 4.68427e-22)
(0.00580398 -0.11951 2.58746e-22)
(0.00328901 -0.121159 -3.08297e-22)
(0.00124676 -0.121823 1.78525e-23)
(9.88701e-05 -0.121947 -3.50125e-23)
(0.0167682 -0.0979545 -1.48379e-21)
(0.0171931 -0.101606 2.00985e-21)
(0.0153828 -0.107979 -1.99086e-21)
(0.0136804 -0.113035 1.29144e-21)
(0.0107703 -0.116875 -1.56712e-21)
(0.00815707 -0.120321 0)
(0.00535215 -0.122457 -1.55188e-22)
(0.00301724 -0.124011 -6.06834e-24)
(0.0011282 -0.124585 -5.83972e-23)
(6.59291e-05 -0.124706 -1.95299e-23)
(0.0143437 -0.102991 -7.00589e-22)
(0.0157388 -0.106692 0)
(0.0140441 -0.11169 -1.96633e-21)
(0.012667 -0.116771 3.06276e-21)
(0.00998009 -0.120092 -1.05431e-21)
(0.00755502 -0.12343 -1.13964e-22)
(0.00494942 -0.125343 1.54834e-22)
(0.00277492 -0.126823 1.95219e-23)
(0.00102705 -0.127321 1.19756e-22)
(3.83455e-05 -0.12746 3.88664e-23)
(0.0119903 -0.107368 -2.82681e-21)
(0.0142986 -0.112167 2.7651e-21)
(0.0128423 -0.1154 2.53103e-22)
(0.011708 -0.120556 0)
(0.00926579 -0.123321 0)
(0.00700424 -0.126557 1.17309e-22)
(0.00459237 -0.128246 2.86427e-22)
(0.00256214 -0.129665 -2.8111e-22)
(0.00094498 -0.130099 -2.13467e-23)
(2.67723e-05 -0.130276 2.08997e-23)
(0.0113823 -0.114441 0)
(0.014413 -0.12529 0)
(0.0125431 -0.124131 0)
(0.0112035 -0.129673 0)
(0.00879865 -0.131201 0)
(0.00654532 -0.134287 0)
(0.00428217 -0.13547 0)
(0.00238374 -0.136765 0)
(0.000910842 -0.137024 0)
(5.86498e-05 -0.137249 0)
(0.0114284 -0.136279 0)
(0.0105322 -0.148537 0)
(0.00885739 -0.144131 0)
(0.00756786 -0.149756 0)
(0.00581795 -0.149333 0)
(0.0043206 -0.152108 0)
(0.00278771 -0.152277 0)
(0.0015797 -0.153367 0)
(0.000608737 -0.153236 0)
(6.1611e-05 -0.153504 0)
(0.0120161 -0.163675 0)
(0.0098762 -0.177013 0)
(0.00804698 -0.170127 0)
(0.00643558 -0.176141 0)
(0.00486538 -0.174047 0)
(0.00351109 -0.176895 0)
(0.00227066 -0.176172 0)
(0.00130908 -0.177308 0)
(0.000542017 -0.176787 0)
(7.36839e-05 -0.177168 0)
(0.0122761 -0.197809 0)
(0.00927507 -0.212157 0)
(0.00746539 -0.203617 0)
(0.00558684 -0.210333 0)
(0.00423463 -0.206895 0)
(0.00294004 -0.210152 0)
(0.00195313 -0.208636 0)
(0.00112669 -0.210031 0)
(0.000511399 -0.209101 0)
(7.42609e-05 -0.209687 0)
(0.0121815 -0.238932 0)
(0.00876111 -0.253449 0)
(0.00702796 -0.244477 0)
(0.00495276 -0.251762 0)
(0.0038034 -0.247551 0)
(0.00250414 -0.251313 0)
(0.00173321 -0.249216 0)
(0.000957298 -0.250979 0)
(0.000477639 -0.249681 0)
(5.39558e-05 -0.250553 0)
(0.011439 -0.284682 0)
(0.00801702 -0.297859 0)
(0.00643703 -0.290044 0)
(0.00432862 -0.297184 0)
(0.00337216 -0.293088 0)
(0.00208532 -0.29704 0)
(0.00149457 -0.294776 0)
(0.000736761 -0.296776 0)
(0.000393258 -0.295291 0)
(7.5938e-06 -0.296401 0)
(0.00987396 -0.329953 0)
(0.00683622 -0.340434 0)
(0.00548683 -0.335124 0)
(0.00357406 -0.34118 0)
(0.002802 -0.33811 0)
(0.00162145 -0.34164 0)
(0.00117119 -0.339736 0)
(0.000464552 -0.341606 0)
(0.000251822 -0.340241 0)
(-4.64436e-05 -0.34137 0)
(0.00756382 -0.368627 0)
(0.00519851 -0.375938 0)
(0.00416171 -0.373621 0)
(0.002655 -0.378008 0)
(0.00207641 -0.376447 0)
(0.00112546 -0.379048 0)
(0.000793251 -0.377867 0)
(0.000213371 -0.379241 0)
(0.000107688 -0.378258 0)
(-7.69745e-05 -0.37913 0)
(0.0047271 -0.396032 0)
(0.00322779 -0.400728 0)
(0.00258 -0.400906 0)
(0.0016236 -0.403718 0)
(0.00126444 -0.403532 0)
(0.000647392 -0.405133 0)
(0.000437319 -0.404692 0)
(5.52341e-05 -0.405463 0)
(1.7223e-05 -0.404923 0)
(-6.88504e-05 -0.405414 0)
(0.00160734 -0.409996 0)
(0.00108789 -0.413284 0)
(0.000873121 -0.414825 0)
(0.000543592 -0.416722 0)
(0.000424254 -0.417319 0)
(0.000209005 -0.418303 0)
(0.000137118 -0.418307 0)
(2.29854e-06 -0.418691 0)
(-4.83453e-06 -0.418443 0)
(-2.74968e-05 -0.418672 0)
(0.011533 -0.122968 3.26001e-21)
(0.0128005 -0.146348 -3.19764e-21)
(0.0139042 -0.175242 4.09528e-22)
(0.0143231 -0.210061 0)
(0.0141701 -0.250544 0)
(0.0132005 -0.294074 4.74489e-22)
(0.0113394 -0.335962 -2.03979e-21)
(0.0086904 -0.371058 2.01065e-21)
(0.00545225 -0.395639 5.45899e-22)
(0.00185483 -0.408097 -5.37278e-22)
(0.0118473 -0.127543 -3.86917e-21)
(0.0135844 -0.15091 0)
(0.0148083 -0.179871 2.80083e-21)
(0.0152516 -0.214576 -6.46635e-21)
(0.0150454 -0.254568 4.15226e-21)
(0.013969 -0.297142 -4.41453e-22)
(0.0119821 -0.337762 9.84294e-22)
(0.00918933 -0.371595 2.07887e-21)
(0.005776 -0.395216 5.85009e-22)
(0.00196233 -0.407168 5.68029e-22)
(0.0124002 -0.132269 4.50816e-21)
(0.014643 -0.155681 -3.0844e-21)
(0.0159173 -0.184531 3.05513e-21)
(0.0163477 -0.218948 -3.42153e-21)
(0.0160528 -0.25831 2.53019e-21)
(0.0148372 -0.29985 0)
(0.0126902 -0.3392 -9.86673e-22)
(0.00971953 -0.371834 5.00288e-23)
(0.00610658 -0.394581 -1.09126e-21)
(0.00206589 -0.406085 -1.11434e-21)
(0.0132356 -0.13653 -7.2706e-22)
(0.0159244 -0.160053 0)
(0.0172087 -0.188833 0)
(0.0176041 -0.222984 0)
(0.017198 -0.261744 2.81896e-21)
(0.0158235 -0.302293 -1.88614e-21)
(0.0134893 -0.340434 -1.3832e-23)
(0.0103071 -0.371919 -1.1652e-21)
(0.00646464 -0.393819 -5.98296e-22)
(0.00217504 -0.404879 -6.40778e-22)
(0.0144193 -0.140426 6.09834e-23)
(0.0174193 -0.163898 -2.18574e-21)
(0.0186682 -0.192559 -1.66415e-21)
(0.0190064 -0.226452 1.66309e-21)
(0.0184713 -0.264656 -9.20085e-22)
(0.016926 -0.304313 0)
(0.0143875 -0.341367 -1.08414e-21)
(0.0109687 -0.371811 2.37638e-21)
(0.0068681 -0.392931 -1.21629e-21)
(0.00229926 -0.403571 1.25364e-21)
(0.0159844 -0.144008 -5.79598e-21)
(0.0191481 -0.167256 6.29735e-22)
(0.0203127 -0.195688 -1.22732e-22)
(0.020562 -0.22928 1.70704e-21)
(0.0198752 -0.266945 0)
(0.018144 -0.305795 0)
(0.0153848 -0.341896 0)
(0.0117076 -0.37144 1.27336e-21)
(0.00732241 -0.391884 0)
(0.00244267 -0.402161 0)
(0.0179417 -0.147187 0)
(0.0211247 -0.170102 2.38287e-21)
(0.0221647 -0.198217 -1.61095e-21)
(0.0222882 -0.231467 -1.91983e-21)
(0.021424 -0.268601 1.9298e-21)
(0.0194859 -0.306718 1.15746e-21)
(0.0164839 -0.341991 -1.14748e-21)
(0.0125239 -0.370773 -4.54849e-21)
(0.00782683 -0.390655 3.23801e-22)
(0.00260598 -0.400636 -1.10966e-21)
(0.0203012 -0.149856 0)
(0.0233552 -0.172362 -7.73729e-22)
(0.0242385 -0.200104 -4.36659e-22)
(0.0241988 -0.233001 0)
(0.0231322 -0.269633 5.63803e-22)
(0.0209635 -0.307097 -1.69913e-21)
(0.0176924 -0.341661 1.89883e-21)
(0.0134204 -0.369809 6.78549e-22)
(0.00838122 -0.389237 -7.42635e-22)
(0.00278954 -0.398987 1.47212e-21)
(0.023074 -0.151932 6.9328e-22)
(0.0258447 -0.173981 8.38069e-22)
(0.0265438 -0.201306 -1.85123e-22)
(0.0263023 -0.23386 2.50378e-22)
(0.0250105 -0.270034 5.34667e-22)
(0.0225868 -0.306941 9.00819e-22)
(0.0190185 -0.34092 -3.39641e-22)
(0.0144024 -0.368557 -3.67513e-22)
(0.00898763 -0.38763 7.45081e-22)
(0.00299436 -0.397207 4.03955e-22)
(0.0262703 -0.153349 -1.92906e-22)
(0.0285985 -0.174932 1.94752e-22)
(0.0290891 -0.201793 -2.24484e-22)
(0.028605 -0.234024 -2.50047e-22)
(0.0270667 -0.269795 2.987e-22)
(0.0243634 -0.30625 -6.10455e-22)
(0.0204696 -0.33977 5.19852e-22)
(0.0154762 -0.36702 1.86216e-22)
(0.00964969 -0.385833 0)
(0.00322194 -0.395293 -4.0486e-22)
(0.0298972 -0.154061 1.9731e-22)
(0.0316194 -0.175208 -1.99257e-22)
(0.0318819 -0.201557 -2.40493e-22)
(0.0311119 -0.233495 -2.7e-22)
(0.0293078 -0.268918 -3.11701e-22)
(0.0262996 -0.305027 -2.25348e-23)
(0.0220517 -0.338217 1.83046e-22)
(0.0166465 -0.365202 5.92172e-22)
(0.0103704 -0.383847 0)
(0.00347342 -0.393241 -4.42023e-22)
(0.03396 -0.154055 0)
(0.0349075 -0.174804 -9.18299e-22)
(0.0349268 -0.200604 1.66566e-21)
(0.0338266 -0.232279 2.70449e-22)
(0.0317402 -0.267408 6.31065e-22)
(0.0284014 -0.303275 1.04073e-21)
(0.0237718 -0.336257 -3.71186e-22)
(0.0179201 -0.363098 -4.01833e-22)
(0.011154 -0.381666 8.89749e-22)
(0.00374991 -0.391047 4.40996e-22)
(0.0384616 -0.153363 0)
(0.0384631 -0.173716 -9.0235e-22)
(0.0382234 -0.198973 -5.01005e-22)
(0.0367518 -0.230399 0)
(0.034368 -0.265291 -1.99101e-21)
(0.0306728 -0.301014 6.64346e-22)
(0.0256332 -0.333908 7.96607e-22)
(0.0192986 -0.360716 2.5778e-21)
(0.0120013 -0.379284 -8.86858e-22)
(0.00405117 -0.388699 1.91553e-21)
(0.043399 -0.152104 0)
(0.0422873 -0.171947 9.10014e-22)
(0.0417623 -0.196708 0)
(0.0398909 -0.227865 2.53301e-21)
(0.0371948 -0.262581 -2.54602e-21)
(0.0331203 -0.298244 -1.57056e-21)
(0.0276445 -0.331162 -3.73424e-23)
(0.0207934 -0.358044 -2.65368e-21)
(0.0129196 -0.376692 -4.42345e-22)
(0.00437799 -0.386186 -2.38264e-21)
(0.0487136 -0.15031 6.53176e-21)
(0.0464063 -0.169501 -2.50714e-21)
(0.0455332 -0.193832 2.83775e-22)
(0.0432466 -0.224698 -2.34961e-21)
(0.040219 -0.259299 0)
(0.0357468 -0.294989 -1.6381e-21)
(0.0298067 -0.32804 -1.41294e-22)
(0.022404 -0.355103 3.60392e-21)
(0.0139087 -0.373911 4.94841e-22)
(0.00472937 -0.383519 -4.96764e-22)
(0.0543799 -0.147953 -6.94249e-22)
(0.0508148 -0.16646 4.70048e-21)
(0.0495169 -0.190417 2.44342e-21)
(0.0468168 -0.220971 -2.44178e-21)
(0.0434399 -0.255481 -1.48571e-21)
(0.0385559 -0.291259 0)
(0.0321272 -0.324533 -3.67856e-21)
(0.0241394 -0.351876 1.84504e-21)
(0.014977 -0.370926 1.97383e-21)
(0.00510788 -0.380686 2.12129e-21)
(0.0603309 -0.145127 -8.97849e-22)
(0.055502 -0.162894 0)
(0.0536956 -0.186521 0)
(0.0505949 -0.216752 0)
(0.0468536 -0.251212 -1.72384e-21)
(0.041542 -0.287155 3.20398e-21)
(0.0345943 -0.320743 3.74783e-21)
(0.0259832 -0.34844 -5.90866e-21)
(0.0161107 -0.367776 1.0591e-21)
(0.00550603 -0.377703 -3.15065e-21)
(0.0664581 -0.141975 -1.32641e-21)
(0.0604592 -0.158846 4.65054e-21)
(0.0580477 -0.182165 -4.60623e-21)
(0.054571 -0.212011 5.99266e-21)
(0.050465 -0.246382 -7.54176e-21)
(0.0447297 -0.282489 0)
(0.0372531 -0.31646 -1.95944e-21)
(0.0279902 -0.344628 -8.16286e-23)
(0.017354 -0.364363 -2.2021e-21)
(0.0059404 -0.374507 -2.24508e-21)
(0.0726175 -0.138731 -9.52437e-22)
(0.0656826 -0.154518 0)
(0.0625352 -0.17764 -6.18363e-21)
(0.0586893 -0.207208 1.16978e-20)
(0.0541983 -0.241626 -4.53859e-21)
(0.0480096 -0.278003 -9.2442e-22)
(0.0399619 -0.312366 1.95516e-21)
(0.0300128 -0.340915 -1.00603e-22)
(0.0185974 -0.360935 3.21318e-21)
(0.00636429 -0.371229 3.32248e-21)
(0.078979 -0.134183 -4.31322e-21)
(0.0718 -0.148642 4.22929e-21)
(0.0676187 -0.171369 6.59489e-22)
(0.0633248 -0.200454 0)
(0.0584272 -0.234796 0)
(0.0518049 -0.271558 9.13482e-22)
(0.0431843 -0.306708 4.20706e-21)
(0.032484 -0.336173 -4.11854e-21)
(0.0201466 -0.356926 -1.13016e-21)
(0.00689691 -0.367539 1.11137e-21)
(0.0891405 -0.13401 0)
(0.085601 -0.146089 0)
(0.0786513 -0.169314 0)
(0.0730987 -0.197922 0)
(0.0669261 -0.231464 0)
(0.0589438 -0.26702 0)
(0.0488685 -0.300787 0)
(0.0366241 -0.329012 0)
(0.022662 -0.349013 0)
(0.00766346 -0.35947 0)
(0.106685 -0.122676 0)
(0.108617 -0.139098 0)
(0.0981082 -0.164682 0)
(0.0915091 -0.192773 0)
(0.0830156 -0.225067 0)
(0.0725495 -0.258472 0)
(0.0597653 -0.289714 0)
(0.0445982 -0.315426 0)
(0.0275645 -0.333122 0)
(0.00948698 -0.341666 0)
(0.128742 -0.111786 0)
(0.133074 -0.130471 0)
(0.119207 -0.156284 0)
(0.11195 -0.183013 0)
(0.100521 -0.213516 0)
(0.0871424 -0.244222 0)
(0.0711335 -0.272842 0)
(0.0526637 -0.296672 0)
(0.0323151 -0.313817 0)
(0.0107243 -0.3233 0)
(0.156049 -0.104029 0)
(0.161085 -0.123184 0)
(0.143553 -0.147925 0)
(0.135634 -0.173217 0)
(0.120516 -0.201943 0)
(0.104003 -0.229881 0)
(0.0842975 -0.255837 0)
(0.0620764 -0.277026 0)
(0.0380429 -0.291359 0)
(0.0132133 -0.2975 0)
(0.188049 -0.0946754 0)
(0.191487 -0.112278 0)
(0.170087 -0.13458 0)
(0.160705 -0.157306 0)
(0.140557 -0.18271 0)
(0.120277 -0.20676 0)
(0.0960392 -0.229699 0)
(0.069799 -0.249063 0)
(0.0421252 -0.263956 0)
(0.0133288 -0.273994 0)
(0.224331 -0.0871142 0)
(0.225256 -0.102551 0)
(0.200204 -0.123029 0)
(0.188747 -0.143125 0)
(0.162895 -0.16546 0)
(0.139301 -0.186486 0)
(0.110336 -0.207288 0)
(0.0798976 -0.224384 0)
(0.0483221 -0.236119 0)
(0.0177691 -0.238572 0)
(0.262191 -0.0723485 0)
(0.256878 -0.0843106 0)
(0.228965 -0.101026 0)
(0.213186 -0.116246 0)
(0.181009 -0.13372 0)
(0.153381 -0.150105 0)
(0.117634 -0.166846 0)
(0.0823891 -0.181588 0)
(0.0469634 -0.196559 0)
(0.0110368 -0.214847 0)
(0.298552 -0.0632102 0)
(0.289128 -0.0712073 0)
(0.26034 -0.0851407 0)
(0.240281 -0.0966234 0)
(0.205339 -0.112036 0)
(0.174803 -0.126365 0)
(0.135028 -0.142838 0)
(0.0964307 -0.158345 0)
(0.0565293 -0.173587 0)
(0.0290558 -0.168842 0)
(0.336596 -0.0353929 0)
(0.324086 -0.0388888 0)
(0.281834 -0.0472581 0)
(0.255618 -0.0527378 0)
(0.2083 -0.0618286 0)
(0.169096 -0.0688644 0)
(0.11542 -0.0778071 0)
(0.0639494 -0.0865819 0)
(0.0155659 -0.105223 0)
(-0.0415363 -0.156892 0)
(0.608802 -0.0186361 0)
(0.589273 -0.0215868 0)
(0.550148 -0.025886 0)
(0.519477 -0.0300598 0)
(0.471197 -0.0361546 0)
(0.426972 -0.0430522 0)
(0.364899 -0.0534108 0)
(0.297467 -0.0690659 0)
(0.208744 -0.0986043 0)
(0.150429 -0.157224 0)
(0.106269 -0.120706 4.41606e-21)
(0.125901 -0.109062 -4.34853e-21)
(0.148166 -0.0984583 7.24187e-22)
(0.174996 -0.090886 0)
(0.206978 -0.0821702 0)
(0.241856 -0.0753969 1.12326e-21)
(0.27926 -0.0623488 -5.37314e-21)
(0.313822 -0.0551986 5.29653e-21)
(0.362874 -0.0306536 1.51205e-21)
(0.629546 -0.0163434 -1.53602e-21)
(0.112225 -0.114903 -4.08596e-21)
(0.131705 -0.10316 0)
(0.153635 -0.092937 5.21592e-21)
(0.180167 -0.085577 -1.26497e-20)
(0.212155 -0.0771854 8.55812e-21)
(0.246982 -0.0707919 -1.0541e-21)
(0.284414 -0.0583837 2.28812e-21)
(0.319197 -0.0520363 5.19048e-21)
(0.372599 -0.0288086 1.39866e-21)
(0.637715 -0.0153689 1.4269e-21)
(0.117425 -0.108512 4.70955e-21)
(0.136683 -0.0969843 -4.83912e-21)
(0.158175 -0.0873082 4.7933e-21)
(0.184434 -0.080235 -6.73259e-21)
(0.21621 -0.0722627 4.87555e-21)
(0.251133 -0.0663262 0)
(0.288498 -0.0546139 -2.29361e-21)
(0.324045 -0.0490671 -5.56591e-23)
(0.38121 -0.0271319 -2.65228e-21)
(0.645489 -0.0144325 -2.83196e-21)
(0.122441 -0.101684 -8.08552e-22)
(0.141839 -0.0906433 0)
(0.162977 -0.0816179 0)
(0.189075 -0.0748705 0)
(0.220546 -0.067382 5.54353e-21)
(0.255481 -0.0619706 -3.78045e-21)
(0.292618 -0.0510119 -1.59164e-22)
(0.328945 -0.0462228 -2.64011e-21)
(0.389238 -0.0256121 -1.33957e-21)
(0.653039 -0.0135771 -1.38141e-21)
(0.126944 -0.0945273 8.44132e-22)
(0.146674 -0.0842256 -2.57561e-21)
(0.167564 -0.0759173 -2.7364e-21)
(0.193556 -0.0695402 2.73469e-21)
(0.224836 -0.0625698 -1.73798e-21)
(0.259806 -0.0577144 0)
(0.296654 -0.0475555 -2.22372e-21)
(0.333839 -0.0434611 4.99507e-21)
(0.396799 -0.0242152 -2.50673e-21)
(0.660276 -0.0128093 2.74725e-21)
(0.130772 -0.0870668 -6.06962e-21)
(0.150895 -0.0777535 2.68324e-22)
(0.171596 -0.0702153 -4.51895e-22)
(0.19746 -0.0642706 2.67023e-21)
(0.22862 -0.0578626 0)
(0.263687 -0.053564 0)
(0.300311 -0.044253 0)
(0.338395 -0.040792 2.37764e-21)
(0.403796 -0.022918 0)
(0.667096 -0.0121317 0)
(0.133848 -0.0793268 0)
(0.154454 -0.0712231 3.09892e-21)
(0.17503 -0.0644996 -2.15506e-21)
(0.200731 -0.0590552 -3.0649e-21)
(0.231776 -0.053256 3.08082e-21)
(0.266933 -0.0495251 2.00726e-21)
(0.303492 -0.0410924 -1.88758e-21)
(0.342383 -0.0382276 -8.1751e-21)
(0.410132 -0.0217127 5.77561e-22)
(0.673409 -0.0115295 -1.94556e-21)
(0.136075 -0.0713431 0)
(0.157315 -0.0646303 -9.47014e-22)
(0.177864 -0.05876 -5.74664e-22)
(0.203392 -0.0538805 0)
(0.234323 -0.0487277 9.34163e-22)
(0.269539 -0.0455909 -2.68003e-21)
(0.306165 -0.0380516 3.20319e-21)
(0.345771 -0.0357674 1.2363e-21)
(0.415781 -0.0206012 -1.2137e-21)
(0.679219 -0.0109941 2.60089e-21)
(0.137349 -0.0631542 5.81904e-22)
(0.15942 -0.05797 1.01971e-21)
(0.180058 -0.0529883 -1.74277e-22)
(0.205424 -0.0487346 3.39347e-22)
(0.236257 -0.0442566 8.04583e-22)
(0.271527 -0.041745 1.38403e-21)
(0.308305 -0.0351088 -5.10334e-22)
(0.348582 -0.0334056 -5.65095e-22)
(0.420678 -0.0195705 1.21769e-21)
(0.684478 -0.0105128 6.26579e-22)
(0.13758 -0.0547992 -1.92356e-22)
(0.160709 -0.0512342 1.9476e-22)
(0.18156 -0.0471724 -2.80913e-22)
(0.206788 -0.0436034 -3.38891e-22)
(0.237542 -0.0398249 4.21682e-22)
(0.272885 -0.0379684 -8.82266e-22)
(0.309881 -0.0322449 7.76352e-22)
(0.350813 -0.0311332 2.97499e-22)
(0.424777 -0.0186005 0)
(0.689166 -0.0100717 -6.27951e-22)
(0.13673 -0.0463231 1.88546e-22)
(0.16115 -0.0444129 -1.90909e-22)
(0.182336 -0.0412959 -2.72434e-22)
(0.207459 -0.0384681 -3.30314e-22)
(0.238147 -0.0354138 -4.16804e-22)
(0.273595 -0.0342406 -2.5724e-23)
(0.310868 -0.0294406 2.36277e-22)
(0.352444 -0.0289377 8.15465e-22)
(0.428051 -0.0176729 0)
(0.693303 -0.00966124 -6.10097e-22)
(0.134809 -0.0377852 0)
(0.160738 -0.0374953 -9.6757e-22)
(0.182374 -0.0353392 1.78719e-21)
(0.207432 -0.0333059 3.30857e-22)
(0.238059 -0.0310016 7.68409e-22)
(0.273643 -0.0305395 1.33204e-21)
(0.311243 -0.0266755 -4.98563e-22)
(0.353449 -0.0268053 -5.50124e-22)
(0.430475 -0.0167751 1.1565e-21)
(0.696876 -0.00927438 6.08672e-22)
(0.131866 -0.0292711 0)
(0.159464 -0.030471 -8.39255e-22)
(0.181668 -0.0292803 -5.41013e-22)
(0.206712 -0.0280908 0)
(0.23728 -0.0265629 -2.41377e-21)
(0.273022 -0.0268404 7.69395e-22)
(0.310996 -0.0239272 9.36427e-22)
(0.353818 -0.0247208 3.2008e-21)
(0.43206 -0.0158967 -1.15275e-21)
(0.69992 -0.00890796 2.38427e-21)
(0.127973 -0.0208878 0)
(0.15731 -0.0233345 8.46368e-22)
(0.180213 -0.0231011 0)
(0.2053 -0.0227967 2.82484e-21)
(0.235813 -0.0220713 -2.83935e-21)
(0.27173 -0.0231177 -1.8559e-21)
(0.310122 -0.0211734 -9.97203e-23)
(0.353541 -0.0226699 -3.20242e-21)
(0.432785 -0.0150285 -5.3036e-22)
(0.702384 -0.00855508 -2.94848e-21)
(0.123253 -0.0127656 4.98867e-21)
(0.154274 -0.0160889 -1.83888e-21)
(0.178011 -0.0167894 4.64661e-22)
(0.203206 -0.0173992 -2.3726e-21)
(0.233671 -0.017501 0)
(0.269777 -0.0193461 -1.85589e-21)
(0.308633 -0.0183925 -1.85246e-22)
(0.352638 -0.0206381 4.19316e-21)
(0.432745 -0.0141604 5.74507e-22)
(0.704361 -0.00821433 -5.7417e-22)
(0.117884 -0.00506291 -7.92717e-22)
(0.150383 -0.00874997 3.73106e-21)
(0.175084 -0.0103407 2.37606e-21)
(0.200448 -0.0118767 -2.37444e-21)
(0.230869 -0.0128284 -1.53606e-21)
(0.267164 -0.0155012 0)
(0.30651 -0.0155617 -4.01071e-21)
(0.351076 -0.018614 1.99702e-21)
(0.431815 -0.0132806 2.18722e-21)
(0.705707 -0.00787188 2.32344e-21)
(0.112094 0.00203644 -5.98632e-22)
(0.145698 -0.0013511 0)
(0.17147 -0.00375832 0)
(0.197067 -0.00621123 0)
(0.227458 -0.00803225 -1.78083e-21)
(0.263964 -0.0115627 3.3112e-21)
(0.303846 -0.0126656 4.01354e-21)
(0.348982 -0.0165919 -6.31315e-21)
(0.430399 -0.012379 1.13654e-21)
(0.706672 -0.0075286 -3.42277e-21)
(0.106188 0.00835956 -9.0093e-22)
(0.140362 0.00605856 3.84771e-21)
(0.167212 0.00294333 -3.81124e-21)
(0.193054 -0.000390884 5.80145e-21)
(0.22338 -0.00309009 -7.31208e-21)
(0.260043 -0.00749687 0)
(0.300433 -0.0096605 -1.98697e-21)
(0.346084 -0.0145511 -2.07575e-23)
(0.427763 -0.0114348 -2.22699e-21)
(0.706864 -0.00715682 -2.30641e-21)
(0.100102 0.013914 -6.06217e-22)
(0.134521 0.0135147 0)
(0.162545 0.00976668 -5.44423e-21)
(0.188761 0.00556311 1.07198e-20)
(0.219124 0.00196151 -4.22862e-21)
(0.25604 -0.00335606 -9.06029e-22)
(0.296992 -0.00661142 1.98261e-21)
(0.343176 -0.0125478 -5.8575e-23)
(0.425732 -0.010438 3.23305e-21)
(0.706932 -0.00676029 3.38585e-21)
(0.0924056 0.019701 -2.87325e-21)
(0.126446 0.0217974 2.80788e-21)
(0.155585 0.0173466 5.51265e-22)
(0.182333 0.0121705 0)
(0.212717 0.00754393 0)
(0.249854 0.00123004 8.9807e-22)
(0.2915 -0.00318321 4.13622e-21)
(0.338259 -0.0103863 -4.03971e-21)
(0.420386 -0.00937046 -1.09797e-21)
(0.705904 -0.00630609 1.04056e-21)
(0.0926065 0.0369024 0)
(0.124996 0.0407164 0)
(0.153912 0.0334315 0)
(0.180259 0.0264862 0)
(0.209906 0.019556 0)
(0.246245 0.0109408 0)
(0.287148 0.00392341 0)
(0.333888 -0.0060407 0)
(0.419677 -0.00640187 0)
(0.704507 -0.00504983 0)
(0.0929209 0.067072 0)
(0.121872 0.0735593 0)
(0.148034 0.0612557 0)
(0.17302 0.0516897 0)
(0.202277 0.040819 0)
(0.237993 0.0282098 0)
(0.278963 0.0166965 0)
(0.329189 0.00200551 0)
(0.425494 -0.00166508 0)
(0.715574 -0.00274692 0)
(0.0884388 0.101903 0)
(0.113978 0.108981 0)
(0.136293 0.0909956 0)
(0.159495 0.0792828 0)
(0.187775 0.0642281 0)
(0.221786 0.0474535 0)
(0.261285 0.0308594 0)
(0.312417 0.0115621 0)
(0.412917 0.00344 0)
(0.705098 -0.00141674 0)
(0.0826424 0.140882 0)
(0.103446 0.146769 0)
(0.122443 0.122981 0)
(0.144725 0.110279 0)
(0.172225 0.0905184 0)
(0.204915 0.0693621 0)
(0.244733 0.0472129 0)
(0.300941 0.0232309 0)
(0.414186 0.00920109 0)
(0.713427 0.000561478 0)
(0.0719987 0.184686 0)
(0.087251 0.187732 0)
(0.1036 0.159543 0)
(0.123806 0.146525 0)
(0.1479 0.121002 0)
(0.176759 0.0957102 0)
(0.213924 0.0678624 0)
(0.27027 0.0387793 0)
(0.387345 0.0182246 0)
(0.688582 0.00233632 0)
(0.0628795 0.232976 0)
(0.0728407 0.233998 0)
(0.0882882 0.202255 0)
(0.105009 0.188456 0)
(0.12609 0.156427 0)
(0.152688 0.128649 0)
(0.190474 0.0954287 0)
(0.252501 0.0614343 0)
(0.382267 0.0325191 0)
(0.689265 0.0072289 0)
(0.0413644 0.289954 0)
(0.0469911 0.288565 0)
(0.0587978 0.254156 0)
(0.0698355 0.240105 0)
(0.0864144 0.203674 0)
(0.107983 0.176826 0)
(0.142056 0.139621 0)
(0.201227 0.102646 0)
(0.329038 0.0639427 0)
(0.633029 0.0153467 0)
(0.0359436 0.367351 0)
(0.0398194 0.366929 0)
(0.0503946 0.329279 0)
(0.0586297 0.316797 0)
(0.0736334 0.277 0)
(0.0923206 0.253258 0)
(0.125935 0.212045 0)
(0.18661 0.175948 0)
(0.314801 0.123215 0)
(0.603963 0.035799 0)
(-0.000463123 0.514049 0)
(-0.00124559 0.515566 0)
(0.00166483 0.483925 0)
(0.00333371 0.476709 0)
(0.010208 0.44313 0)
(0.0212991 0.426334 0)
(0.0466526 0.386038 0)
(0.0963296 0.348405 0)
(0.201767 0.262632 0)
(0.449458 0.0759108 0)
(0.0114299 0.724776 0)
(0.0150048 0.725654 0)
(0.0195396 0.712525 0)
(0.0261 0.708601 0)
(0.0353206 0.689512 0)
(0.0492157 0.674309 0)
(0.070778 0.637121 0)
(0.106269 0.583201 0)
(0.170707 0.45011 0)
(0.316491 0.150901 0)
(0.0684314 0.0436081 2.94227e-21)
(0.0775773 0.08143 -2.90503e-21)
(0.0759458 0.119932 4.88673e-22)
(0.0711418 0.160964 0)
(0.0617338 0.206385 0)
(0.0535251 0.254642 8.17877e-22)
(0.0349898 0.312706 -3.90648e-21)
(0.0299848 0.391512 3.87483e-21)
(-0.00141244 0.534508 1.09043e-21)
(0.010265 0.731633 -1.10171e-21)
(0.0591806 0.0462381 -2.93937e-21)
(0.0709296 0.0865349 0)
(0.0708315 0.125978 3.5962e-21)
(0.0666705 0.167452 -8.80546e-21)
(0.0578011 0.213232 6.01593e-21)
(0.0499952 0.261914 -7.66068e-22)
(0.0325393 0.320584 1.61407e-21)
(0.0276587 0.400455 3.6678e-21)
(-0.00178741 0.54218 9.41675e-22)
(0.00975481 0.733387 9.84819e-22)
(0.0509403 0.0477837 3.45878e-21)
(0.0643296 0.0906083 -3.23683e-21)
(0.0657435 0.131288 3.20553e-21)
(0.0623101 0.17324 -4.67281e-21)
(0.0540447 0.219188 3.36704e-21)
(0.0467078 0.268367 0)
(0.0302775 0.327524 -1.61794e-21)
(0.0255585 0.408599 -6.78445e-23)
(-0.0022029 0.549194 -1.84113e-21)
(0.00914239 0.734646 -1.96663e-21)
(0.0435856 0.0486249 -5.78004e-22)
(0.0579973 0.0939366 0)
(0.0608079 0.136291 0)
(0.0581227 0.178954 0)
(0.0504783 0.225205 3.82066e-21)
(0.0436394 0.274828 -2.61914e-21)
(0.028187 0.334372 -1.29928e-22)
(0.0236758 0.41641 -1.82343e-21)
(-0.00260549 0.555815 -9.0794e-22)
(0.00846608 0.73618 -9.36972e-22)
(0.0370444 0.048834 2.98178e-22)
(0.0520502 0.0963771 -1.84932e-21)
(0.0561109 0.140613 -1.83218e-21)
(0.0541799 0.184193 1.83086e-21)
(0.0471556 0.230924 -1.18413e-21)
(0.0408101 0.281058 0)
(0.0262614 0.341032 -1.50997e-21)
(0.0219905 0.423809 3.36436e-21)
(-0.00292304 0.562001 -1.6645e-21)
(0.00779034 0.737915 1.86675e-21)
(0.0312673 0.0483839 -4.74806e-21)
(0.0465301 0.0978485 3.54367e-22)
(0.0516923 0.144031 -2.81671e-22)
(0.0505082 0.188776 1.77287e-21)
(0.0441027 0.235969 0)
(0.0382457 0.286725 0)
(0.0245104 0.347188 0)
(0.0204943 0.43058 1.55736e-21)
(-0.00312106 0.567604 0)
(0.00715239 0.739522 0)
(0.0262437 0.0472608 0)
(0.0414562 0.0983187 2.11975e-21)
(0.0475909 0.146494 -1.45719e-21)
(0.0471045 0.192577 -2.00078e-21)
(0.0413066 0.240268 2.01109e-21)
(0.0359603 0.291699 1.29503e-21)
(0.0229367 0.352646 -1.18833e-21)
(0.0191819 0.436597 -5.25801e-21)
(-0.00320612 0.572527 3.6843e-22)
(0.0065587 0.740792 -1.21462e-21)
(0.0220012 0.0454761 0)
(0.0368449 0.0977589 -6.64305e-22)
(0.043815 0.147984 -3.78407e-22)
(0.0439839 0.195492 0)
(0.0387655 0.243892 6.02032e-22)
(0.0339238 0.296024 -1.70086e-21)
(0.0215327 0.35732 2.00885e-21)
(0.0180402 0.441839 8.05426e-22)
(-0.00320693 0.576717 -7.08686e-22)
(0.00599819 0.74166 1.62382e-21)
(0.018606 0.0430721 5.78301e-22)
(0.032713 0.0961494 7.00314e-22)
(0.0403689 0.148463 -1.44239e-22)
(0.0411588 0.19749 2.13556e-22)
(0.0364985 0.246784 5.06718e-22)
(0.0320998 0.299634 8.6195e-22)
(0.0202887 0.361175 -3.02885e-22)
(0.0170622 0.446345 -3.40194e-22)
(-0.00315441 0.580189 7.11026e-22)
(0.0054657 0.742203 3.68567e-22)
(0.016168 0.040134 -1.56109e-22)
(0.0290854 0.0934967 1.57842e-22)
(0.0372598 0.147888 -1.84556e-22)
(0.0386275 0.198555 -2.13269e-22)
(0.0344927 0.248868 2.54412e-22)
(0.0304736 0.302436 -5.35459e-22)
(0.019215 0.364332 4.59369e-22)
(0.0162223 0.450131 1.82803e-22)
(-0.00307661 0.582903 0)
(0.00496203 0.74246 -3.69379e-22)
(0.00995991 -0.00713112 0)
(0.0247828 -0.015099 0)
(0.0366312 -0.0184523 -1.24482e-20)
(0.0452126 -0.0194596 0)
(0.0512122 -0.018838 5.46771e-21)
(0.0552003 -0.0170886 -5.06704e-21)
(0.0576585 -0.014556 0)
(0.0589963 -0.011464 0)
(0.0596451 -0.00786863 -8.25186e-21)
(0.0599647 -0.00387909 1.56983e-20)
(0.0118508 -0.00730705 0)
(0.0283867 -0.0150055 -1.00783e-20)
(0.040937 -0.0181099 -3.29153e-21)
(0.0496675 -0.0190314 -1.18157e-20)
(0.0554849 -0.0184973 -5.50624e-21)
(0.0591109 -0.0169892 -1.52641e-20)
(0.0611272 -0.0148258 0)
(0.0620068 -0.0122098 0)
(0.062203 -0.00919304 0)
(0.0620633 -0.0058945 -2.3212e-22)
(0.0137715 -0.0072729 0)
(0.0318297 -0.0145725 -3.74646e-21)
(0.0448083 -0.0174924 6.12138e-21)
(0.0534332 -0.0184546 8.86211e-21)
(0.0588568 -0.0181636 -9.97283e-23)
(0.0619616 -0.0170579 -3.69186e-23)
(0.06343 -0.0154138 9.40722e-21)
(0.0637934 -0.0133997 -8.65203e-21)
(0.0635212 -0.0110402 1.59245e-20)
(0.0629523 -0.00842075 -1.50113e-20)
(0.0156256 -0.00699634 -1.75394e-21)
(0.0349368 -0.0137846 1.02553e-20)
(0.0480578 -0.0166216 1.61287e-20)
(0.0563432 -0.0177808 -1.8246e-20)
(0.0612025 -0.0179073 1.11166e-20)
(0.0636784 -0.0173738 1.02793e-20)
(0.0645457 -0.0164025 -4.67273e-21)
(0.0643826 -0.015121 1.7202e-20)
(0.0636647 -0.0135241 -2.37536e-22)
(0.0627302 -0.0116655 -7.52255e-21)
(0.0173062 -0.00646719 -1.86012e-21)
(0.0375319 -0.0126627 1.76732e-21)
(0.0505177 -0.0155508 0)
(0.0582702 -0.0170808 1.52804e-20)
(0.0624516 -0.0178006 -2.83832e-21)
(0.0642514 -0.0179976 -8.21561e-23)
(0.0645208 -0.0178323 -4.76797e-21)
(0.0638683 -0.0173913 -1.28338e-20)
(0.0627613 -0.0166495 7.18726e-23)
(0.061537 -0.0156344 1.08361e-20)
(0.018702 -0.00569955 0)
(0.0394507 -0.0112642 -1.13156e-20)
(0.0520523 -0.0143614 3.43629e-21)
(0.0591345 -0.0164388 -9.53932e-21)
(0.062589 -0.0179128 2.89928e-21)
(0.0637269 -0.0189714 2.49629e-23)
(0.0634529 -0.0197112 2.59068e-23)
(0.0623871 -0.0201822 8.58198e-21)
(0.0609695 -0.020354 -1.17433e-20)
(0.059513 -0.0202268 1.09089e-20)
(0.0197065 -0.00473336 1.01366e-21)
(0.0405543 -0.00968122 7.58904e-21)
(0.0525677 -0.0131579 0)
(0.0589063 -0.0159466 9.61798e-21)
(0.0616491 -0.018307 -8.94129e-21)
(0.0621933 -0.0203205 -2.63236e-21)
(0.0614702 -0.0220237 7.24339e-21)
(0.0600931 -0.0234348 0)
(0.0584695 -0.0245142 0)
(0.0568614 -0.0253067 0)
(0.0202252 -0.00363307 -1.0664e-21)
(0.0407415 -0.00803471 -3.10479e-21)
(0.0520175 -0.0120598 3.75344e-21)
(0.0576034 -0.0156978 5.05212e-21)
(0.0597059 -0.019038 4.44034e-21)
(0.0597658 -0.0220568 2.75864e-21)
(0.0587124 -0.0247401 0)
(0.0571338 -0.0270861 4.34606e-21)
(0.0553991 -0.0290677 -2.05861e-21)
(0.0537388 -0.0307636 0)
(0.0201852 -0.00248535 0)
(0.0399535 -0.00646641 6.26561e-21)
(0.0504036 -0.0111931 -3.75274e-21)
(0.0552858 -0.0157823 -3.39749e-21)
(0.0568632 -0.0201514 4.61641e-23)
(0.0565744 -0.0241823 -1.34018e-21)
(0.0553201 -0.0278224 1.26786e-21)
(0.0536488 -0.0310643 0)
(0.0518865 -0.0339047 -2.01174e-21)
(0.0502295 -0.0364363 -1.82444e-21)
(0.0195541 -0.00139204 1.49903e-22)
(0.0381868 -0.00512883 -2.41931e-21)
(0.0477777 -0.0106845 -2.394e-22)
(0.0520505 -0.0162831 1.23284e-23)
(0.0532462 -0.0216844 -1.16995e-21)
(0.0527565 -0.0266931 0)
(0.0514308 -0.031233 -1.26756e-21)
(0.0497691 -0.0353025 0)
(0.0480542 -0.0389256 0)
(0.0464473 -0.0422004 0)
(0.0183716 -0.000458549 -3.15841e-22)
(0.0355106 -0.0041698 0)
(0.0442437 -0.0106492 0)
(0.0480268 -0.0172705 -1.41822e-21)
(0.0489954 -0.0236651 3.89654e-22)
(0.0484517 -0.0295826 -2.82456e-23)
(0.0471762 -0.0349386 -6.70306e-22)
(0.0456168 -0.0397461 0)
(0.0440172 -0.0440562 0)
(0.0425055 -0.0479655 0)
(0.0166717 0.000224536 0)
(0.0320133 -0.00370847 -1.17168e-21)
(0.0399246 -0.0111809 1.08059e-21)
(0.0433524 -0.0188016 1.87131e-21)
(0.0442481 -0.0261166 0)
(0.0437884 -0.0328478 1.47774e-21)
(0.0426731 -0.0389178 -1.37424e-21)
(0.0412991 -0.0443613 0)
(0.0398766 -0.0492529 2.10589e-21)
(0.0385056 -0.0536833 -2.03964e-21)
(0.0144767 0.000565725 0)
(0.0277945 -0.0038615 9.98569e-21)
(0.0349573 -0.0123633 0)
(0.0381753 -0.0209231 7.91283e-21)
(0.0391471 -0.0290554 0)
(0.038896 -0.0364844 -6.2444e-21)
(0.0380361 -0.0431543 0)
(0.036918 -0.049126 4.81056e-21)
(0.0357267 -0.0544935 -4.50546e-21)
(0.0345386 -0.0593362 -4.12483e-21)
(0.0118673 0.000483383 -2.77329e-21)
(0.0230055 -0.00472716 -4.85885e-21)
(0.0295095 -0.0142619 -2.29802e-21)
(0.0326568 -0.0236683 -3.98673e-21)
(0.0338361 -0.032491 -3.62691e-21)
(0.0338977 -0.0404876 3.15463e-21)
(0.0333694 -0.0476366 2.87337e-21)
(0.0325637 -0.0540282 1.54458e-22)
(0.0316482 -0.0597709 4.59984e-21)
(0.0306794 -0.0649271 4.12785e-21)
(0.00895475 -8.34449e-05 -2.96134e-21)
(0.0178262 -0.00637408 -5.09832e-21)
(0.0237646 -0.0169181 -9.12251e-21)
(0.0269635 -0.0270548 4.1709e-21)
(0.0284577 -0.0364245 0)
(0.0289117 -0.0448497 0)
(0.0287704 -0.0523544 -5.60173e-21)
(0.0283168 -0.0590603 -4.98949e-21)
(0.0277099 -0.0650861 4.62098e-21)
(0.0269886 -0.0704699 -4.05202e-21)
(0.00586594 -0.00117126 2.90602e-21)
(0.0124521 -0.00883817 2.42186e-21)
(0.0179138 -0.0203484 -1.43127e-20)
(0.0212636 -0.0310841 2.07131e-20)
(0.0231531 -0.0408486 -3.75084e-21)
(0.0240538 -0.0495591 0)
(0.024332 -0.0572956 0)
(0.0242507 -0.0642135 2.57677e-20)
(0.0239691 -0.0704394 -2.3286e-20)
(0.0235118 -0.0759784 -1.27369e-20)
(0.00273608 -0.00278971 2.45894e-20)
(0.00708572 -0.0121209 0)
(0.01215 -0.0245433 1.88341e-20)
(0.0157244 -0.0357417 -1.66537e-20)
(0.0180625 -0.0457475 0)
(0.0194401 -0.0546006 6.44927e-21)
(0.0201478 -0.0624457 -1.77796e-20)
(0.0204357 -0.0694747 -2.07488e-20)
(0.0204729 -0.0758238 9.64856e-21)
(0.0202786 -0.0814569 8.77298e-21)
(-0.000298046 -0.00492067 -4.91677e-20)
(0.001928 -0.0161891 -5.24346e-21)
(0.00666129 -0.029468 -9.42965e-21)
(0.0105084 -0.0409982 -2.10289e-20)
(0.0133255 -0.0510997 -7.29049e-21)
(0.0151924 -0.0599595 -6.48201e-21)
(0.0163224 -0.0677925 -5.88379e-23)
(0.0169524 -0.0748299 0)
(0.0172718 -0.0812266 0)
(0.0173163 -0.0869016 1.78285e-20)
(-0.00310575 -0.00751935 2.45788e-20)
(-0.00283046 -0.0209755 -2.10765e-20)
(0.00162459 -0.0350628 1.42873e-20)
(0.00576895 -0.0468106 2.92124e-20)
(0.00907925 -0.0568813 -7.57578e-21)
(0.0114447 -0.0656292 6.52146e-21)
(0.0129964 -0.0733393 5.79674e-21)
(0.01395 -0.0802767 0)
(0.0145169 -0.0866305 0)
(0.0147466 -0.0922905 -9.00252e-21)
(-0.00557008 -0.0105176 -3.01898e-21)
(-0.007018 -0.0263819 2.62219e-20)
(-0.00280249 -0.0412438 -4.74236e-21)
(0.00164128 -0.0531233 0)
(0.0054475 -0.0630729 0)
(0.00833408 -0.0716342 1.322e-20)
(0.0103612 -0.0791602 0)
(0.0117305 -0.0859284 -1.04895e-20)
(0.0126586 -0.0921391 3.27187e-22)
(0.0130706 -0.0976536 9.21987e-21)
(-0.00759411 -0.0138297 0)
(-0.0104897 -0.0322845 0)
(-0.00648957 -0.0479045 -1.79845e-20)
(-0.00177088 -0.0598645 0)
(0.00250983 -0.0696546 7.17589e-21)
(0.00592805 -0.0780476 -6.65034e-21)
(0.00849643 -0.0855257 0)
(0.0104115 -0.0924795 0)
(0.011829 -0.0992885 -9.70055e-21)
(0.0124805 -0.106224 1.88184e-20)
(-0.0090919 -0.0173437 0)
(-0.0131214 -0.038528 -1.44683e-20)
(-0.00933043 -0.0549074 -3.91973e-21)
(-0.00439614 -0.066924 -1.56726e-20)
(0.000286577 -0.0765335 -7.07842e-21)
(0.00416028 -0.0847593 -1.93828e-20)
(0.00716884 -0.0922034 0)
(0.00945142 -0.0992826 0)
(0.0110833 -0.10628 0)
(0.0118555 -0.113183 1.49399e-23)
(-0.00999877 -0.0209186 0)
(-0.0148206 -0.044919 -3.79219e-21)
(-0.0112458 -0.0620785 9.24583e-21)
(-0.00618209 -0.0741483 1.17739e-20)
(-0.00120515 -0.0835532 3.66381e-22)
(0.00300824 -0.0915609 2.48269e-22)
(0.00632649 -0.0988619 1.15369e-20)
(0.0088311 -0.105839 -1.06268e-20)
(0.0105756 -0.112646 1.96572e-20)
(0.0115014 -0.119148 -1.89623e-20)
(-0.0102889 -0.0244147 -2.55539e-21)
(-0.0155388 -0.0512553 1.39917e-20)
(-0.0121875 -0.0692296 2.08427e-20)
(-0.00709099 -0.0813671 -2.19668e-20)
(-0.0019385 -0.0905436 1.38671e-20)
(0.0024992 -0.0982601 1.26551e-20)
(0.00602563 -0.105281 -5.78123e-21)
(0.00868416 -0.111956 2.1165e-20)
(0.0105418 -0.118364 -1.12321e-22)
(0.0116564 -0.124371 -9.50809e-21)
(-0.00996848 -0.0276941 -2.30593e-21)
(-0.015267 -0.0573301 2.1911e-21)
(-0.0121361 -0.0761648 0)
(-0.00710016 -0.088405 1.81267e-20)
(-0.00188839 -0.0973442 -3.28691e-21)
(0.00266726 -0.104708 7.96574e-23)
(0.00632041 -0.111342 -5.62795e-21)
(0.00908919 -0.117595 -1.56345e-20)
(0.0110589 -0.123531 -1.80779e-23)
(0.0123536 -0.129065 1.41907e-20)
(-0.00907332 -0.0306257 0)
(-0.0140348 -0.0629409 -1.152e-20)
(-0.0111014 -0.0826886 3.64057e-21)
(-0.00620585 -0.09509 -1.00011e-20)
(-0.00104086 -0.103809 3.1434e-21)
(0.00353663 -0.11079 7.61601e-23)
(0.00724513 -0.116976 5.23133e-23)
(0.0100826 -0.12275 1.03552e-20)
(0.0121436 -0.128202 -1.45617e-20)
(0.0135819 -0.13331 1.41576e-20)
(-0.00766683 -0.0330931 1.00174e-21)
(-0.0119099 -0.067899 7.57202e-21)
(-0.00912416 -0.0886138 0)
(-0.00442605 -0.101258 9.83519e-21)
(0.000602696 -0.109804 -8.8891e-21)
(0.00511784 -0.116408 -2.86348e-21)
(0.00881757 -0.122127 8.09295e-21)
(0.0116811 -0.127405 0)
(0.0138012 -0.132384 0)
(0.0153367 -0.137095 0)
(-0.00583622 -0.0349985 -8.89468e-22)
(-0.00899542 -0.0720368 -2.32996e-21)
(-0.00627553 -0.0937677 3.04154e-21)
(-0.00180193 -0.106755 4.45689e-21)
(0.00302325 -0.115208 4.4808e-21)
(0.00740624 -0.121474 2.69167e-21)
(0.0110405 -0.126739 0)
(0.0138884 -0.131533 5.03538e-21)
(0.0160321 -0.136053 -2.34449e-21)
(0.017619 -0.140382 0)
(-0.00368767 -0.0362645 0)
(-0.00542707 -0.0752124 4.61156e-21)
(-0.00265622 -0.0979962 -3.0408e-21)
(0.00160152 -0.111441 -2.92299e-21)
(0.00618296 -0.119906 -6.27738e-23)
(0.0103815 -0.125905 -1.39749e-21)
(0.0139028 -0.13076 1.25448e-21)
(0.0166966 -0.135095 0)
(0.0188306 -0.139176 -2.37119e-21)
(0.0204293 -0.143126 -2.37068e-21)
(-0.00134226 -0.0368577 8.87127e-23)
(-0.00137058 -0.0773275 -1.61247e-21)
(0.00160295 -0.101174 -1.83949e-22)
(0.00569405 -0.115191 -2.1309e-23)
(0.0100238 -0.123792 -1.01809e-21)
(0.0140072 -0.129621 0)
(0.0173806 -0.134131 -1.25408e-21)
(0.0200887 -0.138048 0)
(0.0221856 -0.141711 0)
(0.0237661 -0.145278 0)
(0.00107929 -0.0368652 -1.5616e-22)
(0.00299379 -0.0783954 0)
(0.00634779 -0.103253 0)
(0.0103625 -0.117929 -8.68272e-22)
(0.0144681 -0.126791 3.40623e-22)
(0.0182312 -0.13256 3.87851e-23)
(0.0214379 -0.136804 -5.84366e-22)
(0.0240385 -0.140355 0)
(0.0260803 -0.143622 0)
(0.0276261 -0.146802 0)
(0.00348691 -0.0363225 0)
(0.00752124 -0.0784017 -5.77163e-22)
(0.011433 -0.104165 5.32266e-22)
(0.0154861 -0.119571 1.18814e-21)
(0.0194237 -0.128817 0)
(0.0229861 -0.134648 1.21597e-21)
(0.0260256 -0.138723 -1.1308e-21)
(0.0285096 -0.14197 0)
(0.0304895 -0.144873 2.36615e-21)
(0.0320023 -0.147668 -2.27883e-21)
(0.00578717 -0.0352105 0)
(0.0120526 -0.07733 3.71889e-21)
(0.0166974 -0.103867 0)
(0.0209269 -0.120051 4.11844e-21)
(0.0247864 -0.129799 0)
(0.0281931 -0.135821 -4.42997e-21)
(0.0310837 -0.139835 0)
(0.033455 -0.142856 4.73899e-21)
(0.0353714 -0.145438 -4.43842e-21)
(0.0368726 -0.147868 -4.67843e-21)
(0.00789053 -0.0335799 -8.62821e-22)
(0.0164211 -0.0752233 -1.95677e-21)
(0.0219698 -0.102364 -8.68924e-22)
(0.0265332 -0.119329 -1.99436e-21)
(0.0304307 -0.129682 -1.96193e-21)
(0.0337548 -0.136022 2.14735e-21)
(0.0365379 -0.140093 2.12246e-21)
(0.0388161 -0.142979 -2.01707e-22)
(0.0406644 -0.145304 4.39403e-21)
(0.0421724 -0.147366 4.67439e-21)
(0.00972466 -0.0315143 -6.91434e-22)
(0.0204747 -0.0721703 -1.71087e-21)
(0.0270792 -0.0996949 -3.56181e-21)
(0.0321455 -0.117405 1.71227e-21)
(0.0362207 -0.128433 0)
(0.0395605 -0.135206 0)
(0.0422952 -0.13945 -4.5592e-21)
(0.0445128 -0.142302 -4.66207e-21)
(0.046345 -0.144434 4.51279e-21)
(0.0478734 -0.146161 -5.06623e-21)
(0.0112357 -0.0291072 6.72008e-22)
(0.0240817 -0.068289 9.26041e-22)
(0.0318627 -0.095937 -4.24122e-21)
(0.0376009 -0.114306 8.67118e-21)
(0.042011 -0.12604 -1.75087e-21)
(0.0454879 -0.133338 0)
(0.0482562 -0.137865 0)
(0.0504618 -0.140785 2.23578e-20)
(0.0523017 -0.142807 -2.24852e-20)
(0.0538935 -0.144286 -1.48028e-20)
(0.0123889 -0.0264559 3.94123e-21)
(0.0271354 -0.06372 0)
(0.0361726 -0.0911989 6.08077e-21)
(0.0427397 -0.110089 -6.7759e-21)
(0.0476504 -0.122516 0)
(0.0514039 -0.1304 4.19029e-21)
(0.0543066 -0.135303 -1.21213e-20)
(0.0565597 -0.138393 -1.78387e-20)
(0.0584309 -0.140405 8.52553e-21)
(0.0601254 -0.141706 9.33203e-21)
(0.013169 -0.0236575 -7.49534e-21)
(0.0295576 -0.0586198 -1.35294e-21)
(0.0398817 -0.0856182 -2.60383e-21)
(0.0474118 -0.104846 -7.54159e-21)
(0.0529881 -0.117903 -3.79074e-21)
(0.0571704 -0.126393 -3.98941e-21)
(0.0603244 -0.131738 1.67682e-22)
(0.0626919 -0.135082 0)
(0.0646056 -0.137181 0)
(0.0664148 -0.138401 1.90556e-20)
(0.013579 -0.0208051 3.55416e-21)
(0.0313002 -0.0531531 -4.53654e-21)
(0.0428893 -0.0793564 3.91932e-21)
(0.0514834 -0.0987006 1.07947e-20)
(0.0578801 -0.112274 -3.06218e-21)
(0.0626512 -0.121343 4.18807e-21)
(0.0661918 -0.127153 4.34768e-21)
(0.0687558 -0.130799 0)
(0.0706924 -0.133059 0)
(0.0725468 -0.134325 -9.25762e-21)
(0.0136389 -0.0179847 -4.01114e-22)
(0.0323463 -0.0474864 5.78036e-21)
(0.0451238 -0.072592 -1.14632e-21)
(0.0548424 -0.0918047 0)
(0.0621961 -0.105737 0)
(0.0677193 -0.115305 7.30442e-21)
(0.0718 -0.121536 0)
(0.0746574 -0.125412 -8.85985e-21)
(0.076501 -0.127682 -8.99648e-22)
(0.0780134 -0.128834 8.81889e-21)
(0.0133825 -0.0152693 0)
(0.0327072 -0.0417746 0)
(0.0465436 -0.0655072 -4.96074e-21)
(0.0573997 -0.0843298 0)
(0.0658239 -0.0984329 3.48387e-21)
(0.0722853 -0.108385 -3.22862e-21)
(0.0771853 -0.114951 0)
(0.0808562 -0.118906 0)
(0.0836143 -0.121006 -9.39994e-21)
(0.0865602 -0.12213 1.84905e-20)
(0.0128384 -0.012708 0)
(0.0324061 -0.0361502 -3.23059e-21)
(0.0471282 -0.0582789 -1.11956e-21)
(0.0590848 -0.0764641 -5.54526e-21)
(0.0686505 -0.0905469 -2.76392e-21)
(0.0762024 -0.100789 -9.96404e-21)
(0.082132 -0.10773 0)
(0.0868634 -0.112032 0)
(0.0908111 -0.114576 0)
(0.0947813 -0.116398 1.98609e-22)
(0.0120363 -0.0103422 0)
(0.031483 -0.0307431 -1.34719e-21)
(0.0468824 -0.0510896 2.45023e-21)
(0.0598495 -0.0684089 4.28507e-21)
(0.070567 -0.0822744 8.88499e-23)
(0.0792914 -0.092693 1.44749e-22)
(0.0863568 -0.100008 7.23787e-21)
(0.0921873 -0.104769 -7.78867e-21)
(0.0972005 -0.107831 1.72918e-20)
(0.101939 -0.110051 -1.79954e-20)
(0.0110241 -0.00821244 -4.3214e-22)
(0.030004 -0.0256686 3.30232e-21)
(0.0458433 -0.0441074 6.17889e-21)
(0.0596796 -0.0603552 -8.56853e-21)
(0.0714969 -0.0737974 5.58286e-21)
(0.081408 -0.0842347 6.14349e-21)
(0.0896487 -0.0918304 -3.92252e-21)
(0.0965727 -0.0970022 1.60016e-20)
(0.102531 -0.100493 7.6387e-22)
(0.107903 -0.102969 -8.33123e-21)
(0.00985344 -0.00634681 -5.47904e-22)
(0.0280505 -0.0210189 5.20557e-22)
(0.0440749 -0.0374793 0)
(0.0585969 -0.0524809 7.06272e-21)
(0.0714069 -0.0652939 -1.39359e-21)
(0.0824629 -0.0755635 2.71353e-22)
(0.0918769 -0.0832962 -3.24846e-21)
(0.0998962 -0.0887736 -1.16652e-20)
(0.106779 -0.0926046 -6.09104e-22)
(0.112777 -0.0952903 1.30843e-20)
(0.00857332 -0.00475941 0)
(0.0257115 -0.0168614 -3.96806e-21)
(0.0416623 -0.031328 1.25344e-21)
(0.0566557 -0.0449474 -4.38262e-21)
(0.0703056 -0.0569392 1.40366e-21)
(0.0824158 -0.0668447 -2.11231e-22)
(0.0929628 -0.0745441 -1.91325e-22)
(0.10207 -0.0801925 7.56333e-21)
(0.109895 -0.0842581 -1.1818e-20)
(0.116573 -0.087107 1.22441e-20)
(0.00722949 -0.00345309 2.73681e-22)
(0.0230798 -0.0132403 2.60866e-21)
(0.0387063 -0.0257506 0)
(0.053939 -0.0378962 4.40228e-21)
(0.0682395 -0.0489002 -4.45972e-21)
(0.0812691 -0.0582482 -1.69338e-21)
(0.0928684 -0.0657292 4.95838e-21)
(0.103032 -0.0713903 0)
(0.11181 -0.0755641 0)
(0.119233 -0.0785119 0)
(0.00586317 -0.00242175 -3.33988e-22)
(0.0202474 -0.0101789 -1.13777e-21)
(0.0353179 -0.0208184 1.48223e-21)
(0.0505525 -0.0314452 2.29076e-21)
(0.0652888 -0.0413283 2.31336e-21)
(0.0790656 -0.0499406 1.58335e-21)
(0.0915971 -0.0570154 0)
(0.102751 -0.0625165 3.67701e-21)
(0.112473 -0.0666566 -1.64442e-21)
(0.120688 -0.0696188 0)
(0.00451014 -0.00165222 0)
(0.0173018 -0.00768169 2.22348e-21)
(0.0316118 -0.0165777 -1.48192e-21)
(0.0466171 -0.0256875 -1.50683e-21)
(0.0615612 -0.0343566 -3.18268e-23)
(0.0758846 -0.0420802 -8.28528e-22)
(0.0891931 -0.0485699 8.14896e-22)
(0.101239 -0.0537342 0)
(0.111863 -0.0576862 -1.79919e-21)
(0.120887 -0.0605546 -1.97435e-21)
(0.00320405 -0.0011261 4.37407e-23)
(0.0143281 -0.00573745 -8.71285e-22)
(0.0277057 -0.0130519 -1.10844e-22)
(0.0422663 -0.0206907 -1.57018e-23)
(0.0571877 -0.0280964 -5.92426e-22)
(0.0718389 -0.0348126 0)
(0.0857394 -0.0405581 -8.14667e-22)
(0.0985417 -0.0452137 0)
(0.109989 -0.048815 0)
(0.119806 -0.0514562 0)
(0.00198562 -0.000820813 -9.44601e-23)
(0.0114227 -0.00432101 0)
(0.0237361 -0.0102425 0)
(0.0376626 -0.0164972 -6.19834e-22)
(0.05234 -0.022635 2.23608e-22)
(0.0670918 -0.0282657 3.08494e-23)
(0.0813765 -0.0331373 -3.89535e-22)
(0.0947675 -0.0371277 0)
(0.106921 -0.0402154 0)
(0.117469 -0.0424731 0)
(0.000870184 -0.000710416 0)
(0.00864303 -0.00339233 -4.53348e-22)
(0.0198009 -0.0081227 4.18062e-22)
(0.0329346 -0.0131101 8.31035e-22)
(0.0471651 -0.0180158 0)
(0.061795 -0.0225252 8.43771e-22)
(0.0762468 -0.0264306 -7.84642e-22)
(0.0900378 -0.0296257 0)
(0.10275 -0.0320509 1.74316e-21)
(0.113936 -0.0337607 -1.66572e-21)
(-0.000141025 -0.000769911 0)
(0.00602554 -0.00290741 3.77374e-21)
(0.0159754 -0.00665491 0)
(0.0281943 -0.0105161 3.55561e-21)
(0.0418046 -0.0142621 0)
(0.0561083 -0.017657 -3.33911e-21)
(0.0705149 -0.0205454 0)
(0.0845091 -0.02285 3.37837e-21)
(0.0976132 -0.0244878 -3.16406e-21)
(0.109313 -0.0254919 -3.36596e-21)
(-0.0010403 -0.000975199 -9.65559e-22)
(0.00361022 -0.002818 -1.86653e-21)
(0.0123356 -0.00578909 -9.12747e-22)
(0.0235531 -0.00868102 -1.71051e-21)
(0.0364013 -0.0113703 -1.7043e-21)
(0.0501982 -0.0136981 1.61388e-21)
(0.0643604 -0.0155625 1.60427e-21)
(0.0783623 -0.0169222 -1.04476e-22)
(0.0916827 -0.0176812 3.13931e-21)
(0.10375 -0.0178411 3.36652e-21)
(-0.00182047 -0.00130229 -9.70787e-22)
(0.00143053 -0.00307088 -2.06142e-21)
(0.00894602 -0.00546198 -4.04421e-21)
(0.0191086 -0.00754871 1.82883e-21)
(0.0310848 -0.00930696 0)
(0.0442218 -0.0106503 0)
(0.0579608 -0.0115283 -3.39826e-21)
(0.0717869 -0.0119354 -3.3269e-21)
(0.0851526 -0.011768 3.19307e-21)
(0.0974341 -0.0109787 -3.65997e-21)
(-0.00247692 -0.00172711 1.06272e-21)
(-0.000489224 -0.00360857 1.13229e-21)
(0.00585607 -0.00559869 -6.21707e-21)
(0.0149382 -0.00704212 9.76567e-21)
(0.0259613 -0.0080079 -1.8042e-21)
(0.0383126 -0.00847741 0)
(0.0514727 -0.00844744 0)
(0.0649587 -0.00794558 1.64226e-20)
(0.0782169 -0.0068595 -1.59455e-20)
(0.0905745 -0.00506734 -1.00959e-20)
(-0.00300666 -0.002225 8.7919e-21)
(-0.00213274 -0.00436964 0)
(0.00310047 -0.00611418 8.20354e-21)
(0.0110986 -0.00706482 -7.81284e-21)
(0.0211102 -0.00737812 0)
(0.0325705 -0.00710002 3.60816e-21)
(0.0450131 -0.00627262 -1.01994e-20)
(0.0580109 -0.0049554 -1.3167e-20)
(0.0710342 -0.00302591 6.22204e-21)
(0.0833701 -0.000248678 6.34747e-21)
(-0.00340772 -0.00277013 -1.79852e-20)
(-0.00349039 -0.00528942 -2.29866e-21)
(0.000701275 -0.00691534 -4.44812e-21)
(0.00762727 -0.00750355 -1.02809e-20)
(0.0165839 -0.00729214 -3.88452e-21)
(0.0270565 -0.00639037 -3.74269e-21)
(0.0386407 -0.00488881 -1.00364e-22)
(0.050992 -0.00288688 0)
(0.0636583 -0.000262352 0)
(0.0759298 0.0033911 1.26201e-20)
(-0.00367922 -0.0033354 9.19354e-21)
(-0.0045584 -0.00630152 -9.52904e-21)
(-0.00132925 -0.00790474 6.5041e-21)
(0.00454875 -0.00823303 1.45704e-20)
(0.0124172 -0.00759669 -3.9067e-21)
(0.0218026 -0.00616624 3.57837e-21)
(0.0323521 -0.00408906 3.47179e-21)
(0.0438073 -0.00153262 0)
(0.0558506 0.00156096 0)
(0.0679108 0.00582043 -6.13557e-21)
(-0.00382226 -0.00389327 -1.22344e-21)
(-0.00533826 -0.00734084 1.19816e-20)
(-0.00298526 -0.0089869 -2.26011e-21)
(0.0018836 -0.00912592 0)
(0.00864946 -0.00812096 0)
(0.0168589 -0.00618592 7.50092e-21)
(0.0261638 -0.00351092 0)
(0.0363071 -0.000341527 -6.77979e-21)
(0.0470382 0.00315921 -1.37301e-23)
(0.0580869 0.00760538 6.09692e-21)
(-0.00384065 -0.00441744 0)
(-0.00583683 -0.00834839 0)
(-0.00426572 -0.0100782 -9.54424e-21)
(-0.000345529 -0.0100737 0)
(0.00534594 -0.00871908 4.16772e-21)
(0.0123661 -0.00622205 -3.86231e-21)
(0.020333 -0.00271427 0)
(0.0288811 0.00172447 0)
(0.0377034 0.00712335 -6.90012e-21)
(0.0467537 0.0142155 1.34735e-20)
(-0.003739 -0.00488082 0)
(-0.00606511 -0.00927313 -7.84596e-21)
(-0.00517431 -0.0111143 -2.65625e-21)
(-0.00211779 -0.0110076 -9.19202e-21)
(0.00258427 -0.0093366 -4.33378e-21)
(0.00853148 -0.00628291 -1.20386e-20)
(0.0153836 -0.00192049 0)
(0.0228542 0.00376532 0)
(0.0308522 0.0108356 0)
(0.0394938 0.0195025 1.54776e-22)
(-0.0035267 -0.00525708 0)
(-0.00604211 -0.010072 -2.96073e-21)
(-0.00572417 -0.0120498 4.71199e-21)
(-0.00343061 -0.0118926 6.88514e-21)
(0.000390061 -0.00997567 -2.1865e-22)
(0.00539902 -0.00646333 -2.07729e-22)
(0.0113231 -0.00141655 7.80462e-21)
(0.0179603 0.00515803 -7.40227e-21)
(0.0252803 0.0132145 1.42414e-20)
(0.033254 0.0226081 -1.39127e-20)
(-0.00322096 -0.00552969 -1.41093e-21)
(-0.00579473 -0.0107173 7.99676e-21)
(-0.0059375 -0.0128581 1.25936e-20)
(-0.00429874 -0.012714 -1.44639e-20)
(-0.00125051 -0.0106499 8.77163e-21)
(0.00293211 -0.00682631 8.23293e-21)
(0.00803488 -0.00132008 -3.87857e-21)
(0.0139048 0.00580123 1.4979e-20)
(0.0204987 0.0143797 3.27884e-22)
(0.0276771 0.0241068 -6.97997e-21)
(-0.00284177 -0.00568914 -1.45968e-21)
(-0.00535448 -0.0111978 1.3869e-21)
(-0.0058403 -0.0135287 0)
(-0.00474233 -0.0134681 1.21205e-20)
(-0.00235859 -0.011368 -2.27369e-21)
(0.00109523 -0.00739174 -2.533e-23)
(0.00545315 -0.00163894 -4.02882e-21)
(0.0105913 0.00577156 -1.16498e-20)
(0.0164413 0.0146153 1.12742e-23)
(0.022812 0.0245254 1.09038e-20)
(-0.00241222 -0.00573452 0)
(-0.00475323 -0.0115159 -8.6305e-21)
(-0.0054562 -0.0140652 2.64769e-21)
(-0.00477847 -0.0141578 -7.56944e-21)
(-0.00294937 -0.0121319 2.32657e-21)
(-0.000132505 -0.00815311 -8.46741e-23)
(0.00354612 -0.00233944 -8.18066e-23)
(0.00798272 0.00516005 7.86548e-21)
(0.0130903 0.0140963 -1.1297e-20)
(0.0186651 0.0240982 1.10462e-20)
(-0.00195445 -0.00567632 7.62175e-22)
(-0.00401816 -0.011686 5.75912e-21)
(-0.00480329 -0.014481 0)
(-0.00441572 -0.0147906 7.62402e-21)
(-0.00302559 -0.0129371 -7.22397e-21)
(-0.000752254 -0.00908732 -2.27542e-21)
(0.00231119 -0.00336858 6.32875e-21)
(0.0060795 0.00405909 0)
(0.0104607 0.0129503 0)
(0.0152614 0.0229586 0)
(-0.00148657 -0.00553264 -7.7754e-22)
(-0.00316965 -0.0117364 -2.24391e-21)
(-0.00389056 -0.0147981 2.79319e-21)
(-0.00365126 -0.0153755 3.93671e-21)
(-0.00257413 -0.0137733 3.63329e-21)
(-0.000743123 -0.0101584 2.33379e-21)
(0.00177701 -0.0046601 0)
(0.00492134 0.00256588 4.16851e-21)
(0.00860676 0.0112945 -1.91482e-21)
(0.0126613 0.0212197 0)
(-0.00102107 -0.00532848 0)
(-0.00221831 -0.0117048 4.49387e-21)
(-0.00271608 -0.015045 -2.79259e-21)
(-0.00246997 -0.0159222 -2.62353e-21)
(-0.00156697 -0.014625 -1.22671e-24)
(-6.39806e-05 -0.0113206 -1.16603e-21)
(0.00199872 -0.00613644 1.12747e-21)
(0.00457871 0.000784662 0)
(0.00761344 0.0092482 -1.98906e-21)
(0.0109549 0.0189969 -1.96845e-21)
(-0.000563177 -0.00509724 9.94406e-23)
(-0.00116331 -0.0116368 -1.70301e-21)
(-0.00126715 -0.0152543 -1.83598e-22)
(-0.000846862 -0.0164401 -7.26454e-24)
(3.43257e-05 -0.0154713 -9.44287e-22)
(0.001339 -0.0125193 0)
(0.00304772 -0.0077097 -1.12714e-21)
(0.00514173 -0.00116922 0)
(0.00758738 0.00694296 0)
(0.0102581 0.0164229 0)
)
;

boundaryField
{
    inlet
    {
        type            uniformFixedValue;
        uniformValue    constant (1 0 0);
        value           uniform (1 0 0);
    }
    outlet
    {
        type            pressureInletOutletVelocity;
        value           nonuniform List<vector> 
40
(
(0.0125272 0.0121036 0)
(0.0183779 0.0715572 0)
(0.0212566 0.130623 0)
(0.0206411 0.190555 0)
(0.0182811 0.256432 0)
(0.0153402 0.328838 0)
(0.0107695 0.408396 0)
(0.00670621 0.50377 0)
(0.000508837 0.621425 0)
(-9.47108e-05 0.730322 0)
(0 -0.0188547 0)
(0 -0.0310903 0)
(0 -0.0424294 0)
(0 -0.0528331 0)
(0 -0.06229 0)
(0 -0.0708162 0)
(0 -0.0784529 0)
(0 -0.0852596 0)
(0 -0.0913079 0)
(0 -0.0966762 0)
(0 -0.101446 0)
(0 -0.105699 0)
(0 -0.109516 0)
(0 -0.112974 0)
(0 -0.116151 0)
(0 -0.119118 0)
(0 -0.121947 0)
(0 -0.124706 0)
(0 -0.12746 0)
(0 -0.130276 0)
(0 -0.137249 0)
(0 -0.153504 0)
(0 -0.177168 0)
(0 -0.209687 0)
(0 -0.250553 0)
(0 -0.296401 0)
(0 -0.34137 0)
(0 -0.37913 0)
(0 -0.405414 0)
(0 -0.418672 0)
)
;
    }
    cylinder
    {
        type            fixedValue;
        value           uniform (0 0 0);
    }
    top
    {
        type            symmetryPlane;
    }
    bottom
    {
        type            symmetryPlane;
    }
    defaultFaces
    {
        type            empty;
    }
}


// ************************************************************************* //
