/*--------------------------------*- C++ -*----------------------------------*\
  =========                 |
  \\      /  F ield         | OpenFOAM: The Open Source CFD Toolbox
   \\    /   O peration     | Website:  https://openfoam.org
    \\  /    A nd           | Version:  7
     \\/     M anipulation  |
\*---------------------------------------------------------------------------*/
FoamFile
{
    version     2.0;
    format      ascii;
    class       surfaceScalarField;
    location    "70.6";
    object      phi;
}
// * * * * * * * * * * * * * * * * * * * * * * * * * * * * * * * * * * * * * //

dimensions      [0 3 -1 0 0 0 0];

internalField   nonuniform List<scalar> 
3880
(
-2.2487e-05
-0.000683438
0.000705925
-1.30834e-05
-0.00152377
0.00151437
4.93539e-05
-0.00193819
0.00187575
0.000178953
-0.0019992
0.0018696
0.000388453
-0.00175032
0.00154082
0.000689875
-0.00121961
0.000918187
0.00109268
-0.000428109
2.53015e-05
0.00160043
0.000603057
-0.00111081
0.00220803
0.00184754
-0.00245514
0.00327021
0.00289831
-0.00396048
-1.64118e-05
-0.000667026
6.20696e-06
-0.00154639
8.36417e-05
-0.00201562
0.000226806
-0.00214236
0.000447147
-0.00197066
0.000757547
-0.00153001
0.00117023
-0.000840788
0.00169301
8.0273e-05
0.00232524
0.0012153
0.00254246
0.00305299
-4.64329e-06
-0.000662383
4.08487e-05
-0.00159188
0.000145599
-0.00212037
0.000315148
-0.00231191
0.000557856
-0.00221337
0.000885658
-0.00185781
0.00131213
-0.00126726
0.00184872
-0.000456312
0.00249974
0.000564281
0.00178601
0.00325619
1.27002e-05
-0.000675083
9.15855e-05
-0.00167076
0.00023663
-0.00226542
0.000446877
-0.00252216
0.000726031
-0.00249252
0.00108333
-0.00221511
0.00153204
-0.00171597
0.00208589
-0.00101017
0.00275401
-0.000103845
0.00100626
0.00353376
3.54415e-05
-0.000710524
0.000157581
-0.0017929
0.000355457
-0.00246329
0.000620733
-0.00278744
0.000951501
-0.00282329
0.00135299
-0.00261661
0.00183653
-0.0021995
0.0024166
-0.00159023
0.00310634
-0.000793589
0.000202683
0.00390992
6.30686e-05
-0.000773593
0.000236471
-0.00196631
0.000497465
-0.00272429
0.00082988
-0.00311985
0.00122586
-0.00321927
0.00168598
-0.00307673
0.00221854
-0.00273205
0.00283739
-0.00220909
0.00355825
-0.00151445
-0.000631061
0.00439199
9.42617e-05
-0.000867855
0.000324144
-0.00219619
0.000654476
-0.00305462
0.00106129
-0.00352667
0.00153105
-0.00368902
0.00205975
-0.00360543
0.00265222
-0.00332452
0.00332081
-0.00287768
0.00408262
-0.00227625
-0.00150203
0.00495359
0.000127278
-0.000995133
0.00041496
-0.00248387
0.000815098
-0.00345476
0.0012963
-0.00400787
0.00184
-0.00423273
0.00243821
-0.00420363
0.0030924
-0.00397871
0.00381295
-0.00359823
0.00461777
-0.00308107
-0.00241079
0.00552653
0.000160018
-0.00115515
0.000502132
-0.00282598
0.000965618
-0.00391824
0.00151228
-0.00455454
0.00211951
-0.00483996
0.00277621
-0.00486033
0.00348077
-0.00468327
0.00424073
-0.00435819
0.00507395
-0.00391428
-0.00334541
0.00600857
0.000190156
-0.00134531
0.00057825
-0.00321408
0.00109126
-0.00443125
0.00168514
-0.00514842
0.00233459
-0.00548941
0.00302691
-0.00555265
0.0037584
-0.00541477
0.00453276
-0.00513255
0.00536229
-0.00474382
0.00629356
-0.00427668
0.00479275
0.0245848
-0.0264793
0.00611582
0.049168
-0.0504911
0.00636101
0.0711538
-0.071399
0.00596356
0.090969
-0.0905716
0.00523376
0.111228
-0.110498
0.00428074
0.133308
-0.132355
0.0031604
0.158045
-0.156925
0.00186722
0.188451
-0.187158
0.000691773
0.231553
-0.230378
0.283102
-0.28241
0.00516609
0.0224717
0.00691161
0.0474225
0.00747282
0.0705926
0.00725532
0.0911865
0.00660248
0.111881
0.00563376
0.134277
0.00440448
0.159274
0.00290819
0.189947
0.00133431
0.233127
0.284436
0.00549389
0.020234
0.00765322
0.0452632
0.00855602
0.0696898
0.00853889
0.0912037
0.00797227
0.112447
0.00699075
0.135258
0.0056525
0.160612
0.00394973
0.19165
0.00197981
0.235097
0.286416
0.0057791
0.0179887
0.00831122
0.042731
0.00957957
0.0684215
0.00978652
0.0909967
0.00931995
0.112914
0.00833391
0.136244
0.00689078
0.162056
0.00498404
0.193557
0.00261889
0.237462
0.289035
0.00603831
0.0158603
0.00886084
0.0399085
0.0105135
0.0667688
0.0109711
0.090539
0.0106226
0.113262
0.00964405
0.137223
0.00810493
0.163595
0.00599919
0.195662
0.00324663
0.240215
0.292281
0.00629432
0.013958
0.00928707
0.0369158
0.0113304
0.0647255
0.0120664
0.0898031
0.0118568
0.113472
0.0109006
0.138179
0.00927824
0.165217
0.0069837
0.197957
0.00385615
0.243342
0.296137
0.00656255
0.012349
0.00958775
0.0338906
0.0120077
0.0623055
0.0130493
0.0887616
0.0130064
0.113515
0.0120926
0.139093
0.0104027
0.166907
0.00793072
0.200429
0.0044451
0.246828
0.300583
0.00683037
0.0110452
0.00976602
0.0309549
0.0125275
0.059544
0.0138921
0.087397
0.014038
0.113369
0.013186
0.139945
0.0114499
0.168643
0.0088232
0.203056
0.00500295
0.250648
0.305585
0.00703589
0.0100178
0.00981756
0.0281733
0.0128795
0.056482
0.0146062
0.0856703
0.0149837
0.112991
0.0142153
0.140713
0.0124468
0.170411
0.00967119
0.205831
0.00553433
0.254785
0.31112
0.00713831
0.00917308
0.00979849
0.0255131
0.0130295
0.053251
0.0150765
0.0836233
0.0157169
0.112351
0.0150758
0.141355
0.0133453
0.172142
0.0104358
0.208741
0.00605955
0.259161
0.317179
0.0191236
0.0158695
-0.02582
0.014808
0.0298287
0.0136982
0.0543607
0.012774
0.0845476
0.011197
0.113928
0.0090903
0.143461
0.00649906
0.174733
0.00342665
0.211813
0.000710833
0.261877
0.31789
0.0205649
0.0211101
-0.0258055
0.0152563
0.0351373
0.013011
0.056606
0.011943
0.0856155
0.0104617
0.115409
0.00847301
0.14545
0.00599947
0.177207
0.00310842
0.214704
0.000603208
0.264382
0.318493
0.0209896
0.0244755
-0.024355
0.0159739
0.040153
0.0128411
0.0597388
0.0112858
0.0871708
0.00969915
0.116996
0.00773854
0.147411
0.00540475
0.17954
0.00271983
0.217389
0.000470563
0.266631
0.318964
0.0203742
0.0263685
-0.0222672
0.0162218
0.0443054
0.0127563
0.0632043
0.0108441
0.089083
0.009244
0.118596
0.00739404
0.149261
0.00514433
0.18179
0.00259496
0.219938
0.000464154
0.268762
0.319428
0.0192031
0.0271032
-0.0199379
0.0160304
0.0474781
0.0126968
0.0665379
0.0105103
0.0912695
0.00871898
0.120387
0.00685478
0.151125
0.00472804
0.183917
0.00234707
0.222319
0.000382461
0.270727
0.319811
0.017588
0.0267774
-0.0172622
0.015388
0.0496781
0.0123398
0.0695861
0.0102395
0.0933697
0.00859645
0.12203
0.0067917
0.152929
0.0046689
0.18604
0.00234808
0.22464
0.000434959
0.27264
0.320246
0.0157283
0.0254011
-0.014352
0.0147062
0.0507002
0.0121076
0.0721848
0.00982784
0.0956495
0.00808551
0.123773
0.00636537
0.15465
0.00439153
0.188014
0.00219202
0.22684
0.000392439
0.27444
0.320638
0.0134823
0.0231691
-0.0112503
0.0134817
0.0507008
0.0117149
0.0739515
0.00985595
0.0975084
0.00822599
0.125403
0.00647444
0.156401
0.00444959
0.190038
0.00228007
0.229009
0.000490916
0.276229
0.321129
0.0119021
0.0199507
-0.00868367
0.0129411
0.0496618
0.0115358
0.0753568
0.0095148
0.0995294
0.00783013
0.127087
0.00619206
0.158039
0.00427806
0.191952
0.00219159
0.231096
0.000467429
0.277953
0.321596
0.00909777
-0.00515604
0.0117248
0.0118092
0.0102573
0.0084166
0.00652298
0.00451739
0.00233772
0.00061949
0.00705523
-0.0265207
-0.00635447
0.0070008
-0.025751
0.00649109
-0.0238453
0.00578265
-0.0215587
0.00494784
-0.0191031
0.00401169
-0.0163261
0.00298987
-0.0133301
0.00194982
-0.0102103
0.000725402
-0.00745925
-0.00416402
0.00623576
-0.0267503
-0.00600621
0.0058104
-0.0253257
0.00506971
-0.0231046
0.00419731
-0.0206863
0.00323494
-0.0181407
0.00220201
-0.0152931
0.0011136
-0.0122417
4.69107e-05
-0.00914356
-0.00116885
-0.00624348
-0.00323511
0.00516187
-0.0265715
-0.00534061
0.00442756
-0.0245913
0.00350436
-0.0221814
0.00249698
-0.0196789
0.00143332
-0.017077
0.000331432
-0.0141913
-0.000786628
-0.0111237
-0.00187218
-0.00805802
-0.00298086
-0.0051348
-0.00240422
0.0038258
-0.0260528
-0.00434451
0.00285506
-0.0236206
0.00179862
-0.021125
0.000694788
-0.0185751
-0.00043226
-0.01595
-0.00156262
-0.0130609
-0.00267225
-0.010014
-0.00371871
-0.00701156
-0.00470317
-0.00415034
-0.00170869
0.0022504
-0.0252524
-0.00305084
0.00111298
-0.0224832
-3.53627e-05
-0.0199767
-0.00118031
-0.0174302
-0.00232704
-0.0148033
-0.00344853
-0.0119394
-0.0045092
-0.00895337
-0.00547302
-0.00604774
-0.00630901
-0.00331435
-0.00116179
0.000493834
-0.0242256
-0.00152065
-0.000746322
-0.021243
-0.00192271
-0.0188003
-0.00308822
-0.0162646
-0.00421509
-0.0136764
-0.0052852
-0.0108693
-0.00626169
-0.00797687
-0.00711042
-0.00519901
-0.00778587
-0.00263891
-0.000761955
-0.00137113
-0.023035
0.000180516
-0.00266069
-0.0199535
-0.00383741
-0.0176236
-0.00497521
-0.0151268
-0.00604689
-0.0126047
-0.0070334
-0.00988279
-0.0078995
-0.00711078
-0.00861347
-0.00448504
-0.00912914
-0.00212323
-0.000497361
-0.00327338
-0.0217008
0.00193921
-0.00456337
-0.0186635
-0.00570814
-0.0164788
-0.00678847
-0.0140465
-0.00777847
-0.0116147
-0.00865897
-0.00900229
-0.0093997
-0.00637005
-0.00997253
-0.0039122
-0.01034
-0.00175578
-0.000349694
-0.00513332
-0.0202906
0.00372314
-0.00639023
-0.0174066
-0.00748005
-0.015389
-0.00848112
-0.0130454
-0.00937281
-0.010723
-0.0101357
-0.0082394
-0.0107476
-0.00575817
-0.0111849
-0.00347493
-0.0114234
-0.0015172
-0.000297258
-0.00688617
-0.0188534
0.0054489
-0.00808668
-0.0162061
-0.00910705
-0.0143686
-0.0100155
-0.012137
-0.0108024
-0.0099362
-0.0114466
-0.00759519
-0.0119365
-0.00526826
-0.0122531
-0.00315828
-0.0123869
-0.00138338
-0.000317191
-0.00847947
-0.0174295
0.00705563
-0.00960942
-0.0150761
-0.0105542
-0.0134238
-0.011365
-0.0113261
-0.0120498
-0.00925139
-0.0125835
-0.00706158
-0.0129664
-0.00488527
-0.0131837
-0.00294099
-0.0132389
-0.00132818
-0.000386841
-0.00988198
-0.0160501
0.00850259
-0.0109312
-0.0140268
-0.0118006
-0.0125544
-0.012516
-0.0106107
-0.0131086
-0.00865873
-0.0135466
-0.00662359
-0.013843
-0.00458889
-0.0139856
-0.00279843
-0.0139883
-0.00132548
-0.000484453
-0.0110714
-0.014738
0.00975923
-0.0120352
-0.013063
-0.0128354
-0.0117542
-0.0134638
-0.00998241
-0.0139795
-0.00814299
-0.0143418
-0.00626126
-0.014575
-0.00435576
-0.0146687
-0.00270471
-0.0146439
-0.00135028
-0.000589423
-0.0120396
-0.0135067
0.0108083
-0.0129171
-0.0121855
-0.0136583
-0.0110131
-0.014213
-0.00942768
-0.01467
-0.00768602
-0.0149794
-0.00595184
-0.0151736
-0.00416162
-0.0152439
-0.00263433
-0.0152149
-0.00137936
-0.000682353
-0.0127896
-0.0123591
0.011642
-0.0135828
-0.0113923
-0.014277
-0.0103189
-0.0147752
-0.00892942
-0.0151924
-0.00726885
-0.0154726
-0.00567161
-0.0156514
-0.00398286
-0.0157226
-0.00256316
-0.0157105
-0.00139144
-0.000744954
-0.0133329
-0.011285
0.0122588
-0.0140462
-0.010679
-0.0147048
-0.00966032
-0.0151663
-0.00846793
-0.0155618
-0.00687331
-0.0158362
-0.00539718
-0.0160217
-0.00379736
-0.016116
-0.00246887
-0.0161404
-0.00136709
-0.000759919
-0.0136848
-0.0102598
0.0126595
-0.0143277
-0.0100361
-0.0149583
-0.00902966
-0.0154043
-0.0080219
-0.0157948
-0.00648285
-0.0160854
-0.00510653
-0.0162979
-0.00358488
-0.0164357
-0.00233106
-0.0165144
-0.00128844
-0.000710787
-0.0138523
-0.00925277
0.0128453
-0.0144441
-0.00944425
-0.0150518
-0.00842194
-0.0155056
-0.00756811
-0.0159069
-0.00608154
-0.0162345
-0.00477898
-0.0164927
-0.00332666
-0.0166928
-0.00213094
-0.0168425
-0.00113875
-0.000581779
-0.0138324
-0.00824499
0.0128247
-0.014413
-0.00886367
-0.0150016
-0.00783334
-0.0154865
-0.00708326
-0.0159143
-0.00565373
-0.0162975
-0.0043957
-0.0166187
-0.00300549
-0.0168983
-0.00185134
-0.0171348
-0.000902246
-0.000357558
-0.0136809
-0.00720931
0.0126453
-0.0142966
-0.00824806
-0.0148458
-0.00728406
-0.015367
-0.00656209
-0.0158324
-0.0051883
-0.0162845
-0.00394369
-0.0166856
-0.00260434
-0.0170614
-0.00147552
-0.0174028
-0.000560844
-2.44632e-05
-0.0603738
-0.00677886
0.0599433
-0.0620975
-0.00652427
-0.0637757
-0.00560593
-0.0654605
-0.00487721
-0.0668182
-0.00383069
-0.0678985
-0.00286332
-0.0686108
-0.00189209
-0.0690179
-0.00106839
-0.069159
-0.000419781
-3.06749e-05
-0.0708141
-0.00643779
0.070473
-0.0718304
-0.0055079
-0.0727768
-0.0046596
-0.0738309
-0.00382304
-0.0746745
-0.00298715
-0.0753539
-0.00218386
-0.075788
-0.00145805
-0.0760247
-0.000831672
-0.0760918
-0.0003527
-3.8315e-05
-0.0829746
-0.00631613
0.082853
-0.0834815
-0.00500106
-0.0840296
-0.00411146
-0.0846617
-0.00319097
-0.0851737
-0.00247507
-0.0855975
-0.0017601
-0.0858524
-0.0012031
-0.0859854
-0.000698731
-0.0860077
-0.000330378
-4.21332e-05
-0.0980886
-0.00626422
0.0980367
-0.0984251
-0.00466452
-0.0987584
-0.00377819
-0.0991688
-0.00278063
-0.0994831
-0.00216076
-0.0997614
-0.00148179
-0.099916
-0.00104843
-0.100008
-0.000607188
-0.100017
-0.000321243
-3.99969e-05
-0.116746
-0.00598818
0.11647
-0.117105
-0.00430527
-0.117407
-0.00347644
-0.117751
-0.00243682
-0.117999
-0.00191281
-0.118233
-0.00124756
-0.118369
-0.000912472
-0.118475
-0.000500699
-0.118512
-0.000284159
-1.96818e-05
-0.138085
-0.00537071
0.137467
-0.138615
-0.00377513
-0.13904
-0.00305091
-0.139425
-0.00205222
-0.139712
-0.00162568
-0.139966
-0.000993619
-0.14014
-0.000738295
-0.140299
-0.000341284
-0.140387
-0.000196599
1.49306e-05
-0.159662
-0.00437396
0.158666
-0.160417
-0.00302042
-0.161035
-0.0024327
-0.161501
-0.00158614
-0.16187
-0.00125688
-0.162154
-0.000710058
-0.162379
-0.000513176
-0.162561
-0.000159426
-0.162675
-8.24874e-05
4.87806e-05
-0.17822
-0.00305472
0.176901
-0.179154
-0.0020863
-0.179913
-0.00167381
-0.180432
-0.00106735
-0.180851
-0.000838028
-0.181128
-0.000433463
-0.18135
-0.000290329
-0.181486
-2.35744e-05
-0.181568
-6.40553e-07
5.80485e-05
-0.19121
-0.00157918
0.189734
-0.192246
-0.00104998
-0.193085
-0.000835462
-0.193628
-0.000523841
-0.194055
-0.000411725
-0.194291
-0.000197457
-0.194459
-0.000122059
-0.194504
2.12915e-05
-0.194528
2.32529e-05
3.81498e-05
-0.197848
0.196269
-0.198898
-0.199734
-0.200258
-0.200669
-0.200867
-0.200989
-0.200968
-0.200944
-0.0139162
0.0610115
0.0128479
-0.0145675
0.0711244
-0.0150609
0.0833463
-0.0152937
0.0982695
-0.0150476
0.116224
-0.0139897
0.136409
-0.0118558
0.156532
-0.00862411
0.173669
-0.0045473
0.185658
0.191722
-0.0131527
0.0617459
0.0124183
-0.013758
0.0717296
-0.0141908
0.0837791
-0.0143369
0.0984157
-0.0140054
0.115892
-0.0129113
0.135315
-0.0108515
0.154472
-0.00784222
0.17066
-0.00411529
0.181931
0.187607
-0.0124505
0.0624034
0.011793
-0.0129908
0.0722699
-0.0133512
0.0841395
-0.0134288
0.0984933
-0.0130482
0.115512
-0.0119624
0.134229
-0.0100057
0.152515
-0.00720593
0.16786
-0.00377257
0.178497
0.183834
-0.011648
0.0630354
0.0110161
-0.0121293
0.0727512
-0.01241
0.0844202
-0.0124165
0.0984997
-0.0119941
0.115089
-0.0109322
0.133167
-0.00909885
0.150682
-0.00652924
0.165291
-0.00341046
0.175379
0.180423
-0.010724
0.0636366
0.0101227
-0.0111531
0.0731803
-0.0113642
0.0846313
-0.011311
0.0984466
-0.0108623
0.114641
-0.00984277
0.132148
-0.00815071
0.14899
-0.00582635
0.162966
-0.00303579
0.172588
0.177388
-0.00969928
0.0641962
0.00913977
-0.0100688
0.0735499
-0.0102151
0.0847776
-0.0101144
0.0983459
-0.00965643
0.114183
-0.00869969
0.131191
-0.00716806
0.147458
-0.00510387
0.160902
-0.00265241
0.170137
0.174735
-0.00859615
0.0647041
0.00808817
-0.00889914
0.0738529
-0.00898071
0.0848592
-0.00884022
0.0982054
-0.00838696
0.113729
-0.00751073
0.130315
-0.00615669
0.146104
-0.00436609
0.159112
-0.00226263
0.168033
0.172473
-0.00743197
0.0651479
0.00698822
-0.00766618
0.0740871
-0.00768387
0.0848768
-0.00750995
0.0980314
-0.00707195
0.113291
-0.0062897
0.129533
-0.00512593
0.14494
-0.00361855
0.157604
-0.00186901
0.166284
0.170604
-0.00622527
0.065512
0.0058612
-0.00639138
0.0742532
-0.00634659
0.0848321
-0.00614558
0.0978304
-0.00573112
0.112877
-0.00505263
0.128854
-0.00408725
0.143975
-0.0028682
0.156385
-0.0014748
0.16489
0.169129
-0.00499536
0.0657779
0.00472938
-0.00509765
0.0743555
-0.00498987
0.0847243
-0.00476817
0.0976087
-0.004383
0.112492
-0.00381502
0.128286
-0.00305217
0.143212
-0.00212245
0.155455
-0.00108368
0.163851
0.168045
-0.00377462
0.0659319
0.00362067
-0.00381372
0.0743946
-0.00364074
0.0845513
-0.00340243
0.0973704
-0.00304863
0.112138
-0.0025942
0.127832
-0.0020338
0.142652
-0.00138977
0.154811
-0.000699878
0.163162
0.167345
-0.00259138
0.0659751
0.00254818
-0.00255789
0.0743611
-0.00232678
0.0843202
-0.00207002
0.0971136
-0.001749
0.111817
-0.00140389
0.127487
-0.00104107
0.142289
-0.000677635
0.154448
-0.000326961
0.162811
0.167018
-0.00148215
0.0659227
0.00153456
-0.00136044
0.0742394
-0.00108603
0.0840458
-0.000807306
0.0968349
-0.000523398
0.111533
-0.000283507
0.127247
-0.000111824
0.142117
-1.81258e-05
0.154354
1.70772e-05
0.162776
0.167035
-0.000481214
0.0658148
0.000589104
-0.000251505
0.0740096
1.86799e-05
0.0837756
0.00037597
0.0964776
0.000648666
0.11126
0.00080393
0.127092
0.000804514
0.142117
0.000647893
0.154511
0.000364848
0.163059
0.1674
0.000460636
0.065641
-0.000286865
0.000809995
0.0736603
0.0011766
0.083409
0.00152207
0.0961322
0.00176597
0.111016
0.00182867
0.127029
0.00166065
0.142285
0.00126245
0.154909
0.000685307
0.163636
0.168086
0.00135638
0.0653656
-0.00108093
0.00177995
0.0732367
0.00218721
0.0830017
0.00255715
0.0957622
0.00278293
0.110791
0.00276726
0.127045
0.00244746
0.142604
0.00182792
0.155529
0.000979244
0.164485
0.169065
0.00213503
0.0650375
-0.00180696
0.00264325
0.0727285
0.00308937
0.0825556
0.0034853
0.0953663
0.00370144
0.110574
0.00362169
0.127124
0.00316808
0.143058
0.00234729
0.156349
0.0012486
0.165583
0.170313
0.0028107
0.0647
-0.00247314
0.0033956
0.0721436
0.00387319
0.082078
0.00428887
0.0949506
0.0044966
0.110367
0.00436326
0.127258
0.00379513
0.143626
0.00279939
0.157345
0.00148135
0.166901
0.171795
0.00342381
0.0643815
-0.00310539
0.00407206
0.0714953
0.00458113
0.0815689
0.00501689
0.0945148
0.00522342
0.11016
0.00504713
0.127434
0.00437583
0.144298
0.00321753
0.158503
0.00169547
0.168423
0.17349
0.00382064
0.0642724
-0.00371152
0.00448887
0.0708271
0.00502913
0.0810287
0.00547537
0.0940686
0.00568177
0.109954
0.00548432
0.127631
0.00475289
0.145029
0.00349051
0.159766
0.0018301
0.170084
0.17532
-0.044417
0.0588414
0.0498481
-0.0400188
0.0664289
-0.0370887
0.0780985
-0.0340784
0.0910583
-0.0306508
0.106526
-0.0263622
0.123343
-0.0209793
0.139646
-0.0145808
0.153367
-0.00745547
0.162958
0.167865
-0.0539351
0.0543435
0.058433
-0.0500681
0.0625619
-0.0465326
0.074563
-0.0425719
0.0870976
-0.0381414
0.102096
-0.0326424
0.117844
-0.025885
0.132889
-0.0179815
0.145464
-0.00925915
0.154236
0.158606
-0.0650152
0.0499234
0.0694352
-0.0610371
0.0585838
-0.056717
0.0702429
-0.0518126
0.0821932
-0.0461836
0.0964667
-0.0391751
0.110835
-0.0308065
0.12452
-0.0212177
0.135875
-0.0107479
0.143766
0.147858
-0.0784475
0.0457579
0.082613
-0.0738507
0.053987
-0.068631
0.0650232
-0.0626916
0.0762538
-0.0556294
0.0894045
-0.0468648
0.102071
-0.0366571
0.114312
-0.0251911
0.124409
-0.012907
0.131482
0.134951
-0.0933804
0.0408435
0.0982948
-0.0879555
0.0485621
-0.0816421
0.0587098
-0.0741505
0.0687622
-0.0650464
0.0803004
-0.0541127
0.091137
-0.0417997
0.101999
-0.0282479
0.110857
-0.0140441
0.117278
0.120907
-0.110892
0.0358368
0.115899
-0.104274
0.0419441
-0.0965509
0.0509869
-0.0871097
0.059321
-0.0758521
0.0690428
-0.0628257
0.0781106
-0.0483149
0.0874887
-0.0326009
0.095143
-0.0165795
0.101257
0.104327
-0.127806
0.0290147
0.134628
-0.119799
0.0339376
-0.110179
0.0413663
-0.0983114
0.0474538
-0.0846113
0.0553428
-0.0689496
0.0624489
-0.0515993
0.0701384
-0.0331426
0.0766863
-0.0151356
0.08325
0.0891915
-0.145947
0.0221165
0.152845
-0.136594
0.0245854
-0.125261
0.0300333
-0.111737
0.0339292
-0.0963432
0.0399494
-0.0787127
0.0448184
-0.0594849
0.0509106
-0.0394625
0.0566639
-0.0207732
0.0645608
0.0684183
-0.16012
0.0106411
0.171595
-0.147761
0.0122261
-0.132817
0.0150896
-0.11595
0.0170623
-0.0964103
0.0204097
-0.0746386
0.0230467
-0.0505822
0.0268542
-0.0250628
0.0311444
-0.000621555
0.0401196
0.0677967
-0.253749
0.26439
-0.241523
-0.226434
-0.209371
-0.188962
-0.165915
-0.139061
-0.107916
-0.0677967
0.00168879
0.0515788
-0.00341951
8.11949e-05
0.0600406
-0.000954524
0.070471
-0.00178051
0.083439
-0.00230146
0.0988157
-0.00249333
0.11609
-0.00226271
0.134397
-0.00174202
0.152324
-0.00201736
0.171871
0.262373
0.00208979
0.0532799
-0.00379087
0.000582412
0.061548
-0.000576826
0.0716302
-0.00144373
0.0843059
-0.00201489
0.0993869
-0.00224003
0.116316
-0.00209124
0.134248
-0.0016134
0.151846
-0.00180199
0.172059
0.260571
0.00257601
0.0548719
-0.00416806
0.00112224
0.0630018
-5.81591e-05
0.0728106
-0.000908405
0.0851561
-0.00150436
0.0999828
-0.00177216
0.116583
-0.00171331
0.134189
-0.00133636
0.151469
-0.00158928
0.172312
0.258982
0.00305564
0.0563653
-0.004549
0.00165659
0.0644008
0.00053654
0.0739307
-0.00033614
0.0860288
-0.000908061
0.100555
-0.00122187
0.116897
-0.00122771
0.134195
-0.00099196
0.151234
-0.00131292
0.172633
0.257669
0.00352413
0.0577643
-0.00492314
0.00219939
0.0657256
0.00114194
0.0749881
0.000287237
0.0868835
-0.00027932
0.101121
-0.000626691
0.117244
-0.000684422
0.134253
-0.00059658
0.151146
-0.000989232
0.173026
0.25668
0.00400329
0.0590407
-0.00527972
0.00277698
0.0669519
0.00178927
0.0759758
0.00100158
0.0876712
0.000429461
0.101693
-3.39056e-06
0.117677
-6.45267e-05
0.134314
-0.000161832
0.151243
-0.000625212
0.173489
0.256054
0.0044928
0.060159
-0.00561107
0.00338811
0.0680566
0.00248068
0.0768832
0.00175379
0.0883981
0.0012039
0.102243
0.000797807
0.118083
0.000581073
0.134531
0.000376473
0.151448
-0.000219246
0.174085
0.255835
0.0049843
0.061085
-0.00591029
0.00402123
0.0690196
0.00320513
0.0776993
0.00254558
0.0890577
0.00202049
0.102768
0.0016007
0.118503
0.00128889
0.134843
0.000958559
0.151778
0.000203702
0.17484
0.256039
0.00547174
0.0617823
-0.00616907
0.00466427
0.0698271
0.00394995
0.0784137
0.00336609
0.0896415
0.00287257
0.103262
0.00243763
0.118938
0.0020377
0.135243
0.00156343
0.152252
0.000638463
0.175765
0.256677
0.00594325
0.0622162
-0.00637711
0.0053045
0.0704659
0.00470289
0.0790153
0.00420245
0.090142
0.00375005
0.103714
0.00330103
0.119387
0.00281424
0.135729
0.00219258
0.152874
0.00109938
0.176858
0.257777
0.00637875
0.0623567
-0.00651923
0.0059231
0.0709215
0.00544695
0.0794914
0.00503612
0.0905528
0.00463254
0.104118
0.00417413
0.119846
0.00360454
0.136299
0.00283721
0.153641
0.00157338
0.178122
0.25935
0.00676989
0.0621833
-0.00659646
0.0065123
0.0711791
0.00617292
0.0798308
0.00585869
0.090867
0.00551093
0.104466
0.00504974
0.120307
0.00440294
0.136946
0.00349309
0.154551
0.00205634
0.179559
0.261406
0.00709661
0.0616889
-0.00660229
0.00705091
0.0712248
0.00685755
0.0800242
0.00664712
0.0910775
0.00636283
0.10475
0.00590845
0.120761
0.00519318
0.137661
0.00414817
0.155596
0.00254085
0.181166
0.263947
0.00734621
0.0608812
-0.0065385
0.00752382
0.0710472
0.00748341
0.0800646
0.00738253
0.0911783
0.00717008
0.104962
0.00673355
0.121198
0.00596109
0.138433
0.00479191
0.156765
0.00301962
0.182938
0.266967
0.00750777
0.0597856
-0.00641217
0.00791729
0.0706377
0.00803404
0.0799478
0.00804711
0.0911653
0.00791604
0.105093
0.00750928
0.121604
0.00669437
0.139248
0.00541534
0.158044
0.00348734
0.184866
0.270454
0.00757398
0.0584492
-0.0062376
0.00821971
0.0699919
0.00849379
0.0796737
0.00862411
0.0910349
0.00858294
0.105135
0.00821743
0.12197
0.00737739
0.140088
0.00600605
0.159416
0.00393412
0.186938
0.274388
0.00754765
0.0569387
-0.00603713
0.00842419
0.0691154
0.00885339
0.0792445
0.00910319
0.0907851
0.00915952
0.105078
0.00885024
0.122279
0.00800561
0.140933
0.0065609
0.16086
0.00435774
0.189141
0.278746
0.00744152
0.0553354
-0.00583824
0.00852517
0.0680318
0.00910041
0.0786693
0.00946439
0.0904212
0.00961918
0.104924
0.00937624
0.122522
0.00854734
0.141762
0.00705781
0.16235
0.00474134
0.191458
0.283487
0.00728013
0.0537127
-0.00565743
0.00854978
0.0667621
0.00926957
0.0779495
0.00974684
0.0899439
0.0100041
0.104666
0.00983855
0.122688
0.00903818
0.142562
0.00751981
0.163868
0.00509514
0.193882
0.288583
0.00699283
0.0521339
-0.00541403
0.00831557
0.0654394
0.0091846
0.0770805
0.00976952
0.089359
0.0101366
0.104299
0.0100663
0.122758
0.00934715
0.143281
0.00783987
0.165375
0.00540081
0.196321
0.293983
-0.0261913
0.050133
0.0281922
-0.0225986
0.0618467
-0.0189897
0.0734716
-0.0152798
0.0856491
-0.0116075
0.100627
-0.00774655
0.118897
-0.00372797
0.139263
-0.000348184
0.161996
0.000559687
0.195414
0.294543
-0.0409379
0.0469645
0.0441064
-0.0367981
0.0577069
-0.0319552
0.0686286
-0.0267597
0.0804536
-0.0214104
0.0952776
-0.0155711
0.113058
-0.00935149
0.133043
-0.00371196
0.156356
-0.00121257
0.192914
0.29333
-0.0569524
0.0431891
0.0607278
-0.0518261
0.0525806
-0.0457241
0.0625266
-0.0391724
0.0739019
-0.0321871
0.0882923
-0.0242183
0.105089
-0.0156212
0.124446
-0.00761151
0.148347
-0.00278659
0.188089
0.290544
-0.0745902
0.0388217
0.0789576
-0.0682147
0.0462051
-0.0610628
0.0553747
-0.0532256
0.0660647
-0.0443471
0.0794137
-0.0339663
0.0947083
-0.0227849
0.113265
-0.0121845
0.137746
-0.00478467
0.180689
0.285759
-0.0942924
0.0331939
0.0999202
-0.087028
0.0389407
-0.0790743
0.047421
-0.0696245
0.0566149
-0.0585034
0.0682926
-0.0455839
0.0817888
-0.0316733
0.099354
-0.0180701
0.124143
-0.00744612
0.170065
0.278313
-0.117058
0.0272998
0.122952
-0.108822
0.030705
-0.0995688
0.038168
-0.088139
0.0451851
-0.0748652
0.0550187
-0.0596649
0.0665886
-0.0431196
0.0828088
-0.0264106
0.107434
-0.0120609
0.155716
0.266252
-0.142469
0.0194549
0.150314
-0.133792
0.0220275
-0.123461
0.0278379
-0.110763
0.0324867
-0.0962274
0.0404831
-0.0791906
0.0495518
-0.060534
0.0641521
-0.0405788
0.0874787
-0.02066
0.135797
0.245592
-0.174428
0.0115717
0.182312
-0.164996
0.0125953
-0.153653
0.0164953
-0.140391
0.0192248
-0.124941
0.0250331
-0.10698
0.0315904
-0.0868774
0.0440495
-0.0645794
0.0651808
-0.0378995
0.109117
0.207693
-0.227732
0.00385577
0.235448
-0.219646
0.00450866
-0.209403
0.00625226
-0.198032
0.00785402
-0.184024
0.0110251
-0.167686
0.0152528
-0.147005
0.0233679
-0.119076
0.037252
-0.0751862
0.0652272
0.132506
-0.303246
0.307102
-0.298738
-0.292485
-0.284631
-0.273606
-0.258354
-0.234986
-0.197734
-0.132506
0.00252739
0.0294912
-0.00382636
0.000452433
0.0461814
-0.00139297
0.0625732
-0.00299435
0.0805589
-0.00425658
0.101182
-0.00522837
0.123923
-0.00564808
0.150734
-0.0057952
0.182459
-0.00435476
0.234008
0.302747
0.00238345
0.0304278
-0.00332002
0.000636553
0.0479282
-0.00112194
0.0643317
-0.00269489
0.0821319
-0.00396787
0.102455
-0.00493109
0.124887
-0.00539694
0.151199
-0.00555765
0.182619
-0.004204
0.232654
0.298543
0.00238123
0.0310175
-0.00297098
0.000943221
0.0493663
-0.000664254
0.0659391
-0.00213847
0.0836061
-0.00336983
0.103687
-0.0043125
0.125829
-0.00483046
0.151717
-0.00499152
0.18278
-0.00384171
0.231504
0.294702
0.00246547
0.0312984
-0.00274637
0.00131869
0.050513
-0.000142425
0.0674003
-0.00147721
0.0849409
-0.00263514
0.104845
-0.00356651
0.126761
-0.00412276
0.152274
-0.00434918
0.183007
-0.00340992
0.230565
0.291292
0.00262444
0.0312883
-0.00261435
0.0017802
0.0513573
0.000533098
0.0686474
-0.000730977
0.0862049
-0.00181002
0.105924
-0.00272734
0.127678
-0.00333007
0.152876
-0.00364325
0.18332
-0.00292462
0.229846
0.288367
0.00286664
0.0309766
-0.00255491
0.00233918
0.0518848
0.00131103
0.0696755
0.000114257
0.0874017
-0.000875639
0.106914
-0.00178896
0.128591
-0.00244971
0.153537
-0.00286969
0.18374
-0.00239504
0.229372
0.285972
0.0031838
0.0303463
-0.00255345
0.00298797
0.0520806
0.00218636
0.0704771
0.0011689
0.0884192
0.000175809
0.107907
-0.00075525
0.129522
-0.00146712
0.154249
-0.00202957
0.184302
-0.00182757
0.22917
0.284145
0.00355768
0.0293855
-0.00259689
0.00371124
0.051927
0.00314756
0.0710408
0.00227737
0.0892894
0.00135225
0.108832
0.000389795
0.130485
-0.000371322
0.15501
-0.00113501
0.185066
-0.00122577
0.229261
0.282919
0.00396704
0.028092
-0.00267355
0.00448977
0.0514043
0.00417696
0.0713536
0.00345675
0.0900096
0.00259146
0.109697
0.00165936
0.131417
0.000759845
0.15591
-0.000218583
0.186045
-0.000590231
0.229632
0.282329
0.00438778
-0.00277506
0.005301
0.00525559
0.00469358
0.00389274
0.00295473
0.00193986
0.000826797
8.13153e-05
0.000216027
-0.00156133
0.000636511
-0.00363456
0.00117746
-0.00497219
0.00179071
-0.00576168
0.00245022
-0.00614892
0.00314403
-0.00624646
0.00386932
-0.00614006
0.00463084
-0.00589407
0.00544592
-0.00555889
-0.00518522
0.000231708
-0.00179304
0.000665374
-0.00406823
0.00120777
-0.00551459
0.00180801
-0.00636191
0.00244076
-0.00678167
0.00309637
-0.00690207
0.00377446
-0.00681815
0.00448039
-0.0066
0.00522288
-0.00630139
-0.00596855
0.000237284
-0.00203033
0.000662098
-0.00449304
0.00117519
-0.00602769
0.00172538
-0.0069121
0.00228999
-0.00734627
0.00286311
-0.00747519
0.00344792
-0.00740297
0.0040518
-0.00720388
0.00468204
-0.00693163
-0.00662711
0.000230828
-0.00226115
0.000622446
-0.00488466
0.00107402
-0.00647926
0.00153715
-0.00737524
0.00199386
-0.00780298
0.00244324
-0.00792456
0.00289286
-0.0078526
0.00335343
-0.00766444
0.00383491
-0.00741311
-0.00713671
0.000211039
-0.00247219
0.000544456
-0.00521808
0.000903468
-0.00683827
0.00124596
-0.00771772
0.00156062
-0.00811765
0.00185245
-0.00821639
0.0021337
-0.00813384
0.0024185
-0.00794925
0.00272021
-0.00771482
-0.00746734
0.000177383
-0.00264958
0.000428678
-0.00546937
0.000667655
-0.00707725
0.000862021
-0.00791209
0.00100876
-0.00826438
0.00111907
-0.00832671
0.00120941
-0.00822417
0.0012963
-0.00803615
0.0013938
-0.00781232
-0.00759419
0.000130202
-0.00277978
0.000278169
-0.00561734
0.000375086
-0.00717417
0.00040164
-0.00793864
0.000364016
-0.00822676
0.000279248
-0.00824194
0.000166928
-0.00811186
4.56138e-05
-0.00791483
-6.92795e-05
-0.00769742
-0.00748295
7.08018e-05
-0.00285058
9.82013e-05
-0.00564474
3.77134e-05
-0.00711368
-0.00011485
-0.00778608
-0.00034396
-0.00799765
-0.000627729
-0.00795817
-0.000944811
-0.00779477
-0.00127783
-0.00758181
-0.00161458
-0.00736067
-0.00715833
-3.11462e-07
-0.00285027
-0.000104079
-0.00554097
-0.000330222
-0.00688754
-0.000665094
-0.00745121
-0.0010845
-0.00757824
-0.00156318
-0.00747949
-0.00207969
-0.00727826
-0.00261823
-0.00704327
-0.00316797
-0.00681093
-0.00660315
-7.66759e-05
-0.00277359
-0.000320355
-0.00529729
-0.000713547
-0.00649434
-0.00122667
-0.00693809
-0.00182823
-0.00697668
-0.00249116
-0.00681656
-0.00319516
-0.00657426
-0.00392686
-0.00631157
-0.00467863
-0.00605917
-0.00583288
-0.000145808
-0.00262778
-0.00052426
-0.00491884
-0.00107907
-0.00593953
-0.00176196
-0.0062552
-0.00253452
-0.00620412
-0.00336867
-0.00598241
-0.00424578
-0.00569715
-0.005155
-0.00540235
-0.0060914
-0.00512277
-0.00486866
-0.000225588
-0.0024022
-0.00073872
-0.00440571
-0.00144589
-0.00523236
-0.00228316
-0.00541794
-0.00320761
-0.00527967
-0.00419172
-0.0049983
-0.00521913
-0.00466974
-0.00628136
-0.00434012
-0.00737535
-0.00402878
-0.00374142
-0.000302809
-0.00209939
-0.000942136
-0.00376638
-0.00178769
-0.00438681
-0.00276153
-0.00444409
-0.00381778
-0.00422342
-0.00493026
-0.00388581
-0.006085
-0.003515
-0.00727548
-0.00314964
-0.00849972
-0.00280454
-0.00248191
-0.00037454
-0.00172485
-0.00112769
-0.00301324
-0.00209442
-0.00342007
-0.00318471
-0.00335381
-0.00435097
-0.00305716
-0.00556894
-0.00266784
-0.00682699
-0.00225695
-0.00812018
-0.00185646
-0.00944698
-0.00147774
-0.0011206
-0.000438189
-0.00128666
-0.00128975
-0.00216167
-0.00235824
-0.00235159
-0.00354346
-0.00216858
-0.00479711
-0.00180351
-0.00609716
-0.00136779
-0.00743425
-0.000919851
-0.00880482
-0.000485892
-0.0102075
-7.50712e-05
0.00031395
-0.000491669
-0.000794989
-0.00142407
-0.00122928
-0.0025736
-0.00120205
-0.0038317
-0.000910482
-0.0051499
-0.000485311
-0.00650851
-9.18303e-06
-0.00790047
0.000472109
-0.00932372
0.000937356
-0.0107771
0.00137827
0.00179572
-0.000533477
-0.000261513
-0.0015278
-0.000234952
-0.00273726
7.41199e-06
-0.00404638
0.000398636
-0.00540672
0.000875027
-0.00680058
0.00138468
-0.00822328
0.00189481
-0.00967462
0.0023887
-0.0111544
0.00285806
0.00330083
-0.0005627
0.000301187
-0.00159958
0.000801924
-0.00284807
0.00125591
-0.00418751
0.00173807
-0.00556881
0.00225633
-0.00697562
0.00279149
-0.00840496
0.00332414
-0.00985886
0.0038426
-0.0113397
0.00433892
0.00480637
-0.00057898
0.000880166
-0.00163908
0.00186202
-0.00290713
0.00252396
-0.00425816
0.00308911
-0.00564214
0.0036403
-0.00704257
0.00419192
-0.00845656
0.00473813
-0.00988697
0.00527301
-0.0113395
0.00579148
0.0062915
-0.000582426
0.00146259
-0.00164712
0.00292671
-0.00291675
0.0037936
-0.00426398
0.00443634
-0.00563791
0.00501423
-0.00702166
0.00557567
-0.00841122
0.00612769
-0.00980682
0.00666861
-0.0112145
0.00719914
0.0077223
-0.000574698
0.00203729
-0.00162655
0.00397856
-0.00288094
0.00504798
-0.00421102
0.00576642
-0.00556742
0.00637064
-0.00693762
0.00694587
-0.00832638
0.00751645
-0.00974971
0.00809194
-0.0112381
0.00868755
0.00933212
-0.00055157
0.00258886
-0.00157169
0.00499868
-0.00279459
0.00627088
-0.00409511
0.00706694
-0.00542469
0.00770022
-0.0067723
0.00829348
-0.00814297
0.00888712
-0.00954562
0.00949458
-0.0109811
0.010123
0.0107694
-0.000516429
0.00310529
-0.00148777
0.00597002
-0.00266276
0.00744588
-0.00391846
0.00832264
-0.00520485
0.00898661
-0.00650782
0.00959646
-0.0078264
0.0102057
-0.0091586
0.0108268
-0.0104911
0.0114555
0.0120712
-0.000470348
0.00357564
-0.00137671
0.00687638
-0.00248739
0.00855656
-0.00368205
0.00951729
-0.00490728
0.0102118
-0.00614353
0.0108327
-0.00738318
0.0114453
-0.00861799
0.0120616
-0.00983406
0.0126716
0.0132532
-0.000414706
0.00399034
-0.00124117
0.00770285
-0.00227187
0.00958726
-0.00338983
0.0106353
-0.00453749
0.0113595
-0.00568945
0.0119847
-0.00683316
0.0125891
-0.00795867
0.0131871
-0.00905641
0.0137693
0.0143196
-0.000351163
0.00434151
-0.00108458
0.00843627
-0.00202102
0.0105237
-0.00304828
0.0116625
-0.00410479
0.012416
-0.00515987
0.0130397
-0.00619773
0.0136269
-0.00720894
0.0141983
-0.0081887
0.0147491
0.0152706
-0.000281606
0.00462311
-0.000911027
0.00906569
-0.00174088
0.0113536
-0.00266562
0.0125873
-0.00362055
0.0133709
-0.0045704
0.0139896
-0.00549709
0.0145536
-0.00639212
0.0150934
-0.00725394
0.0156109
0.0161049
-0.000208057
0.00483117
-0.000725093
0.00958272
-0.00143835
0.0120668
-0.00225117
0.0134001
-0.00309698
0.0142167
-0.00393666
0.0148293
-0.00474999
0.0153669
-0.00552876
0.0158721
-0.00627283
0.016355
0.0168203
-0.000132512
0.00496368
-0.000531573
0.00998178
-0.00112077
0.012656
-0.0018147
0.014094
-0.00254645
0.0149485
-0.00327364
0.0155565
-0.00397373
0.016067
-0.00463776
0.0165361
-0.00526536
0.0169826
0.0174161
-5.66956e-05
0.00502038
-0.000335084
0.0102602
-0.000795493
0.0131164
-0.00136596
0.0146645
-0.00198091
0.0155634
-0.00259542
0.016171
-0.00318431
0.0166559
-0.00373687
0.0170887
-0.00425122
0.0174969
0.0178943
-7.68876e-06
0.00502806
-0.000175391
0.0104279
-0.00050691
0.0134479
-0.000949807
0.0151074
-0.00144345
0.0160571
-0.00194217
0.0166697
-0.00241842
0.0171322
-0.00285915
0.0175294
-0.0032603
0.0178981
0.0182546
5.68076e-05
0.00497126
5.97815e-06
0.0104787
-0.000198452
0.0136524
-0.000514848
0.0154238
-0.000890371
0.0164326
-0.00127922
0.0170585
-0.00165129
0.0175043
-0.00199076
0.0178689
-0.00229109
0.0181984
0.0185117
0.000113778
0.00485748
0.000169902
0.0104226
9.60928e-05
0.0137262
-9.42794e-05
0.0156141
-0.000353603
0.0166919
-0.000636295
0.0173412
-0.000910215
0.0177782
-0.00115665
0.0181153
-0.00136652
0.0184083
0.0186797
0.000164074
0.0046934
0.000322938
0.0102637
0.00037151
0.0136776
0.000304236
0.0156814
0.000158548
0.0168376
-2.21904e-05
0.017522
-0.000204281
0.0179603
-0.000366434
0.0182775
-0.000496748
0.0185386
0.0187721
0.00020673
0.00448667
0.000458976
0.0100115
0.000623673
0.0135129
0.000674897
0.0156302
0.000639029
0.0168735
0.000555807
0.0176052
0.000459591
0.0180565
0.000373717
0.0183634
0.000311744
0.0186006
0.018797
0.000241267
0.00424541
0.000576155
0.00967658
0.00084846
0.0132406
0.00101238
0.0154663
0.00108185
0.016804
0.0010916
0.0175954
0.0010758
0.0180723
0.00105985
0.0183793
0.00105895
0.0186014
0.018775
0.000267643
0.00397776
0.000673362
0.00927086
0.00104314
0.0128708
0.00131247
0.015197
0.00148198
0.0166345
0.00158004
0.0174974
0.00163974
0.0180126
0.0016882
0.0183309
0.0017417
0.0185479
0.0187098
0.000286144
0.00369162
0.000750288
0.00880672
0.00120611
0.012415
0.00157218
0.0148309
0.00183544
0.0163712
0.00201674
0.0173161
0.00214742
0.0178819
0.00225709
0.0182212
0.00236522
0.0184398
0.0186018
0.000297309
0.00339431
0.00080736
0.00829667
0.00133686
0.0118855
0.00178979
0.014378
0.0021393
0.0160217
0.00239771
0.0170577
0.00259367
0.0176859
0.00276082
0.0180541
0.00293136
0.0182693
0.0184278
0.00030188
0.00309243
0.000845674
0.00775287
0.00143605
0.0112951
0.00196502
0.013849
0.00239216
0.0155946
0.00272016
0.0167297
0.00297389
0.0174322
0.00319034
0.0178376
0.0034246
0.018035
0.0181409
0.000300118
0.00279231
0.000867748
0.00718524
0.00150896
0.0106539
0.00210597
0.013252
0.00260428
0.0150963
0.00299255
0.0163414
0.00328094
0.0171438
0.00347752
0.017641
0.00355457
0.017958
0.0182759
0.000298044
0.00249427
0.000880175
0.00660311
0.00155871
0.00997536
0.00221016
0.0126005
0.00276805
0.0145384
0.00320771
0.0159017
0.00352747
0.0168241
0.00372983
0.0174387
0.00380983
0.0178779
0.0182949
0.000291368
0.0022029
0.000878693
0.00601579
0.0015837
0.00927035
0.00228065
0.0119036
0.00289388
0.0139252
0.00338813
0.0154075
0.00375421
0.016458
0.00399527
0.0171976
0.00412089
0.0177523
0.0182477
0.000281224
0.00192168
0.00086582
0.00543119
0.0015875
0.00854868
0.00232164
0.0111694
0.00298633
0.0132605
0.00353769
0.0148561
0.00395989
0.0160358
0.00425475
0.0169028
0.00443785
0.0175692
0.0181366
0.000268592
0.00165309
0.000843841
0.00485594
0.00157331
0.00781921
0.00233644
0.0104063
0.00304775
0.0125492
0.00365633
0.0142475
0.00413988
0.0155522
0.00449745
0.0165452
0.00474602
0.0173207
0.0179595
0.000254289
0.0013988
0.000814766
0.00429546
0.00154397
0.00709001
0.00232784
0.00962244
0.00307987
0.0117971
0.00374378
0.0135836
0.00429117
0.0150048
0.0047169
0.0161195
0.00503558
0.017002
0.0177153
0.000238978
0.00115982
0.000780327
0.00375411
0.00150203
0.00636831
0.00229837
0.00882609
0.0030842
0.0110113
0.00379959
0.0128683
0.00441058
0.0143938
0.0049068
0.0156232
0.00529812
0.0166107
0.0174024
0.000223184
0.000936634
0.000742003
0.00323529
0.00144976
0.00566056
0.0022504
0.00802545
0.00306211
0.0101996
0.00382315
0.0121072
0.00449481
0.0137222
0.0050611
0.015057
0.00552611
0.0161456
0.0170182
0.000207298
0.000729336
0.000701046
0.00274155
0.00138925
0.00497236
0.0021862
0.00722849
0.00301511
0.00937067
0.00381413
0.0113082
0.00454097
0.0129953
0.00517426
0.0144237
0.00571207
0.0156078
0.0165612
0.000191581
0.000537755
0.000658517
0.00227461
0.00132247
0.0043084
0.00210823
0.00644273
0.00294517
0.00853373
0.00377299
0.0104804
0.00454713
0.0122212
0.0052415
0.0137293
0.00584841
0.0150009
0.0160325
0.000171661
0.000366094
0.00060543
0.00184084
0.00123682
0.00367701
0.0020014
0.00567815
0.00283574
0.00769939
0.00368244
0.00963367
0.00449586
0.0114078
0.00524595
0.0129792
0.00591932
0.0143275
0.0154326
0.000156858
0.000209235
0.000561718
0.00143598
0.00116138
0.00307735
0.00190119
0.00493834
0.00272508
0.0068755
0.0035796
0.00877914
0.00441941
0.010568
0.00521169
0.0121869
0.00593823
0.013601
0.0147744
0.000142971
6.62648e-05
0.000519028
0.00105993
0.00108481
0.00251157
0.00179465
0.0042285
0.00259983
0.00607033
0.00345157
0.0079274
0.0043059
0.00971365
0.00512829
0.0113645
0.00589642
0.0128329
0.0140685
0.000129982
-6.37169e-05
0.00047769
0.000712218
0.00100822
0.00198104
0.00168396
0.00355275
0.00246327
0.00529102
0.00330245
0.00708822
0.0041598
0.0088563
0.005
0.0105243
0.00579733
0.0120355
0.0133273
0.000117856
-0.000181573
0.000437906
0.000392168
0.000932476
0.00148647
0.00157106
0.00291417
0.00231865
0.00454343
0.00313686
0.00627
0.00398697
0.0080062
0.00483371
0.0096776
0.00564843
0.0112208
0.0125636
0.000106517
-0.00028809
0.000399711
9.8974e-05
0.000858099
0.00102809
0.00145739
0.00231488
0.00216876
0.00383206
0.00295928
0.00547949
0.0037939
0.00717157
0.00463839
0.00883312
0.00546154
0.0103977
0.0117875
9.583e-05
-0.00038392
0.000362934
-0.00016813
0.000785169
0.000605853
0.00134367
0.00175638
0.00201535
0.00316038
0.00277294
0.00472189
0.00358614
0.00635837
0.00442333
0.00799593
0.00525187
0.00956912
0.0110023
8.56013e-05
-0.000469522
0.000327203
-0.000409732
0.000713287
0.000219769
0.00122965
0.00124002
0.00185845
0.00253158
0.00257833
0.00400201
0.00336525
0.00557145
0.00419351
0.00716767
0.00503337
0.00872926
0.0101974
7.56071e-05
-0.000545129
0.000292017
-0.000626142
0.00064169
-0.000129905
0.00111418
0.00076753
0.00169592
0.00194984
0.00237117
0.00332676
0.00312348
0.00481914
0.00393832
0.00635283
0.00480199
0.00786559
0.00934195
6.56404e-05
-0.000610769
0.000256918
-0.00081742
0.000569636
-0.000442622
0.000995836
0.00034133
0.00152411
0.00142157
0.00214112
0.00270975
0.0028342
0.00412606
0.00359712
0.00558992
0.00444695
0.00701576
0.00837487
5.57831e-05
-0.000666552
0.000221919
-0.000983555
0.000497388
-0.000718092
0.00087565
-3.69318e-05
0.00134449
0.000952724
0.00188582
0.00216842
0.00247384
0.00353804
0.00306582
0.00499794
0.00357291
0.00650866
0.00812143
4.49577e-05
-0.00071151
0.000186031
-0.00112463
0.00042483
-0.00095689
0.000755646
-0.000367748
0.00116517
0.0005432
0.00163176
0.00170183
0.0021238
0.003046
0.00259675
0.00452499
0.0029967
0.00610872
0.0077981
3.39097e-05
-0.00074542
0.000150312
-0.00124103
0.000353922
-0.0011605
0.000640647
-0.000654473
0.000997922
0.000185925
0.00140484
0.00129491
0.00183278
0.00261806
0.00224832
0.00410944
0.00262418
0.00573286
0.0074513
2.2762e-05
-0.000768182
0.000115348
-0.00133362
0.000286163
-0.00133132
0.000533721
-0.000902031
0.000847943
-0.000128297
0.00121124
0.000931616
0.00160063
0.00222867
0.00199243
0.00371764
0.00237185
0.00535344
0.00707679
1.17435e-05
-0.000779925
8.18582e-05
-0.00140373
0.000222894
-0.00147235
0.000436754
-0.00111589
0.000717029
-0.000408572
0.00105063
0.000598013
0.00142034
0.00185897
0.0018092
0.00332877
0.00220705
0.00495559
0.00666948
1.36532e-06
-0.00078129
5.07343e-05
-0.0014531
0.000165483
-0.0015871
0.000351117
-0.00130152
0.000605529
-0.000662984
0.000920579
0.000282963
0.00128425
0.00149529
0.00168389
0.00292914
0.00210975
0.00452974
0.00622431
-8.71923e-06
-0.000772571
2.30557e-05
-0.00148487
0.000115585
-0.00167963
0.000278263
-0.0014642
0.000513499
-0.000898221
0.000818109
-2.16459e-05
0.00118475
0.00112864
0.00160365
0.00251024
0.00206416
0.00406923
0.00573502
-1.69755e-05
-0.000755596
7.11233e-07
-0.00150256
7.53856e-05
-0.0017543
0.000220317
-0.00160913
0.000441799
-0.0011197
0.000741384
-0.000321232
0.00111604
0.000753992
0.00155858
0.0020677
0.00205778
0.00357003
0.00519591
-2.31714e-05
-0.000732424
-1.5435e-05
-0.0015103
4.76379e-05
-0.00181738
0.00018054
-0.00174204
0.000393058
-0.00133222
0.000691031
-0.000619204
0.00107568
0.000369342
0.0015428
0.00160058
0.00208165
0.00303118
0.004604
-2.64994e-05
-2.24318e-05
3.59416e-05
0.000163504
0.000372103
0.000671085
0.00106573
0.0015555
0.00213154
)
;

boundaryField
{
    inlet
    {
        type            calculated;
        value           uniform 0;
    }
    outlet
    {
        type            calculated;
        value           nonuniform List<scalar> 
40
(
0.0160089
0.0470348
0.0752724
0.101081
0.128928
0.159933
0.193958
0.233275
0.279671
0.322216
-0.000266618
-0.00209776
-0.00381174
-0.00539871
-0.00685591
-0.0081857
-0.00939374
-0.0104876
-0.0114759
-0.012367
-0.0131693
-0.0138907
-0.0145389
-0.0151219
-0.0156479
-0.0161254
-0.0165635
-0.0169715
-0.017359
-0.0177359
-0.0691528
-0.0760841
-0.0860039
-0.100019
-0.118533
-0.140422
-0.162709
-0.181577
-0.194508
-0.200906
)
;
    }
    cylinder
    {
        type            calculated;
        value           uniform 0;
    }
    top
    {
        type            symmetryPlane;
        value           uniform 0;
    }
    bottom
    {
        type            symmetryPlane;
        value           uniform 0;
    }
    defaultFaces
    {
        type            empty;
        value           nonuniform 0();
    }
}


// ************************************************************************* //
