/*--------------------------------*- C++ -*----------------------------------*\
  =========                 |
  \\      /  F ield         | OpenFOAM: The Open Source CFD Toolbox
   \\    /   O peration     | Website:  https://openfoam.org
    \\  /    A nd           | Version:  7
     \\/     M anipulation  |
\*---------------------------------------------------------------------------*/
FoamFile
{
    version     2.0;
    format      ascii;
    class       volVectorField;
    location    "63.3";
    object      U;
}
// * * * * * * * * * * * * * * * * * * * * * * * * * * * * * * * * * * * * * //

dimensions      [0 1 -1 0 0 0 0];

internalField   nonuniform List<vector> 
2000
(
(-0.000144344 -0.00838219 -3.86105e-22)
(-7.27636e-05 -0.0168045 0)
(0.000641217 -0.0196395 0)
(0.00218337 -0.0180728 -1.95581e-21)
(0.00454991 -0.0127614 6.18579e-22)
(0.00769909 -0.00411602 1.41113e-23)
(0.0115518 0.00753013 -1.06452e-21)
(0.0159733 0.0218063 0)
(0.0207293 0.0382335 0)
(0.0255584 0.056186 0)
(0.000437769 -0.00806316 0)
(0.00116738 -0.0167584 -1.50832e-21)
(0.00213321 -0.0201482 1.39098e-21)
(0.00355785 -0.0193261 2.6068e-21)
(0.00549982 -0.0149174 0)
(0.00798202 -0.00729922 2.33398e-21)
(0.0109962 0.00325636 -2.17041e-21)
(0.0144794 0.0164718 0)
(0.0182566 0.0319824 3.90712e-21)
(0.0220808 0.0492969 -7.5251e-21)
(0.00102539 -0.00769821 0)
(0.00260658 -0.0166068 1.21852e-20)
(0.00409507 -0.0204705 0)
(0.00566507 -0.0203231 1.07352e-20)
(0.00741897 -0.0167789 0)
(0.00943029 -0.0102042 -9.5196e-21)
(0.0117524 -0.000827446 0)
(0.0143912 0.0111615 8.42833e-21)
(0.017242 0.0255279 -7.89354e-21)
(0.0200554 0.0419443 -7.69442e-21)
(0.00164222 -0.00733686 -3.20285e-21)
(0.00430063 -0.0164039 -6.05431e-21)
(0.00660928 -0.0206237 -2.84735e-21)
(0.00861309 -0.0210229 -5.28043e-21)
(0.0104463 -0.0182275 -5.03841e-21)
(0.0122211 -0.0126202 4.68725e-21)
(0.0140404 -0.00441432 4.49339e-21)
(0.0159732 0.00626843 3.39197e-23)
(0.0179958 0.0193263 8.03342e-21)
(0.0198413 0.0346129 7.69419e-21)
(0.00232947 -0.00703636 -3.19843e-21)
(0.00631833 -0.0162026 -6.23234e-21)
(0.0097561 -0.0206302 -1.17701e-20)
(0.0124903 -0.0213966 5.40515e-21)
(0.0146839 -0.0191621 0)
(0.0164808 -0.014354 0)
(0.0180251 -0.0072031 -9.24334e-21)
(0.0194399 0.00220577 -8.71981e-21)
(0.0207908 0.0138885 8.25112e-21)
(0.0217942 0.0278777 2.36374e-20)
(0.00314199 -0.00683913 3.2386e-21)
(0.00873886 -0.0160528 3.20422e-21)
(0.0135989 -0.0205155 -1.7635e-20)
(0.0173436 -0.0214334 2.77442e-20)
(0.0201649 -0.0195208 -5.15258e-21)
(0.0222415 -0.0152693 0)
(0.0237554 -0.00895735 0)
(0.0248764 -0.000672532 4.40605e-20)
(0.0257667 0.00968847 -4.1421e-20)
(0.0261516 0.0223114 7.84797e-21)
(0.00413687 -0.0067731 2.56577e-20)
(0.0116344 -0.0159885 0)
(0.018175 -0.0203004 2.34973e-20)
(0.02316 -0.0211437 -2.21665e-20)
(0.0268268 -0.0192964 0)
(0.0294006 -0.015323 1.00167e-20)
(0.0311073 -0.00956995 -2.81558e-20)
(0.0321614 -0.00216654 -3.54976e-20)
(0.032825 0.00703629 1.67002e-20)
(0.0328842 0.018339 1.60127e-20)
(0.00537711 -0.00685156 -5.13089e-20)
(0.0150607 -0.0160105 -6.36377e-21)
(0.0234774 -0.0199949 -1.19503e-20)
(0.0298519 -0.0205571 -2.80343e-20)
(0.034496 -0.0185422 -1.06918e-20)
(0.0377017 -0.0145841 -1.01442e-20)
(0.0397519 -0.00910297 -8.53112e-23)
(0.0409106 -0.00229852 0)
(0.0415429 0.00597746 0)
(0.041566 0.0161017 2.14191e-22)
(0.00691896 -0.00705982 2.56517e-20)
(0.0190461 -0.0160892 -2.53971e-20)
(0.0294455 -0.0195942 1.77808e-20)
(0.0372517 -0.0197167 3.94763e-20)
(0.0428903 -0.0173659 -1.05348e-20)
(0.0467467 -0.0132303 1.00576e-20)
(0.0491761 -0.00778901 9.51811e-21)
(0.0504947 -0.00131609 0)
(0.0511581 0.0063018 0)
(0.0512975 0.0154524 -2.34377e-22)
(0.0088026 -0.0073563 -3.20951e-21)
(0.023578 -0.0161634 3.18473e-20)
(0.035957 -0.0190772 -5.9442e-21)
(0.0451146 -0.0186734 0)
(0.0516385 -0.0159175 0)
(0.0560428 -0.0115277 2.01148e-20)
(0.0587777 -0.00600752 0)
(0.0602175 0.000332993 -1.79079e-20)
(0.0608371 0.00755969 -1.0875e-22)
(0.0609378 0.0159254 1.6139e-20)
(0.0372189 0.0982378 2.97867e-22)
(0.052725 0.171608 -3.01413e-22)
(0.0560482 0.231499 -3.5683e-22)
(0.0535209 0.2866 -4.08748e-22)
(0.0463515 0.345138 -4.97983e-22)
(0.0409274 0.410632 -1.63189e-23)
(0.027872 0.484624 2.63522e-22)
(0.0243549 0.572941 9.23435e-22)
(0.00249229 0.693737 0)
(0.00781409 0.837229 -6.75814e-22)
(0.0314837 0.0909065 1.11457e-21)
(0.0476531 0.166671 -1.32625e-21)
(0.0522408 0.229848 2.39026e-21)
(0.0505633 0.286703 4.09444e-22)
(0.0440061 0.346096 8.86846e-22)
(0.0390477 0.412172 1.5136e-21)
(0.0266038 0.486682 -5.6476e-22)
(0.0233004 0.575485 -6.18766e-22)
(0.00236873 0.69603 1.22471e-21)
(0.0073344 0.83831 6.74211e-22)
(0.0267142 0.0825783 0)
(0.0429234 0.160025 -1.24238e-21)
(0.048745 0.226777 -6.98506e-22)
(0.0478959 0.285648 0)
(0.0419074 0.346016 -2.7266e-21)
(0.037393 0.412769 8.55745e-22)
(0.0254971 0.487888 9.65371e-22)
(0.0223656 0.577255 3.36712e-21)
(0.00229489 0.6979 -1.22074e-21)
(0.00689874 0.839184 2.45316e-21)
(0.0232839 0.073647 0)
(0.0385516 0.15168 1.25288e-21)
(0.0455514 0.222239 0)
(0.0454953 0.283399 3.17725e-21)
(0.040038 0.344882 -3.19366e-21)
(0.0359449 0.412384 -1.93908e-21)
(0.0245384 0.488133 -1.15196e-22)
(0.0215606 0.578064 -3.29165e-21)
(0.00227718 0.698977 -5.41746e-22)
(0.00648856 0.839674 -3.02051e-21)
(0.0217167 0.0646294 9.85135e-23)
(0.0346163 0.141773 -3.57686e-21)
(0.0426499 0.216203 2.02807e-22)
(0.0433362 0.279933 -2.79639e-21)
(0.0383777 0.342737 0)
(0.0346797 0.411141 -1.86089e-21)
(0.0237042 0.48767 -1.4853e-22)
(0.0208533 0.578354 4.16756e-21)
(0.00227638 0.699808 5.5285e-22)
(0.00610792 0.840068 -5.54842e-22)
(0.0225803 0.0561125 -9.84571e-21)
(0.0313 0.130628 6.22893e-21)
(0.0400333 0.208668 2.73856e-21)
(0.0413998 0.275212 -2.73711e-21)
(0.0369133 0.339493 -1.53425e-21)
(0.0335871 0.408819 0)
(0.0229972 0.486085 -3.73936e-21)
(0.0202696 0.577439 1.85777e-21)
(0.00233046 0.699528 2.0327e-21)
(0.0057389 0.839988 2.10993e-21)
(0.0262413 0.048654 -1.21971e-21)
(0.0289109 0.1188 0)
(0.0377027 0.199671 0)
(0.0396594 0.269308 0)
(0.0356238 0.335439 -1.63807e-21)
(0.0326414 0.405995 3.16736e-21)
(0.0223785 0.484297 3.6554e-21)
(0.0197282 0.576629 -5.66866e-21)
(0.00234925 0.699603 1.00276e-21)
(0.00539912 0.840044 -3.08277e-21)
(0.0325484 0.0425865 7.67027e-21)
(0.0278317 0.106981 5.20975e-21)
(0.0356923 0.189339 -5.16278e-21)
(0.0381189 0.261954 5.70193e-21)
(0.034491 0.329856 -7.09494e-21)
(0.0318449 0.401469 0)
(0.021892 0.480595 -1.66515e-21)
(0.0193493 0.573712 7.27865e-23)
(0.00247003 0.697774 -1.83115e-21)
(0.00505815 0.839402 -1.90392e-21)
(0.0405458 0.037685 -6.60732e-21)
(0.0283577 0.095297 0)
(0.0340132 0.17794 -5.95842e-21)
(0.0367545 0.254294 1.08453e-20)
(0.0335361 0.324828 -4.06724e-21)
(0.0311503 0.398133 -7.56066e-22)
(0.0214145 0.478519 1.66161e-21)
(0.0188786 0.57276 6.72483e-24)
(0.00243721 0.697764 2.65004e-21)
(0.00475076 0.839325 2.77245e-21)
(0.0482347 0.0341019 -5.40942e-21)
(0.0304513 0.0836425 5.27887e-21)
(0.0329258 0.163142 6.51167e-22)
(0.0354689 0.241738 0)
(0.0325935 0.31452 0)
(0.0306476 0.389464 7.34698e-22)
(0.0212037 0.471144 3.11753e-21)
(0.0187898 0.566689 -3.0276e-21)
(0.00268333 0.693725 -8.09274e-22)
(0.00442614 0.838065 7.83961e-22)
(0.0571488 0.0387311 0)
(0.0350872 0.0776443 0)
(0.0331704 0.152996 0)
(0.0346641 0.236668 0)
(0.0312852 0.313422 0)
(0.0288548 0.390546 0)
(0.0197346 0.473173 0)
(0.0171427 0.569889 0)
(0.00208868 0.69651 0)
(0.00376503 0.838344 0)
(0.0660906 0.0667791 0)
(0.0433353 0.10075 0)
(0.0329618 0.160159 0)
(0.0326166 0.239618 0)
(0.0290671 0.317775 0)
(0.0262453 0.396874 0)
(0.0180776 0.481405 0)
(0.015503 0.579817 0)
(0.00196739 0.705811 0)
(0.00320128 0.842932 0)
(0.0690182 0.0794161 0)
(0.0517336 0.118057 0)
(0.0360751 0.169328 0)
(0.0324272 0.243534 0)
(0.0287363 0.321531 0)
(0.0252102 0.400646 0)
(0.017031 0.485382 0)
(0.0139529 0.58432 0)
(0.00157839 0.709683 0)
(0.00265768 0.843018 0)
(0.0672951 0.086763 0)
(0.0568009 0.132768 0)
(0.0402119 0.180541 0)
(0.0323048 0.249346 0)
(0.0275961 0.327416 0)
(0.024087 0.408028 0)
(0.0167484 0.494278 0)
(0.0135173 0.594339 0)
(0.00205531 0.718904 0)
(0.00244319 0.847595 0)
(0.0632392 0.0899261 0)
(0.0583897 0.14431 0)
(0.0442866 0.192149 0)
(0.0345412 0.255645 0)
(0.0285199 0.331506 0)
(0.0237242 0.411293 0)
(0.016065 0.497292 0)
(0.0125228 0.597491 0)
(0.00192843 0.721389 0)
(0.00212921 0.847047 0)
(0.0570176 0.0897283 0)
(0.0566349 0.152298 0)
(0.0455967 0.203317 0)
(0.0348082 0.263567 0)
(0.0284595 0.338335 0)
(0.0240787 0.419477 0)
(0.0168874 0.506818 0)
(0.0128402 0.607879 0)
(0.00269404 0.730679 0)
(0.00208876 0.851779 0)
(0.049086 0.0864464 0)
(0.0527674 0.156349 0)
(0.0469535 0.213471 0)
(0.0371372 0.272367 0)
(0.0291711 0.343328 0)
(0.0234958 0.422246 0)
(0.0162282 0.508855 0)
(0.0121652 0.609772 0)
(0.00265134 0.732056 0)
(0.00190937 0.851032 0)
(0.0397067 0.0800905 0)
(0.0461082 0.154963 0)
(0.0441199 0.217925 0)
(0.0371213 0.279683 0)
(0.0305674 0.352069 0)
(0.025189 0.432496 0)
(0.0177791 0.520044 0)
(0.0129009 0.621403 0)
(0.0035824 0.742157 0)
(0.00197506 0.856427 0)
(0.0320162 0.073735 0)
(0.0419257 0.15458 0)
(0.0440862 0.224411 0)
(0.0382018 0.286781 0)
(0.0305237 0.355852 0)
(0.0244594 0.433985 0)
(0.0172551 0.520965 0)
(0.0125134 0.622166 0)
(0.00356145 0.742753 0)
(0.00188786 0.8559 0)
(0.0210273 0.0548031 0)
(0.0331795 0.138512 0)
(0.0407134 0.218802 0)
(0.0402305 0.29234 0)
(0.0344661 0.367155 0)
(0.0277048 0.447142 0)
(0.0195395 0.534445 0)
(0.0136155 0.635635 0)
(0.00465855 0.754154 0)
(0.00201239 0.862215 0)
(0.073042 0.0295502 4.95753e-21)
(0.0761936 0.0446899 -4.873e-21)
(0.0740136 0.0496905 4.46492e-22)
(0.0693986 0.0512469 0)
(0.0632523 0.0498263 0)
(0.0550785 0.0462472 1.504e-22)
(0.0452753 0.0406416 -2.10833e-22)
(0.0344066 0.0327236 2.07308e-22)
(0.0250206 0.0255122 -1.76963e-23)
(0.0145715 0.00828686 1.74577e-23)
(0.0772252 0.0257993 -6.34643e-21)
(0.077248 0.035357 0)
(0.0733233 0.0369593 2.56498e-21)
(0.0678182 0.0361407 -5.16809e-21)
(0.0611028 0.0328983 2.62518e-21)
(0.0525324 0.0279995 -1.47467e-22)
(0.0424714 0.0214688 1.33735e-22)
(0.031595 0.0130304 4.87668e-23)
(0.0217483 0.00549871 -4.18092e-23)
(0.0116353 -0.0106146 -4.40817e-23)
(0.0796555 0.0211462 7.17431e-21)
(0.0772587 0.0256753 -3.53568e-21)
(0.0722477 0.0242906 3.50165e-21)
(0.0661036 0.0212397 -2.06188e-21)
(0.0588988 0.0161904 1.60538e-21)
(0.0499544 0.00994647 0)
(0.0396513 0.00246169 -1.3404e-22)
(0.0288034 -0.00637679 -4.98468e-24)
(0.0186243 -0.0141406 8.39056e-24)
(0.00946496 -0.0285587 6.33971e-23)
(0.0808357 0.0147205 -1.10926e-21)
(0.0763852 0.014831 0)
(0.070646 0.0109801 0)
(0.0640184 0.00602444 0)
(0.056449 -0.000596017 1.03616e-21)
(0.0472439 -0.00798182 -6.41605e-22)
(0.0368162 -0.0162491 4.32644e-23)
(0.0260513 -0.0252738 1.5479e-23)
(0.0158361 -0.0330615 1.49471e-23)
(0.00747179 -0.0454682 3.00387e-23)
(0.080689 0.00646424 -6.14426e-22)
(0.074582 0.00284767 -2.95632e-21)
(0.0684199 -0.00302442 -1.25849e-21)
(0.0614439 -0.00954468 1.25757e-21)
(0.0536453 -0.0174526 -3.89579e-22)
(0.0443011 -0.0257035 0)
(0.0338951 -0.0344931 -1.16669e-22)
(0.0233173 -0.0434551 3.94963e-23)
(0.0133517 -0.0509941 -1.10037e-23)
(0.00573468 -0.0613054 -4.54608e-23)
(0.0793465 -0.00336322 -7.94738e-21)
(0.0720221 -0.00997395 1.29543e-21)
(0.0656892 -0.017521 3.23744e-22)
(0.0584911 -0.0252899 1.216e-21)
(0.0505701 -0.0342031 0)
(0.0412017 -0.0430277 0)
(0.030944 -0.0520657 0)
(0.0206774 -0.0607253 3.70814e-23)
(0.0111648 -0.0677605 0)
(0.00431962 -0.076051 0)
(0.0769817 -0.014395 0)
(0.0688575 -0.0232662 2.31491e-21)
(0.0625589 -0.0322303 -1.5005e-21)
(0.0552456 -0.0409435 -8.7723e-22)
(0.0473037 -0.0505976 8.81725e-22)
(0.0380341 -0.059727 1.73652e-22)
(0.0280481 -0.0687585 -2.17782e-22)
(0.0182066 -0.0769119 -1.74322e-22)
(0.00928533 -0.083253 1.34848e-23)
(0.00321049 -0.0897053 1.54004e-23)
(0.0737208 -0.0262534 0)
(0.0652374 -0.0366698 -8.15057e-22)
(0.0591114 -0.0468569 -3.31819e-22)
(0.0517753 -0.0562222 0)
(0.0439357 -0.0663807 1.14197e-22)
(0.0348815 -0.0755742 -4.18572e-22)
(0.0252744 -0.084384 1.67563e-22)
(0.0159549 -0.0918831 1.07996e-24)
(0.00770886 -0.0974224 -8.06266e-24)
(0.00236444 -0.102285 -1.77493e-23)
(0.0696885 -0.0385724 1.03171e-21)
(0.0612801 -0.0498744 7.31997e-22)
(0.0554257 -0.0611157 -2.41393e-22)
(0.0481721 -0.0708639 1.28472e-22)
(0.0405436 -0.0813162 1.83406e-22)
(0.0318136 -0.0903728 1.80165e-22)
(0.0226734 -0.0987955 -3.59904e-23)
(0.0139501 -0.105557 -1.70197e-23)
(0.0064133 -0.110268 8.08902e-24)
(0.00173435 -0.113815 -5.84138e-25)
(0.0650666 -0.0510086 -2.20095e-22)
(0.0570709 -0.0626233 2.22108e-22)
(0.0515814 -0.0747653 -1.65831e-22)
(0.0445205 -0.0846493 -1.28276e-22)
(0.0371957 -0.0952123 7.85706e-23)
(0.0288875 -0.103978 -1.4096e-22)
(0.0202797 -0.111901 5.00048e-23)
(0.0121995 -0.117905 2.90766e-24)
(0.00536493 -0.121825 0)
(0.00127402 -0.12433 5.85329e-25)
(0.0600721 -0.0632883 2.23627e-22)
(0.0527376 -0.0747214 -2.2554e-22)
(0.0476803 -0.0876151 -1.71156e-22)
(0.0409182 -0.0974188 -1.33652e-22)
(0.0339639 -0.107936 -8.18587e-23)
(0.0261546 -0.116308 1.40247e-23)
(0.0181159 -0.123665 2.73988e-23)
(0.0106958 -0.128947 3.96083e-23)
(0.0045252 -0.132156 0)
(0.000941512 -0.133866 -2.50814e-24)
(0.0549339 -0.0752114 0)
(0.0484285 -0.0860394 -7.62907e-22)
(0.0438351 -0.0995293 1.29163e-21)
(0.0374671 -0.10908 1.33848e-22)
(0.0309155 -0.119415 2.07514e-22)
(0.0236559 -0.127342 2.1405e-22)
(0.0161923 -0.134108 -4.31158e-23)
(0.00942113 -0.138742 -2.37065e-23)
(0.00385595 -0.141342 2.70386e-23)
(0.000701993 -0.142471 2.502e-24)
(0.0498379 -0.0866461 0)
(0.0442622 -0.0965188 -8.70333e-22)
(0.0401262 -0.110428 -3.52431e-22)
(0.0342375 -0.119611 0)
(0.0280909 -0.129639 -5.68713e-22)
(0.0214085 -0.13712 2.1788e-22)
(0.0145035 -0.143294 1.27061e-22)
(0.00834941 -0.147379 2.01343e-22)
(0.00332245 -0.149474 -2.69504e-23)
(0.000528402 -0.150198 1.98358e-23)
(0.0449237 -0.0975168 0)
(0.0403236 -0.106175 8.77538e-22)
(0.036602 -0.120284 0)
(0.0312668 -0.129056 1.02412e-21)
(0.0255062 -0.138656 -1.02944e-21)
(0.0194087 -0.14573 -2.65086e-22)
(0.0130327 -0.151328 6.18346e-23)
(0.00745074 -0.154974 -2.10068e-22)
(0.00289524 -0.156656 -3.83536e-23)
(0.000400455 -0.157116 -3.09428e-23)
(0.0403012 -0.107792 8.83619e-21)
(0.036684 -0.115099 -3.3157e-21)
(0.0333 -0.129118 -3.16812e-22)
(0.0285757 -0.137517 -1.3752e-21)
(0.0231685 -0.146559 0)
(0.0176424 -0.153297 -2.8352e-22)
(0.0117591 -0.158338 9.79754e-23)
(0.00669614 -0.161654 3.23137e-22)
(0.00255112 -0.163 1.28263e-23)
(0.000303602 -0.163307 -1.28073e-23)
(0.0360427 -0.117459 7.15428e-22)
(0.0334046 -0.123448 5.18235e-21)
(0.0302564 -0.13699 1.43305e-21)
(0.0261736 -0.145137 -1.43219e-21)
(0.0210828 -0.153477 -4.99664e-22)
(0.0160919 -0.159969 0)
(0.0106631 -0.16447 -4.56801e-22)
(0.0060606 -0.167555 2.44004e-22)
(0.00227304 -0.168625 1.20943e-22)
(0.000227782 -0.168863 3.07585e-23)
(0.0322033 -0.12649 -1.23586e-21)
(0.0305597 -0.13144 0)
(0.0275277 -0.143991 0)
(0.024072 -0.15208 0)
(0.0192624 -0.159567 -3.91321e-22)
(0.014744 -0.165904 8.9001e-22)
(0.00973033 -0.169877 4.71342e-22)
(0.00552529 -0.172816 -5.54358e-22)
(0.00204954 -0.173654 3.14351e-23)
(0.000166032 -0.173887 -6.15534e-23)
(0.0287955 -0.134797 -2.84068e-21)
(0.0281884 -0.139324 3.86719e-21)
(0.0251536 -0.150237 -3.83077e-21)
(0.0222545 -0.158509 2.48425e-21)
(0.0177064 -0.164996 -3.01378e-21)
(0.0135771 -0.171259 0)
(0.00894359 -0.174711 -2.88656e-22)
(0.00507286 -0.17757 -1.34541e-23)
(0.00187156 -0.178207 -1.05347e-22)
(0.000112431 -0.178488 -3.61476e-23)
(0.0254382 -0.142158 -1.34056e-21)
(0.0259507 -0.147347 0)
(0.0229469 -0.155874 -3.80056e-21)
(0.0205228 -0.164577 5.91021e-21)
(0.0162913 -0.169942 -2.03249e-21)
(0.012492 -0.176189 -2.16803e-22)
(0.00824187 -0.179121 2.87999e-22)
(0.00466603 -0.181946 3.52506e-23)
(0.00172293 -0.182405 2.17593e-22)
(6.26065e-05 -0.182775 7.15297e-23)
(0.0221154 -0.148028 -5.44167e-21)
(0.0236704 -0.155732 5.31476e-21)
(0.0209319 -0.161123 4.90588e-22)
(0.0188446 -0.170445 0)
(0.014997 -0.174606 0)
(0.0114784 -0.180863 2.23325e-22)
(0.00761364 -0.183268 5.35858e-22)
(0.00429977 -0.186077 -5.25807e-22)
(0.00160025 -0.186367 -3.97253e-23)
(3.33381e-05 -0.186862 3.88449e-23)
(0.0227292 -0.15606 0)
(0.0238903 -0.175461 0)
(0.0206357 -0.172845 0)
(0.018081 -0.184007 0)
(0.0142939 -0.185455 0)
(0.0106894 -0.191851 0)
(0.0071194 -0.193004 0)
(0.00398429 -0.195765 0)
(0.00156037 -0.195584 0)
(7.29973e-05 -0.196329 0)
(0.018368 -0.186377 0)
(0.0155928 -0.205919 0)
(0.0138646 -0.198714 0)
(0.0114005 -0.209423 0)
(0.00924983 -0.207526 0)
(0.00679064 -0.213369 0)
(0.00466531 -0.212583 0)
(0.00264515 -0.215109 0)
(0.00113901 -0.21409 0)
(0.000100657 -0.215034 0)
(0.0181973 -0.219754 0)
(0.01451 -0.239278 0)
(0.0123003 -0.228933 0)
(0.00956036 -0.2397 0)
(0.00764884 -0.235324 0)
(0.00541354 -0.241242 0)
(0.00380853 -0.238939 0)
(0.00216889 -0.241624 0)
(0.00105043 -0.239815 0)
(0.00011086 -0.241068 0)
(0.0173241 -0.259818 0)
(0.0130769 -0.280155 0)
(0.0108866 -0.267468 0)
(0.00807568 -0.278966 0)
(0.00648422 -0.272577 0)
(0.00446017 -0.279102 0)
(0.00327468 -0.275456 0)
(0.00187587 -0.278643 0)
(0.00102397 -0.276011 0)
(0.000108862 -0.277744 0)
(0.0165239 -0.309542 0)
(0.0120798 -0.330481 0)
(0.0098586 -0.316699 0)
(0.00702883 -0.329067 0)
(0.00564152 -0.321373 0)
(0.00376438 -0.32875 0)
(0.00286552 -0.324067 0)
(0.00160829 -0.32796 0)
(0.000956097 -0.324588 0)
(7.44246e-05 -0.326974 0)
(0.0152502 -0.368744 0)
(0.0108373 -0.388384 0)
(0.00879015 -0.375751 0)
(0.00600406 -0.388029 0)
(0.00484334 -0.38037 0)
(0.0030634 -0.388101 0)
(0.00237967 -0.38309 0)
(0.00119683 -0.387466 0)
(0.000742087 -0.383739 0)
(-1.56248e-05 -0.386687 0)
(0.0129563 -0.431358 0)
(0.00900283 -0.447264 0)
(0.00729163 -0.438217 0)
(0.00478997 -0.448689 0)
(0.00386292 -0.442729 0)
(0.00224192 -0.449603 0)
(0.00170692 -0.445315 0)
(0.000625382 -0.449383 0)
(0.000381789 -0.446003 0)
(-0.000126879 -0.448991 0)
(0.00977624 -0.486767 0)
(0.00671649 -0.497765 0)
(0.00537035 -0.493433 0)
(0.00341947 -0.500801 0)
(0.00269912 -0.497502 0)
(0.00139205 -0.50237 0)
(0.00096039 -0.499576 0)
(9.32928e-05 -0.502456 0)
(3.20936e-05 -0.500036 0)
(-0.000185613 -0.502308 0)
(0.00601758 -0.526114 0)
(0.00405484 -0.532802 0)
(0.0032248 -0.532455 0)
(0.00199441 -0.536815 0)
(0.00154856 -0.53597 0)
(0.000691771 -0.538646 0)
(0.000403231 -0.537379 0)
(-0.000160182 -0.538803 0)
(-0.000124502 -0.537472 0)
(-0.000159433 -0.538674 0)
(0.00200763 -0.545897 0)
(0.0012958 -0.550445 0)
(0.00106291 -0.552274 0)
(0.000635712 -0.55488 0)
(0.000508178 -0.555383 0)
(0.000198854 -0.556717 0)
(0.000105946 -0.556343 0)
(-9.81063e-05 -0.556849 0)
(-6.63248e-05 -0.5562 0)
(-6.35462e-05 -0.556682 0)
(0.021535 -0.167564 6.34141e-21)
(0.0196803 -0.198899 -6.21813e-21)
(0.0204018 -0.23399 8.00782e-22)
(0.01974 -0.275397 0)
(0.0190425 -0.325132 0)
(0.017518 -0.382191 9.1651e-22)
(0.0149006 -0.440482 -3.92667e-21)
(0.01133 -0.490777 3.8784e-21)
(0.00710471 -0.525929 1.05423e-21)
(0.00242372 -0.543484 -1.03801e-21)
(0.0214913 -0.173144 -7.46213e-21)
(0.0205334 -0.204129 0)
(0.0214466 -0.23922 5.40462e-21)
(0.020839 -0.280692 -1.24493e-20)
(0.0201556 -0.330167 7.97201e-21)
(0.0185139 -0.386317 -8.41187e-22)
(0.0157627 -0.443038 1.86752e-21)
(0.0120291 -0.491624 3.9327e-21)
(0.00759236 -0.525448 1.10604e-21)
(0.00260198 -0.542407 1.07376e-21)
(0.0218616 -0.178912 8.72643e-21)
(0.0218184 -0.20971 -5.98774e-21)
(0.0227918 -0.244496 5.93109e-21)
(0.0221869 -0.285695 -6.58806e-21)
(0.0214564 -0.334678 4.87824e-21)
(0.0196463 -0.389775 0)
(0.0167062 -0.444926 -1.8721e-21)
(0.0127499 -0.491924 9.71931e-23)
(0.00804939 -0.524609 -2.06288e-21)
(0.00274807 -0.541104 -2.10746e-21)
(0.0226628 -0.183992 -1.41215e-21)
(0.0234475 -0.214862 0)
(0.0244189 -0.24948 0)
(0.0237885 -0.290434 0)
(0.02296 -0.338918 5.41343e-21)
(0.020944 -0.392964 -3.61784e-21)
(0.0177692 -0.446591 -2.27157e-23)
(0.0135317 -0.492035 -2.20474e-21)
(0.00851352 -0.523581 -1.13006e-21)
(0.00288196 -0.539533 -1.20778e-21)
(0.0239753 -0.188503 1.21213e-22)
(0.0253836 -0.219297 -4.26189e-21)
(0.0262877 -0.253782 -3.23154e-21)
(0.0256103 -0.294563 3.22955e-21)
(0.0246458 -0.342613 -1.77135e-21)
(0.0224031 -0.395707 0)
(0.0189685 -0.447951 -2.06254e-21)
(0.0144121 -0.491958 4.50249e-21)
(0.00903408 -0.522404 -2.30309e-21)
(0.00303201 -0.537764 2.36543e-21)
(0.02585 -0.192568 -1.13598e-20)
(0.0276528 -0.223069 1.24209e-21)
(0.0284093 -0.257306 -2.24193e-22)
(0.0276454 -0.297892 3.31702e-21)
(0.0265047 -0.345526 0)
(0.0240159 -0.397766 0)
(0.0203031 -0.448805 0)
(0.0154029 -0.491562 2.41083e-21)
(0.0096335 -0.521037 0)
(0.00321342 -0.535851 0)
(0.0283004 -0.196087 0)
(0.0302792 -0.226182 4.66463e-21)
(0.0308177 -0.26006 -3.15043e-21)
(0.0299131 -0.300393 -3.7064e-21)
(0.0285506 -0.347593 3.7257e-21)
(0.0257893 -0.399051 2.20326e-21)
(0.0217731 -0.449047 -2.18751e-21)
(0.0165026 -0.490757 -8.61003e-21)
(0.0103115 -0.519434 6.13172e-22)
(0.00342841 -0.533804 -2.09279e-21)
(0.0313335 -0.198907 0)
(0.0332703 -0.228552 -1.51782e-21)
(0.0335382 -0.262014 -8.53637e-22)
(0.0324344 -0.302062 0)
(0.0308059 -0.348823 1.07565e-21)
(0.0277408 -0.39957 -3.24956e-21)
(0.0233875 -0.448672 3.60098e-21)
(0.0177114 -0.489521 1.28201e-21)
(0.0110627 -0.517569 -1.40127e-21)
(0.00367479 -0.531605 2.77702e-21)
(0.0349601 -0.20091 1.38041e-21)
(0.0366295 -0.230095 1.64381e-21)
(0.0365846 -0.263103 -3.67007e-22)
(0.0352218 -0.302878 4.85393e-22)
(0.0332887 -0.349218 1.02827e-21)
(0.0298872 -0.399349 1.71775e-21)
(0.0251585 -0.447708 -6.43692e-22)
(0.0190341 -0.487871 -6.94192e-22)
(0.011885 -0.51544 1.40589e-21)
(0.00395117 -0.529238 7.61202e-22)
(0.0391909 -0.201998 -3.81671e-22)
(0.0403619 -0.230769 3.851e-22)
(0.0399679 -0.263273 -4.39218e-22)
(0.0382818 -0.302811 -4.84777e-22)
(0.0360114 -0.348763 5.71496e-22)
(0.0322409 -0.398391 -1.16576e-21)
(0.0270986 -0.446168 9.84564e-22)
(0.0204806 -0.485818 3.51304e-22)
(0.0127826 -0.513048 0)
(0.00425903 -0.526691 -7.62897e-22)
(0.0440335 -0.202093 3.9115e-22)
(0.0444704 -0.230567 -3.94815e-22)
(0.0436992 -0.262493 -4.71196e-22)
(0.0416189 -0.301854 -5.2315e-22)
(0.038984 -0.34745 -5.95986e-22)
(0.0348095 -0.396708 -4.01213e-23)
(0.0292152 -0.44407 3.46897e-22)
(0.0220557 -0.483378 1.11778e-21)
(0.0137581 -0.5104 0)
(0.00459927 -0.523961 -8.31881e-22)
(0.0494917 -0.20117 0)
(0.0489547 -0.229494 -1.80688e-21)
(0.0477876 -0.260773 3.27195e-21)
(0.0452344 -0.300012 5.24046e-22)
(0.0422168 -0.345278 1.21122e-21)
(0.0376009 -0.394288 1.97972e-21)
(0.0315206 -0.441395 -7.02528e-22)
(0.0237725 -0.480534 -7.58037e-22)
(0.0148207 -0.507484 1.67436e-21)
(0.00497504 -0.521042 8.29937e-22)
(0.055566 -0.199281 0)
(0.0538116 -0.227538 -1.7848e-21)
(0.0522399 -0.258157 -9.82352e-22)
(0.0491343 -0.297306 0)
(0.0457159 -0.342296 -3.80815e-21)
(0.0406178 -0.391172 1.27398e-21)
(0.0340138 -0.438187 1.50744e-21)
(0.0256258 -0.47732 4.85878e-21)
(0.0159651 -0.504304 -1.66893e-21)
(0.00538342 -0.517925 3.59992e-21)
(0.0622547 -0.196547 0)
(0.0590418 -0.224689 1.80006e-21)
(0.0570419 -0.254821 0)
(0.053317 -0.293712 4.87917e-21)
(0.0494904 -0.338511 -4.90418e-21)
(0.0438738 -0.387324 -2.97509e-21)
(0.0367124 -0.434395 -6.37277e-23)
(0.0276423 -0.473678 -4.99833e-21)
(0.0172115 -0.500819 -8.33169e-22)
(0.00582921 -0.51458 -4.47767e-21)
(0.0695456 -0.193153 1.31544e-20)
(0.0646336 -0.220892 -5.03036e-21)
(0.0622079 -0.250739 5.09221e-22)
(0.057824 -0.289235 -4.57656e-21)
(0.053525 -0.333969 0)
(0.0473672 -0.382827 -3.10121e-21)
(0.0396032 -0.430114 -2.52668e-22)
(0.0298018 -0.469695 6.78804e-21)
(0.0185415 -0.497098 9.29299e-22)
(0.00630259 -0.511045 -9.32832e-22)
(0.0773394 -0.189102 -1.227e-21)
(0.0706393 -0.21618 9.35806e-21)
(0.0676879 -0.245863 4.7592e-21)
(0.0626434 -0.284024 -4.75594e-21)
(0.0578312 -0.328659 -2.84593e-21)
(0.0511201 -0.377597 0)
(0.0427249 -0.425204 -6.93339e-21)
(0.0321524 -0.465241 3.47672e-21)
(0.0199969 -0.493061 3.70817e-21)
(0.00682253 -0.507263 3.97763e-21)
(0.0855791 -0.184393 -1.80847e-21)
(0.0770502 -0.210786 0)
(0.0734433 -0.240388 0)
(0.0677507 -0.278284 0)
(0.0623894 -0.322875 -3.26961e-21)
(0.0550872 -0.372016 6.10497e-21)
(0.0460027 -0.420068 7.06166e-21)
(0.0346019 -0.460626 -1.11087e-20)
(0.021502 -0.488872 1.98604e-21)
(0.00735017 -0.50333 -5.90764e-21)
(0.0941285 -0.179124 -2.8067e-21)
(0.0838624 -0.20461 9.16383e-21)
(0.079475 -0.234152 -9.07635e-21)
(0.0731784 -0.271642 1.15298e-20)
(0.0672704 -0.316063 -1.4493e-20)
(0.0593936 -0.365347 0)
(0.0496186 -0.413941 -3.69022e-21)
(0.0373538 -0.455273 -1.5007e-22)
(0.0232186 -0.484213 -4.12592e-21)
(0.0079603 -0.499039 -4.20321e-21)
(0.102757 -0.174096 -1.92289e-21)
(0.0909348 -0.198489 0)
(0.0855941 -0.228247 -1.2052e-20)
(0.0787103 -0.265517 2.26321e-20)
(0.0722107 -0.310015 -8.74548e-21)
(0.0636967 -0.35959 -1.74966e-21)
(0.0531564 -0.408647 3.68228e-21)
(0.0399872 -0.450436 -1.83799e-22)
(0.0248301 -0.479722 6.02336e-21)
(0.00849884 -0.494756 6.22011e-21)
(0.11187 -0.16678 -8.58239e-21)
(0.0993655 -0.189446 8.40568e-21)
(0.092693 -0.219243 1.28275e-21)
(0.0851548 -0.256025 0)
(0.0780208 -0.300384 0)
(0.0689043 -0.350369 1.70943e-21)
(0.057599 -0.400533 7.7948e-21)
(0.0434224 -0.443756 -7.62005e-21)
(0.0270042 -0.474225 -2.0829e-21)
(0.00927784 -0.489758 2.04773e-21)
(0.123205 -0.167553 0)
(0.117531 -0.186347 0)
(0.107286 -0.217345 0)
(0.0981773 -0.253477 0)
(0.0894711 -0.296858 0)
(0.0785875 -0.34515 0)
(0.0653473 -0.393268 0)
(0.0490685 -0.434565 0)
(0.0303923 -0.463859 0)
(0.0101969 -0.479195 0)
(0.144656 -0.152357 0)
(0.148865 -0.176281 0)
(0.13288 -0.210452 0)
(0.123193 -0.246137 0)
(0.111699 -0.288642 0)
(0.0976798 -0.334465 0)
(0.0808895 -0.37912 0)
(0.0606205 -0.416662 0)
(0.0376662 -0.442476 0)
(0.0131333 -0.454906 0)
(0.174383 -0.137663 0)
(0.182625 -0.163497 0)
(0.160532 -0.197397 0)
(0.151283 -0.231649 0)
(0.135884 -0.272702 0)
(0.118184 -0.315352 0)
(0.0971094 -0.356537 0)
(0.0722427 -0.391346 0)
(0.0444378 -0.416171 0)
(0.0146159 -0.429796 0)
(0.21154 -0.127433 0)
(0.221302 -0.152736 0)
(0.193163 -0.185255 0)
(0.185108 -0.218367 0)
(0.164294 -0.257734 0)
(0.142697 -0.296494 0)
(0.11656 -0.333735 0)
(0.0863792 -0.364376 0)
(0.0533149 -0.385036 0)
(0.0187685 -0.394116 0)
(0.255441 -0.114259 0)
(0.26336 -0.137335 0)
(0.229912 -0.167358 0)
(0.22193 -0.197877 0)
(0.193 -0.232922 0)
(0.166979 -0.266105 0)
(0.134346 -0.29908 0)
(0.0984263 -0.326576 0)
(0.059678 -0.347123 0)
(0.0187716 -0.360201 0)
(0.307155 -0.1048 0)
(0.31105 -0.124928 0)
(0.273536 -0.152837 0)
(0.263437 -0.179487 0)
(0.225268 -0.209883 0)
(0.196136 -0.238465 0)
(0.156215 -0.267828 0)
(0.114213 -0.290839 0)
(0.0698176 -0.306699 0)
(0.0257962 -0.311204 0)
(0.36072 -0.0857597 0)
(0.356369 -0.101507 0)
(0.315935 -0.124792 0)
(0.299817 -0.145004 0)
(0.252742 -0.169519 0)
(0.220085 -0.192195 0)
(0.169219 -0.215634 0)
(0.121342 -0.234458 0)
(0.070499 -0.25304 0)
(0.0181082 -0.271956 0)
(0.415811 -0.0724923 0)
(0.403329 -0.0836854 0)
(0.363566 -0.102733 0)
(0.339476 -0.117457 0)
(0.289195 -0.138175 0)
(0.25146 -0.155895 0)
(0.192717 -0.176097 0)
(0.141221 -0.193804 0)
(0.0843654 -0.211445 0)
(0.039398 -0.209588 0)
(0.456995 -0.0393706 0)
(0.438292 -0.0446239 0)
(0.389189 -0.0560845 0)
(0.356576 -0.0631604 0)
(0.296526 -0.0756658 0)
(0.249178 -0.0838976 0)
(0.177054 -0.0955969 0)
(0.115637 -0.105795 0)
(0.046289 -0.126631 0)
(-0.0274805 -0.176181 0)
(0.682736 -0.0199547 0)
(0.65907 -0.0231662 0)
(0.615696 -0.0280891 0)
(0.578775 -0.0324588 0)
(0.522691 -0.0391756 0)
(0.470467 -0.0458012 0)
(0.397431 -0.0562766 0)
(0.321709 -0.0707738 0)
(0.220782 -0.0995884 0)
(0.155904 -0.156665 0)
(0.147894 -0.14867 8.84235e-21)
(0.172164 -0.132823 -8.71146e-21)
(0.202699 -0.118865 1.39854e-21)
(0.23955 -0.109102 0)
(0.283209 -0.0973364 0)
(0.332712 -0.0888643 2.10246e-21)
(0.384595 -0.0721528 -1.00216e-20)
(0.436106 -0.0615199 9.90126e-21)
(0.483974 -0.032738 2.82869e-21)
(0.704195 -0.0172833 -2.85525e-21)
(0.155734 -0.140644 -8.38475e-21)
(0.179694 -0.12456 0)
(0.209636 -0.111232 9.9109e-21)
(0.246553 -0.101809 -2.38972e-20)
(0.290324 -0.0906277 1.60685e-20)
(0.339673 -0.0825664 -1.94646e-21)
(0.391489 -0.0667281 4.25413e-21)
(0.442641 -0.0571588 9.55832e-21)
(0.493777 -0.030111 2.62484e-21)
(0.712446 -0.0161432 2.58503e-21)
(0.162553 -0.131762 9.71663e-21)
(0.185954 -0.115857 -9.43724e-21)
(0.21493 -0.103403 9.34796e-21)
(0.251678 -0.0944791 -1.27049e-20)
(0.295332 -0.0839565 9.22395e-21)
(0.344648 -0.076421 0)
(0.396527 -0.0615518 -4.26447e-21)
(0.447921 -0.0531302 -7.5251e-23)
(0.502224 -0.0277661 -4.94726e-21)
(0.720014 -0.0150565 -5.17396e-21)
(0.169424 -0.122305 -1.66812e-21)
(0.192705 -0.106887 0)
(0.221099 -0.0954125 0)
(0.257481 -0.0870828 0)
(0.300918 -0.0772832 1.04283e-20)
(0.350046 -0.0703881 -7.0967e-21)
(0.401825 -0.056582 -2.65231e-22)
(0.453302 -0.0493399 -4.86381e-21)
(0.510129 -0.0256615 -2.48344e-21)
(0.727208 -0.0140507 -2.53127e-21)
(0.175756 -0.112473 1.53366e-21)
(0.199092 -0.0978368 -5.2618e-21)
(0.2272 -0.0873624 -5.27628e-21)
(0.26332 -0.0796811 5.273e-21)
(0.306611 -0.0706665 -3.28478e-21)
(0.355659 -0.06448 0)
(0.407315 -0.051775 -4.17243e-21)
(0.458805 -0.0456889 9.30337e-21)
(0.517701 -0.0237148 -4.68269e-21)
(0.734051 -0.0131173 5.06321e-21)
(0.181311 -0.102304 -1.25626e-20)
(0.204621 -0.0887413 7.40879e-22)
(0.232435 -0.0793084 -7.90844e-22)
(0.268464 -0.0723262 5.16873e-21)
(0.311618 -0.0641545 0)
(0.360741 -0.0587402 0)
(0.412347 -0.0471367 0)
(0.463983 -0.0421578 4.46213e-21)
(0.524753 -0.0218809 0)
(0.740435 -0.0122444 0)
(0.18604 -0.0918184 0)
(0.209259 -0.0795795 6.18334e-21)
(0.236728 -0.0712453 -4.27727e-21)
(0.272675 -0.0650264 -5.88117e-21)
(0.315707 -0.0577462 5.91175e-21)
(0.364969 -0.0531668 3.79661e-21)
(0.416527 -0.042671 -3.58922e-21)
(0.468599 -0.0387547 -1.53854e-20)
(0.531066 -0.0201451 1.09032e-21)
(0.746286 -0.0114247 -3.64683e-21)
(0.18985 -0.0810509 0)
(0.212998 -0.0703395 -1.91217e-21)
(0.240151 -0.0631503 -1.13841e-21)
(0.275955 -0.0577662 0)
(0.318914 -0.0514278 1.77368e-21)
(0.368304 -0.0477186 -5.1172e-21)
(0.419837 -0.0383777 6.06522e-21)
(0.472508 -0.035482 2.32151e-21)
(0.536473 -0.0184918 -2.29713e-21)
(0.751538 -0.0106686 4.87513e-21)
(0.192619 -0.0700309 1.25081e-21)
(0.215775 -0.0610172 2.05208e-21)
(0.242689 -0.0550106 -3.73587e-22)
(0.278315 -0.0505312 6.63839e-22)
(0.321249 -0.0451738 1.54798e-21)
(0.370748 -0.0423634 2.64462e-21)
(0.422385 -0.0342194 -9.76296e-22)
(0.475614 -0.0323161 -1.0753e-21)
(0.541104 -0.0169174 2.30471e-21)
(0.756219 -0.00997906 1.18764e-21)
(0.194222 -0.0587748 -4.03715e-22)
(0.21752 -0.051605 4.08839e-22)
(0.244278 -0.0468172 -5.60407e-22)
(0.27972 -0.0433065 -6.62983e-22)
(0.322666 -0.0389592 8.14026e-22)
(0.372295 -0.0370801 -1.6972e-21)
(0.424175 -0.0301558 1.48518e-21)
(0.47793 -0.0292386 5.6345e-22)
(0.54496 -0.015415 0)
(0.760285 -0.0093405 -1.19023e-21)
(0.19459 -0.0472902 3.99135e-22)
(0.218215 -0.0420928 -4.04229e-22)
(0.244884 -0.0385576 -5.51847e-22)
(0.280145 -0.0360722 -6.5441e-22)
(0.323124 -0.0327607 -8.09067e-22)
(0.372937 -0.031847 -4.85615e-23)
(0.425173 -0.0261546 4.59308e-22)
(0.479493 -0.0262329 1.56906e-21)
(0.548028 -0.0139685 0)
(0.763744 -0.00873997 -1.16903e-21)
(0.19373 -0.0355952 0)
(0.217896 -0.032467 -1.99802e-21)
(0.244519 -0.0302135 3.6674e-21)
(0.279596 -0.0288038 6.5552e-22)
(0.322609 -0.0265529 1.51166e-21)
(0.372655 -0.0266376 2.59085e-21)
(0.425333 -0.0221868 -9.63816e-22)
(0.480289 -0.0232792 -1.05874e-21)
(0.550242 -0.0125557 2.23611e-21)
(0.76659 -0.00816015 1.16629e-21)
(0.191672 -0.0237374 0)
(0.216601 -0.022709 -1.79496e-21)
(0.243211 -0.0217598 -1.1048e-21)
(0.278095 -0.0214721 0)
(0.321134 -0.0203045 -4.74103e-21)
(0.371451 -0.0214201 1.52249e-21)
(0.42466 -0.0182258 1.8374e-21)
(0.480336 -0.0203596 6.22818e-21)
(0.551639 -0.0111633 -2.22886e-21)
(0.768863 -0.00760197 4.62023e-21)
(0.188428 -0.0117844 0)
(0.214322 -0.0128019 1.81029e-21)
(0.240969 -0.0131731 0)
(0.275656 -0.0140484 5.64252e-21)
(0.318703 -0.0139833 -5.67146e-21)
(0.369304 -0.0161601 -3.63878e-21)
(0.423113 -0.0142381 -1.80518e-22)
(0.479571 -0.0174459 -6.25159e-21)
(0.552126 -0.00976918 -1.03706e-21)
(0.770536 -0.00704693 -5.71851e-21)
(0.184051 0.00017608 1.10186e-20)
(0.211049 -0.00273342 -4.18319e-21)
(0.237817 -0.00443702 8.18403e-22)
(0.272315 -0.00650752 -4.86918e-21)
(0.315357 -0.00755919 0)
(0.366281 -0.0108303 -3.65619e-21)
(0.42079 -0.0102059 -3.53921e-22)
(0.478108 -0.0145311 8.22169e-21)
(0.551901 -0.0083735 1.12442e-21)
(0.771683 -0.00651048 -1.1237e-21)
(0.178661 0.0120256 -1.75183e-21)
(0.206782 0.00750114 8.27145e-21)
(0.233777 0.00445624 4.91007e-21)
(0.268076 0.00117456 -4.90667e-21)
(0.311053 -0.00100052 -3.0845e-21)
(0.362277 -0.00539055 0)
(0.417508 -0.00607782 -7.9268e-21)
(0.47574 -0.0115674 3.95071e-21)
(0.550658 -0.0069408 4.31325e-21)
(0.772221 -0.00595623 4.57047e-21)
(0.172468 0.0236047 -1.38572e-21)
(0.201605 0.0178966 0)
(0.228993 0.0134999 0)
(0.263116 0.00900632 0)
(0.30604 0.005697 -3.55188e-21)
(0.35765 0.000149898 6.625e-21)
(0.41371 -0.0018865 7.94978e-21)
(0.472931 -0.00860035 -1.25074e-20)
(0.549041 -0.00549749 2.24729e-21)
(0.772307 -0.00542472 -6.74428e-21)
(0.16564 0.0346852 -1.93378e-21)
(0.19539 0.0284409 8.39593e-21)
(0.223267 0.0227121 -8.31574e-21)
(0.257131 0.0170451 1.18288e-20)
(0.299826 0.0126184 -1.48856e-20)
(0.351669 0.00591358 0)
(0.408505 0.00252391 -3.95891e-21)
(0.468835 -0.00549054 -5.55524e-23)
(0.545965 -0.00396257 -4.45835e-21)
(0.77173 -0.00483917 -4.56401e-21)
(0.159051 0.0449789 -1.4321e-21)
(0.189173 0.038952 0)
(0.217756 0.0318732 -1.15051e-20)
(0.251503 0.0250696 2.22437e-20)
(0.294149 0.0195256 -8.69718e-21)
(0.346406 0.0116362 -1.81655e-21)
(0.404019 0.00685746 3.95037e-21)
(0.465269 -0.00248979 -1.38214e-22)
(0.543566 -0.00242889 6.47989e-21)
(0.770833 -0.00429181 6.71667e-21)
(0.148946 0.0551864 -6.70036e-21)
(0.179083 0.0508965 6.55762e-21)
(0.208592 0.0422528 1.18077e-21)
(0.242223 0.0341065 0)
(0.284558 0.0273093 0)
(0.337145 0.0181328 1.778e-21)
(0.395895 0.0118755 8.14854e-21)
(0.458803 0.000957997 -7.94527e-21)
(0.538025 -0.000704365 -2.16533e-21)
(0.769166 -0.00363023 2.0672e-21)
(0.153019 0.0783042 0)
(0.178954 0.077368 0)
(0.207824 0.0641234 0)
(0.240572 0.0535099 0)
(0.281722 0.0438246 0)
(0.333042 0.0318117 0)
(0.390318 0.0221636 0)
(0.452519 0.00797807 0)
(0.533635 0.0034111 0)
(0.764844 -0.00222611 0)
(0.141591 0.112937 0)
(0.168131 0.119704 0)
(0.198283 0.0992826 0)
(0.231028 0.0867852 0)
(0.272476 0.0725056 0)
(0.323128 0.0557974 0)
(0.37996 0.0402714 0)
(0.444045 0.0205904 0)
(0.533569 0.0103906 0)
(0.769327 0.000412407 0)
(0.127527 0.154512 0)
(0.152267 0.163632 0)
(0.180648 0.135767 0)
(0.212162 0.123077 0)
(0.252843 0.103775 0)
(0.301086 0.0823395 0)
(0.355437 0.0605503 0)
(0.418605 0.034719 0)
(0.511864 0.0176527 0)
(0.750812 0.00204291 0)
(0.115867 0.201607 0)
(0.136682 0.210906 0)
(0.163649 0.17597 0)
(0.194513 0.164664 0)
(0.234461 0.138767 0)
(0.280114 0.112404 0)
(0.333517 0.0834699 0)
(0.399262 0.050746 0)
(0.502987 0.025904 0)
(0.74925 0.00485439 0)
(0.099697 0.256592 0)
(0.116115 0.263913 0)
(0.141235 0.223986 0)
(0.168827 0.213849 0)
(0.20391 0.178893 0)
(0.243513 0.148121 0)
(0.292633 0.111297 0)
(0.356283 0.0707959 0)
(0.462761 0.036717 0)
(0.713944 0.00706084 0)
(0.0875319 0.319945 0)
(0.0998685 0.324467 0)
(0.123765 0.28023 0)
(0.146315 0.26913 0)
(0.177647 0.223809 0)
(0.213177 0.19133 0)
(0.260754 0.145561 0)
(0.326117 0.0975593 0)
(0.442656 0.0526155 0)
(0.702796 0.0125186 0)
(0.0620393 0.393948 0)
(0.0705225 0.392846 0)
(0.0891896 0.347063 0)
(0.104836 0.333079 0)
(0.130129 0.281287 0)
(0.157763 0.249706 0)
(0.197968 0.193694 0)
(0.257449 0.140068 0)
(0.372337 0.0820711 0)
(0.634841 0.0200769 0)
(0.0526006 0.479158 0)
(0.058062 0.474349 0)
(0.0731586 0.427935 0)
(0.0841481 0.410972 0)
(0.105182 0.356592 0)
(0.126807 0.325508 0)
(0.164467 0.261539 0)
(0.222939 0.2096 0)
(0.339932 0.136092 0)
(0.595971 0.0394843 0)
(0.0104401 0.612953 0)
(0.010881 0.605875 0)
(0.0168364 0.565877 0)
(0.0201319 0.54914 0)
(0.0301684 0.501759 0)
(0.0415629 0.473098 0)
(0.0675221 0.412442 0)
(0.111523 0.361282 0)
(0.206957 0.257786 0)
(0.434244 0.0761786 0)
(0.0162233 0.801391 0)
(0.0201656 0.791978 0)
(0.0252242 0.769787 0)
(0.0318934 0.754503 0)
(0.041243 0.723424 0)
(0.0544566 0.695419 0)
(0.0751477 0.643921 0)
(0.108093 0.578924 0)
(0.169048 0.437728 0)
(0.309322 0.150496 0)
(0.125699 0.097391 6.43398e-21)
(0.122887 0.14132 -6.36069e-21)
(0.111279 0.184861 1.06293e-21)
(0.100578 0.232542 0)
(0.0861397 0.287804 0)
(0.0750994 0.349339 1.65335e-21)
(0.0528307 0.422219 -7.85323e-21)
(0.0447247 0.505966 7.79394e-21)
(0.00831603 0.635497 2.18159e-21)
(0.0149176 0.812789 -2.19672e-21)
(0.114944 0.103324 -6.08236e-21)
(0.114983 0.149864 0)
(0.104813 0.193365 7.57901e-21)
(0.0947226 0.24132 -1.83592e-20)
(0.0809322 0.296881 1.23833e-20)
(0.0703461 0.358515 -1.5268e-21)
(0.0492418 0.431443 3.2336e-21)
(0.0416118 0.51538 7.25566e-21)
(0.00749024 0.64385 1.89995e-21)
(0.0143621 0.815777 1.90665e-21)
(0.104407 0.107579 7.09316e-21)
(0.106866 0.15664 -6.98319e-21)
(0.0983414 0.200337 6.91609e-21)
(0.0890261 0.248365 -9.66328e-21)
(0.0759444 0.303994 6.99234e-21)
(0.0658872 0.365977 0)
(0.0459126 0.438999 -3.24148e-21)
(0.0387849 0.523591 -1.19321e-22)
(0.00658924 0.651245 -3.69502e-21)
(0.0136362 0.817757 -3.84529e-21)
(0.0942334 0.110974 -1.20004e-21)
(0.0988246 0.163029 0)
(0.091973 0.20768 0)
(0.0834942 0.255793 0)
(0.0711617 0.311457 7.78998e-21)
(0.0616932 0.37366 -5.32036e-21)
(0.04283 0.446629 -2.29299e-22)
(0.036224 0.531721 -3.58837e-21)
(0.00566461 0.658418 -1.8137e-21)
(0.0127859 0.820314 -1.83868e-21)
(0.084539 0.113228 8.70734e-22)
(0.0910898 0.168456 -3.82093e-21)
(0.085843 0.214586 -3.86278e-21)
(0.0782172 0.263034 3.86013e-21)
(0.0666553 0.318901 -2.4345e-21)
(0.0577833 0.381389 0)
(0.0399785 0.454328 -3.04948e-21)
(0.0338947 0.539752 6.72046e-21)
(0.00481951 0.66543 -3.34534e-21)
(0.0119101 0.823497 3.69573e-21)
(0.0753363 0.114216 -9.4463e-21)
(0.0837284 0.172568 5.94518e-22)
(0.0800226 0.220391 -5.83271e-22)
(0.0732585 0.269563 3.71821e-21)
(0.0624781 0.325596 0)
(0.0542031 0.388528 0)
(0.0373723 0.461552 0)
(0.0317949 0.547272 3.09824e-21)
(0.00412659 0.671999 0)
(0.0110794 0.826779 0)
(0.0666317 0.113883 0)
(0.0767463 0.175312 4.37857e-21)
(0.0745515 0.225003 -3.02779e-21)
(0.0686277 0.275124 -4.13267e-21)
(0.0586227 0.331332 4.15406e-21)
(0.0509769 0.394784 2.62189e-21)
(0.0350155 0.467957 -2.43791e-21)
(0.0299249 0.554028 -1.05105e-20)
(0.00359739 0.67791 7.4133e-22)
(0.0103142 0.829734 -2.42258e-21)
(0.0584424 0.112154 0)
(0.0701527 0.176659 -1.3548e-21)
(0.0694241 0.228465 -7.82489e-22)
(0.0643376 0.279613 0)
(0.0550834 0.336193 1.21758e-21)
(0.0480683 0.400147 -3.45669e-21)
(0.032898 0.473395 4.06699e-21)
(0.028278 0.559911 1.58945e-21)
(0.00321089 0.683005 -1.45301e-21)
(0.00960871 0.832178 3.24882e-21)
(0.0507873 0.108967 1.07356e-21)
(0.0639562 0.176541 1.41771e-21)
(0.0646331 0.230748 -2.71318e-22)
(0.0603935 0.283031 4.39711e-22)
(0.0518683 0.34015 1.0407e-21)
(0.0454315 0.404611 1.74556e-21)
(0.0309994 0.477938 -6.168e-22)
(0.0268257 0.565093 -6.79656e-22)
(0.00291378 0.687337 1.45781e-21)
(0.00895026 0.834186 7.40322e-22)
(0.0436932 0.104308 -2.9939e-22)
(0.0581522 0.174877 3.02933e-22)
(0.0601762 0.231781 -3.77892e-22)
(0.0567917 0.285367 -4.39146e-22)
(0.048965 0.343145 5.19117e-22)
(0.0430524 0.40811 -1.08906e-21)
(0.0293293 0.48168 9.32606e-22)
(0.0255312 0.569449 3.62053e-22)
(0.00267727 0.690819 0)
(0.00834796 0.835821 -7.41947e-22)
(0.0110447 -0.00767612 0)
(0.0285936 -0.0161443 0)
(0.042827 -0.0184088 -2.43422e-20)
(0.0531287 -0.0174819 0)
(0.060306 -0.0143719 1.07894e-20)
(0.0650454 -0.00980019 -9.9986e-21)
(0.0679367 -0.00425442 0)
(0.0694896 0.00197225 0)
(0.070279 0.00882104 -1.65823e-20)
(0.0709469 0.0159502 3.15072e-20)
(0.01362 -0.00792946 0)
(0.0339643 -0.0159229 -1.95347e-20)
(0.0498046 -0.017548 -6.27724e-21)
(0.0609283 -0.0161993 -2.30527e-20)
(0.0684219 -0.0129074 -1.07422e-20)
(0.0731803 -0.00837377 -3.00817e-20)
(0.0759444 -0.00305564 0)
(0.0773361 0.00276357 0)
(0.0779809 0.00896568 0)
(0.0784004 0.0152069 -3.2014e-22)
(0.0164498 -0.00801752 0)
(0.0394839 -0.0153955 -7.00106e-21)
(0.0565774 -0.0164685 1.20515e-20)
(0.0681205 -0.0148923 1.73174e-20)
(0.0755357 -0.0116855 -7.81123e-23)
(0.0799529 -0.00749972 2.66571e-23)
(0.0822646 -0.0027389 1.85711e-20)
(0.0831763 0.00235083 -1.71938e-20)
(0.0833276 0.0076977 3.19302e-20)
(0.0831837 0.0131275 -3.02428e-20)
(0.0194228 -0.00785752 -3.34735e-21)
(0.0449006 -0.0144894 1.97401e-20)
(0.0628133 -0.015174 3.10832e-20)
(0.0743377 -0.0136405 -3.5189e-20)
(0.0812815 -0.0108466 2.16086e-20)
(0.0850279 -0.00735581 2.00986e-20)
(0.0866193 -0.00349173 -9.28291e-21)
(0.0868338 0.000565977 3.41903e-20)
(0.0863153 0.00482829 -4.61542e-22)
(0.0855159 0.00924914 -1.50042e-20)
(0.0223916 -0.00738806 -3.5034e-21)
(0.0499288 -0.0131741 3.32852e-21)
(0.0681856 -0.0137054 0)
(0.0792703 -0.0125385 2.93942e-20)
(0.0854101 -0.0105086 -5.4554e-21)
(0.0882462 -0.00805161 -8.41042e-23)
(0.088962 -0.00538816 -9.28196e-21)
(0.0883984 -0.00261591 -2.52574e-20)
(0.0871988 0.000351743 3.00253e-23)
(0.0858056 0.00352635 2.15941e-20)
(0.0251804 -0.00657908 0)
(0.0542717 -0.0114727 -2.11181e-20)
(0.0724025 -0.0121443 6.45299e-21)
(0.0826938 -0.0116911 -1.80804e-20)
(0.087801 -0.0107617 5.52375e-21)
(0.089609 -0.00963025 5.94373e-23)
(0.0894202 -0.0084015 6.00011e-23)
(0.0881179 -0.00709176 1.67956e-20)
(0.0863317 -0.00556623 -2.30705e-20)
(0.0844873 -0.00380417 2.14788e-20)
(0.0275988 -0.00544061 1.83892e-21)
(0.0576489 -0.00946536 1.41199e-20)
(0.0752344 -0.0106072 0)
(0.0844828 -0.0112058 1.8177e-20)
(0.0884544 -0.0116653 -1.68817e-20)
(0.089241 -0.0120767 -5.0367e-21)
(0.0882278 -0.0124297 1.39294e-20)
(0.0863105 -0.0126737 0)
(0.0840825 -0.0126597 0)
(0.0819378 -0.01238 0)
(0.029458 -0.00402621 -1.93132e-21)
(0.0598219 -0.00728568 -5.68379e-21)
(0.0765305 -0.00923636 6.924e-21)
(0.0846105 -0.0111839 9.4219e-21)
(0.0874679 -0.0132485 8.4043e-21)
(0.0873446 -0.0153338 5.2029e-21)
(0.0856634 -0.017328 0)
(0.0832987 -0.0191369 8.35337e-21)
(0.080785 -0.0206261 -3.95853e-21)
(0.0784622 -0.0218263 0)
(0.030586 -0.00243186 0)
(0.060615 -0.0051105 1.1414e-20)
(0.0762264 -0.0081873 -6.92279e-21)
(0.0831363 -0.0117152 -6.32194e-21)
(0.0850062 -0.0155165 7.0087e-23)
(0.0841582 -0.0193207 -2.54518e-21)
(0.0820048 -0.0229403 2.39119e-21)
(0.0793682 -0.0262624 0)
(0.0767134 -0.0291887 -3.86502e-21)
(0.0743188 -0.0318044 -3.52219e-21)
(0.0308621 -0.000791508 2.63994e-22)
(0.0599422 -0.00314689 -4.38933e-21)
(0.0743464 -0.00761793 -4.44355e-22)
(0.0801899 -0.0128754 1.60633e-23)
(0.0812739 -0.0184579 -2.18472e-21)
(0.0799261 -0.0239498 0)
(0.0775045 -0.0291181 -2.39069e-21)
(0.074758 -0.0338594 0)
(0.0720797 -0.0381292 0)
(0.0696881 -0.0420418 0)
(0.0302809 0.000739428 -5.54445e-22)
(0.0578291 -0.00160624 0)
(0.0710024 -0.00767114 0)
(0.0759552 -0.0147212 -2.60465e-21)
(0.0764948 -0.02205 7.29186e-22)
(0.0748815 -0.0291362 -4.47914e-23)
(0.072385 -0.0357324 -1.25284e-21)
(0.0696703 -0.0417663 0)
(0.0670619 -0.0472496 0)
(0.0647186 -0.0523051 0)
(0.0288394 0.00201844 0)
(0.0543505 -0.000664305 -2.1229e-21)
(0.0663493 -0.00846381 1.95788e-21)
(0.0706326 -0.0172953 3.44124e-21)
(0.0708823 -0.026272 0)
(0.0692282 -0.0348137 2.75722e-21)
(0.0668302 -0.0426874 -2.56412e-21)
(0.06427 -0.049866 0)
(0.0618128 -0.056411 3.98711e-21)
(0.0595649 -0.0624424 -3.86747e-21)
(0.0265162 0.00289012 0)
(0.049603 -0.000504365 1.80603e-20)
(0.0605653 -0.0101053 0)
(0.0644356 -0.0206322 1.45718e-20)
(0.0646503 -0.0311025 0)
(0.0631612 -0.0409255 -1.16306e-20)
(0.0610112 -0.0499067 0)
(0.0587087 -0.0580705 9.05732e-21)
(0.0564732 -0.065518 -8.48292e-21)
(0.0543686 -0.0723588 -7.83076e-21)
(0.0233918 0.00320474 -4.95863e-21)
(0.0437747 -0.00128985 -8.81296e-21)
(0.0538791 -0.0126837 -4.18338e-21)
(0.0575938 -0.0247545 -7.31276e-21)
(0.0580058 -0.03652 -6.70624e-21)
(0.056857 -0.0474257 5.85949e-21)
(0.0550769 -0.0573328 5.36725e-21)
(0.0531165 -0.0663181 2.8107e-22)
(0.0511639 -0.0745099 8.66473e-21)
(0.049249 -0.0819994 7.8414e-21)
(0.0196069 0.0028382 -5.26671e-21)
(0.0371074 -0.0031457 -9.3269e-21)
(0.0465459 -0.0162589 -1.68842e-20)
(0.0503418 -0.0296708 7.69138e-21)
(0.051148 -0.0425015 0)
(0.0504788 -0.0542754 0)
(0.0491613 -0.0649209 -1.05298e-20)
(0.0476078 -0.0745644 -9.42138e-21)
(0.0459895 -0.0833487 8.74583e-21)
(0.0443076 -0.0913371 -7.71276e-21)
(0.0153392 0.00170066 5.26505e-21)
(0.029877 -0.00615272 4.53892e-21)
(0.0388353 -0.0208605 -2.65914e-20)
(0.0429144 -0.035375 3.86273e-20)
(0.0442705 -0.0490207 -6.99096e-21)
(0.0441821 -0.0614386 0)
(0.0433887 -0.0726317 0)
(0.0422841 -0.082772 4.87148e-20)
(0.041036 -0.0920058 -4.41039e-20)
(0.0396222 -0.100357 -2.4328e-20)
(0.0107924 -0.000257037 4.47e-20)
(0.0223797 -0.0103438 0)
(0.0310228 -0.0264877 3.49377e-20)
(0.0355447 -0.0418464 -3.10618e-20)
(0.0375638 -0.0560475 0)
(0.0381201 -0.068881 1.21652e-20)
(0.03788 -0.0804278 -3.36194e-20)
(0.0372364 -0.090902 -3.93143e-20)
(0.0363694 -0.100449 1.83115e-20)
(0.0352457 -0.109037 1.67538e-20)
(0.00618418 -0.00303961 -8.9839e-20)
(0.0149191 -0.0157021 -9.8053e-21)
(0.0233814 -0.0331083 -1.78473e-20)
(0.0284615 -0.0490503 -3.96912e-20)
(0.0312186 -0.0635503 -1.37816e-20)
(0.0324542 -0.0765736 -1.23503e-20)
(0.0327671 -0.0882777 -2.09947e-22)
(0.03256 -0.0989166 0)
(0.032048 -0.108639 0)
(0.0312182 -0.117346 3.42543e-20)
(0.00173237 -0.00660709 4.51399e-20)
(0.00779146 -0.0221614 -3.98837e-20)
(0.0161727 -0.0406597 2.68638e-20)
(0.0218843 -0.0569401 5.52866e-20)
(0.0254282 -0.0715017 -1.43787e-20)
(0.0273695 -0.0845046 1.22842e-20)
(0.0282355 -0.0961728 1.10071e-20)
(0.0284361 -0.106792 0)
(0.0282372 -0.116536 0)
(0.0276469 -0.125232 -1.73198e-20)
(-0.00235812 -0.010878 -5.63639e-21)
(0.00127232 -0.0296086 4.96867e-20)
(0.00963518 -0.0490496 -9.03531e-21)
(0.0160121 -0.0654598 0)
(0.020377 -0.0798909 0)
(0.0230766 -0.0927157 2.52219e-20)
(0.0245793 -0.104206 0)
(0.0253121 -0.114644 -2.01468e-20)
(0.0255643 -0.124204 5.65548e-22)
(0.0251668 -0.132617 1.78378e-20)
(-0.00590822 -0.0157372 0)
(-0.00439749 -0.0378907 0)
(0.00397108 -0.0581565 -3.48323e-20)
(0.0110011 -0.0745399 0)
(0.0161895 -0.0887275 1.38108e-20)
(0.0196968 -0.101367 -1.27994e-20)
(0.0219603 -0.11286 0)
(0.0234297 -0.123618 0)
(0.0243471 -0.134065 -1.86653e-20)
(0.0243332 -0.144385 3.63573e-20)
(-0.00875701 -0.0210275 0)
(-0.00900683 -0.0468078 -2.83543e-20)
(-0.000651425 -0.0678157 -7.98902e-21)
(0.00695766 -0.0840556 -3.06058e-20)
(0.0128921 -0.0979073 -1.38498e-20)
(0.0171259 -0.11032 -3.7614e-20)
(0.0200282 -0.121793 0)
(0.0219975 -0.132718 0)
(0.023202 -0.143352 0)
(0.0233492 -0.153485 4.29879e-23)
(-0.0107739 -0.0265441 0)
(-0.0123843 -0.0561015 -7.92153e-21)
(-0.00409781 -0.0778099 1.78093e-20)
(0.0039637 -0.0938195 2.2944e-20)
(0.0105068 -0.107229 4.91941e-22)
(0.0153222 -0.119283 3.12068e-22)
(0.0186947 -0.130529 2.24929e-20)
(0.0209709 -0.141248 -2.06671e-20)
(0.0223222 -0.151499 3.80746e-20)
(0.0226706 -0.160959 -3.68057e-20)
(-0.0118832 -0.0320728 -5.02197e-21)
(-0.0144184 -0.0654929 2.76574e-20)
(-0.00627325 -0.0878988 4.13072e-20)
(0.00208534 -0.10362 -4.36515e-20)
(0.0090759 -0.116478 2.72899e-20)
(0.0143257 -0.128004 2.47987e-20)
(0.018042 -0.138779 -1.12156e-20)
(0.0205441 -0.148984 4.11887e-20)
(0.0220494 -0.15857 -1.69328e-22)
(0.0226473 -0.167267 -1.8539e-20)
(-0.0120598 -0.0373948 -4.62732e-21)
(-0.0150527 -0.0746901 4.39709e-21)
(-0.00711888 -0.0978281 0)
(0.00137306 -0.113241 3.613e-20)
(0.00864562 -0.125457 -6.56292e-21)
(0.0141927 -0.136305 8.12081e-23)
(0.0181551 -0.146418 -1.11073e-20)
(0.0208383 -0.155931 -3.06664e-20)
(0.0225068 -0.164771 4.81438e-23)
(0.0233482 -0.172769 2.78002e-20)
(-0.0113272 -0.0422976 0)
(-0.0142871 -0.0834004 -2.37047e-20)
(-0.00661397 -0.107341 7.44748e-21)
(0.00185572 -0.122472 -2.03165e-20)
(0.00925089 -0.133996 6.34334e-21)
(0.0149684 -0.144063 1.35046e-22)
(0.0190915 -0.153395 9.47108e-23)
(0.0219121 -0.162134 2.03893e-20)
(0.023724 -0.170235 -2.86243e-20)
(0.0247663 -0.177623 2.78957e-20)
(-0.00975563 -0.0465864 2.06729e-21)
(-0.0121769 -0.0913438 1.56286e-20)
(-0.0047781 -0.116188 0)
(0.00353599 -0.131112 2.00557e-20)
(0.0109087 -0.141948 -1.81446e-20)
(0.0166803 -0.151182 -5.74303e-21)
(0.0208853 -0.159673 1.61507e-20)
(0.0237954 -0.167613 0)
(0.0257131 -0.175001 0)
(0.0268988 -0.18184 0)
(-0.00745659 -0.0500927 -1.87575e-21)
(-0.00883128 -0.098265 -4.98389e-21)
(-0.00167183 -0.124134 6.43907e-21)
(0.00638786 -0.138973 9.28103e-21)
(0.0136144 -0.149176 9.11307e-21)
(0.0193369 -0.15758 5.49465e-21)
(0.0235503 -0.165215 0)
(0.0265003 -0.172358 1.00509e-20)
(0.0284807 -0.179062 -4.67752e-21)
(0.0297522 -0.185377 0)
(-0.00457621 -0.0526771 0)
(-0.00440938 -0.103939 9.88088e-21)
(0.00260379 -0.130964 -6.43743e-21)
(0.0103554 -0.145882 -6.11297e-21)
(0.0173407 -0.155556 -9.6599e-23)
(0.0229262 -0.163176 -2.82334e-21)
(0.0270819 -0.169978 2.55916e-21)
(0.0300239 -0.176343 0)
(0.0320264 -0.182382 -4.7351e-21)
(0.0333338 -0.188177 -4.72862e-21)
(-0.00128939 -0.0542636 1.95362e-22)
(0.000880461 -0.108196 -3.4981e-21)
(0.00790562 -0.136491 -3.91504e-22)
(0.015351 -0.151678 -3.44278e-23)
(0.022036 -0.160969 -2.11723e-21)
(0.0274171 -0.167893 0)
(0.0314592 -0.173909 -2.5583e-21)
(0.0343511 -0.179526 0)
(0.0363426 -0.184916 0)
(0.0376484 -0.190178 0)
(0.00222259 -0.0549578 -3.52292e-22)
(0.0068007 -0.111016 0)
(0.0140558 -0.140627 0)
(0.0212581 -0.156259 -1.90375e-21)
(0.0276269 -0.165333 7.07937e-22)
(0.0327616 -0.171673 6.28663e-23)
(0.0366475 -0.17697 -1.21517e-21)
(0.0394558 -0.181876 0)
(0.0414148 -0.186625 0)
(0.0427005 -0.19133 0)
(0.00582051 -0.0547904 0)
(0.0131535 -0.112332 -1.30011e-21)
(0.0208735 -0.143253 1.199e-21)
(0.027938 -0.159501 2.59002e-21)
(0.0340139 -0.168541 0)
(0.0388884 -0.174438 2.55177e-21)
(0.0425945 -0.179106 -2.37302e-21)
(0.0452986 -0.183347 0)
(0.0472199 -0.18747 4.80989e-21)
(0.048493 -0.191594 -4.63872e-21)
(0.00935668 -0.0537203 0)
(0.0197128 -0.112095 8.65157e-21)
(0.0281572 -0.144283 0)
(0.0352377 -0.161306 9.22052e-21)
(0.0410841 -0.170508 0)
(0.0457139 -0.176121 -9.50043e-21)
(0.0492354 -0.180269 0)
(0.0518254 -0.183907 9.77353e-21)
(0.0537136 -0.187428 -9.1536e-21)
(0.0550092 -0.190964 -9.55708e-21)
(0.0126853 -0.0518106 -2.07577e-21)
(0.0262391 -0.110331 -4.48805e-21)
(0.0356803 -0.143674 -2.02056e-21)
(0.042975 -0.161602 -4.49292e-21)
(0.0487018 -0.171162 -4.36664e-21)
(0.0531346 -0.176665 4.62669e-21)
(0.0564881 -0.180417 4.53168e-21)
(0.0589649 -0.183531 -3.3377e-22)
(0.0608203 -0.186488 9.11283e-21)
(0.0622007 -0.189464 9.54689e-21)
(0.0156836 -0.0491765 -1.76497e-21)
(0.0325057 -0.107128 -4.03059e-21)
(0.0432134 -0.14144 -8.24972e-21)
(0.0509502 -0.160352 3.94385e-21)
(0.0567094 -0.170447 0)
(0.0610287 -0.176016 0)
(0.0642534 -0.179512 -9.64284e-21)
(0.0666314 -0.182202 -9.71455e-21)
(0.0684248 -0.184663 9.37864e-21)
(0.0699153 -0.187038 -1.0264e-20)
(0.0182557 -0.0459493 1.68802e-21)
(0.0383042 -0.102616 2.11795e-21)
(0.0505277 -0.137643 -1.00839e-20)
(0.0589561 -0.157555 1.98943e-20)
(0.0649349 -0.168327 -3.96793e-21)
(0.0692564 -0.17413 0)
(0.07241 -0.177513 0)
(0.0747152 -0.179886 4.70697e-20)
(0.0765159 -0.181903 -4.68089e-20)
(0.0781132 -0.183691 -3.02749e-20)
(0.0203335 -0.0422692 1.0781e-20)
(0.043454 -0.0969635 0)
(0.0574031 -0.132384 1.43406e-20)
(0.0667802 -0.153242 -1.5599e-20)
(0.0731947 -0.16479 0)
(0.0776671 -0.170975 9.13081e-21)
(0.0808359 -0.174384 -2.62784e-20)
(0.0831045 -0.176548 -3.76434e-20)
(0.08492 -0.17821 1.79491e-20)
(0.0866823 -0.179525 1.92581e-20)
(0.0218778 -0.0382798 -2.06467e-20)
(0.0478098 -0.0903679 -3.23529e-21)
(0.0636371 -0.125805 -6.12797e-21)
(0.0742112 -0.147487 -1.74606e-20)
(0.0812972 -0.159853 -8.47519e-21)
(0.0860987 -0.166537 -8.77021e-21)
(0.0893947 -0.170094 2.92555e-22)
(0.0916681 -0.172154 0)
(0.0934677 -0.173553 0)
(0.095399 -0.174462 3.93991e-20)
(0.0228771 -0.034121 9.86592e-21)
(0.0512652 -0.0830479 -1.08584e-20)
(0.0690536 -0.118087 9.2823e-21)
(0.0810475 -0.140401 2.48778e-20)
(0.0890495 -0.153569 -6.99579e-21)
(0.0943862 -0.160824 9.16877e-21)
(0.0979596 -0.164625 9.34967e-21)
(0.100316 -0.16667 0)
(0.102052 -0.167902 0)
(0.104051 -0.168558 -1.92337e-20)
(0.0233464 -0.0299246 -1.11254e-21)
(0.0537561 -0.0752315 1.37809e-20)
(0.0735091 -0.109442 -2.6935e-21)
(0.0871043 -0.132137 0)
(0.0962619 -0.146026 0)
(0.102355 -0.153873 1.62169e-20)
(0.106371 -0.157961 0)
(0.108868 -0.159966 -1.88087e-20)
(0.110271 -0.160881 -1.65454e-21)
(0.111642 -0.161077 1.84818e-20)
(0.0233239 -0.0258058 0)
(0.0552606 -0.0671388 0)
(0.0768967 -0.100092 -1.12584e-20)
(0.092218 -0.122872 0)
(0.102757 -0.137347 7.7817e-21)
(0.10987 -0.145761 -7.21164e-21)
(0.114648 -0.15012 0)
(0.117862 -0.151949 0)
(0.120079 -0.152365 -1.94917e-20)
(0.122893 -0.152399 3.81898e-20)
(0.0228386 -0.0218423 0)
(0.055773 -0.0589607 -7.27652e-21)
(0.0791348 -0.0902637 -2.31318e-21)
(0.0962433 -0.112815 -1.2341e-20)
(0.108352 -0.127713 -6.1525e-21)
(0.116736 -0.13668 -2.20593e-20)
(0.122546 -0.141453 0)
(0.126763 -0.143494 0)
(0.130161 -0.144194 0)
(0.134 -0.144923 3.87281e-22)
(0.0219223 -0.0181036 0)
(0.0553146 -0.050896 -2.73476e-21)
(0.0801767 -0.0802029 5.65176e-21)
(0.0990591 -0.102203 9.56237e-21)
(0.112864 -0.117326 3.38001e-22)
(0.122707 -0.126797 3.87763e-22)
(0.12973 -0.132081 1.57839e-20)
(0.135013 -0.134554 -1.67538e-20)
(0.139457 -0.135658 3.63311e-20)
(0.144051 -0.136621 -3.74064e-20)
(0.0206375 -0.0146612 -1.05489e-21)
(0.0539489 -0.0431301 7.3143e-21)
(0.0800219 -0.0701495 1.34334e-20)
(0.100585 -0.0912728 -1.85059e-20)
(0.116138 -0.10638 1.22641e-20)
(0.127568 -0.116234 1.35326e-20)
(0.135931 -0.122006 -8.53585e-21)
(0.142313 -0.12493 3.42933e-20)
(0.147644 -0.126378 1.42536e-21)
(0.152785 -0.127398 -1.75115e-20)
(0.0190557 -0.0115694 -1.21488e-21)
(0.0517681 -0.0358212 1.15422e-21)
(0.0787122 -0.0603254 0)
(0.100789 -0.0802583 1.51716e-20)
(0.118068 -0.0950753 -2.98937e-21)
(0.131156 -0.10513 6.19811e-22)
(0.140961 -0.111293 -7.06995e-21)
(0.148507 -0.114623 -2.50617e-20)
(0.154705 -0.116373 -1.15161e-21)
(0.160327 -0.117441 2.74649e-20)
(0.0172476 -0.00886214 0)
(0.0488831 -0.0290956 -8.16841e-21)
(0.076326 -0.0509291 2.59177e-21)
(0.0996829 -0.0693857 -9.12853e-21)
(0.118599 -0.0836246 2.96043e-21)
(0.133361 -0.0936564 -4.43241e-22)
(0.144678 -0.100068 -4.12817e-22)
(0.153465 -0.103722 1.62952e-20)
(0.160581 -0.105722 -2.52115e-20)
(0.166719 -0.106837 2.59667e-20)
(0.0152809 -0.00655613 5.95841e-22)
(0.0454172 -0.0230483 5.3575e-21)
(0.0729727 -0.042131 0)
(0.0973257 -0.0588676 9.11481e-21)
(0.117722 -0.072243 -9.26059e-21)
(0.134116 -0.0820022 -3.63457e-21)
(0.146976 -0.0884791 1.06979e-20)
(0.157066 -0.0923377 0)
(0.165167 -0.0945089 0)
(0.171897 -0.0956577 0)
(0.0132192 -0.00465407 -6.85499e-22)
(0.0414998 -0.0177442 -2.23819e-21)
(0.068786 -0.0340706 2.92625e-21)
(0.0938135 -0.0488961 4.61019e-21)
(0.115474 -0.0611401 4.83548e-21)
(0.133396 -0.0703644 3.31856e-21)
(0.147783 -0.0766923 0)
(0.159213 -0.0806008 7.92965e-21)
(0.168363 -0.0828434 -3.54413e-21)
(0.175769 -0.0839967 0)
(0.0111189 -0.00314699 0)
(0.0372593 -0.0132199 4.39604e-21)
(0.063914 -0.0268553 -2.92563e-21)
(0.0892734 -0.0396378 -3.01181e-21)
(0.111935 -0.050514 -9.82485e-23)
(0.131222 -0.0589422 -1.76569e-21)
(0.14707 -0.0648873 1.72496e-21)
(0.159843 -0.0686628 0)
(0.170087 -0.0708515 -3.88223e-21)
(0.178243 -0.0719535 -4.24278e-21)
(0.0090374 -0.0020168 8.84878e-23)
(0.0328281 -0.00948775 -1.70656e-21)
(0.0585196 -0.0205618 -2.16184e-22)
(0.0838613 -0.0312332 -3.7151e-23)
(0.107222 -0.0405477 -1.20079e-21)
(0.127659 -0.0479338 0)
(0.144846 -0.0532533 -1.72447e-21)
(0.158924 -0.0566906 0)
(0.17028 -0.0586715 0)
(0.179237 -0.0596297 0)
(0.00705707 -0.00123647 -1.88164e-22)
(0.0283747 -0.00653546 0)
(0.0528173 -0.0152356 0)
(0.0778018 -0.0237942 -1.18696e-21)
(0.101535 -0.0314071 4.57312e-22)
(0.122858 -0.0375343 8.54086e-23)
(0.141206 -0.04199 -8.02199e-22)
(0.156497 -0.0448687 0)
(0.168938 -0.0464596 0)
(0.178713 -0.0471353 0)
(0.00521075 -0.000768147 0)
(0.0239972 -0.00431666 -8.66881e-22)
(0.046955 -0.0108672 7.9939e-22)
(0.0712643 -0.0173674 1.59979e-21)
(0.0950361 -0.0231953 0)
(0.116951 -0.02789 1.71897e-21)
(0.136239 -0.0312661 -1.59852e-21)
(0.152607 -0.0333689 0)
(0.166072 -0.0343755 3.79487e-21)
(0.176659 -0.0345955 -3.62301e-21)
(0.00349959 -0.000575681 0)
(0.01976 -0.00278077 7.18835e-21)
(0.041057 -0.00743463 0)
(0.0644152 -0.0119813 6.74712e-21)
(0.0879071 -0.0159974 0)
(0.110107 -0.0191342 -6.59803e-21)
(0.130085 -0.0212469 0)
(0.147356 -0.0223708 7.21657e-21)
(0.161745 -0.0225988 -6.75883e-21)
(0.173102 -0.0221726 -7.40438e-21)
(0.0019412 -0.000624316 -1.85109e-21)
(0.015738 -0.00187092 -3.55417e-21)
(0.0352548 -0.00489833 -1.72942e-21)
(0.0574307 -0.00763816 -3.2304e-21)
(0.0803476 -0.00986927 -3.24834e-21)
(0.102526 -0.0113752 3.15076e-21)
(0.122918 -0.0120817 3.20557e-21)
(0.140884 -0.0120489 -3.48125e-22)
(0.156059 -0.0113144 6.67834e-21)
(0.168102 -0.0100442 7.40484e-21)
(0.000553231 -0.000879103 -1.86591e-21)
(0.0119984 -0.00152245 -3.8956e-21)
(0.0296696 -0.00319927 -7.60362e-21)
(0.05048 -0.00431062 3.44694e-21)
(0.0725586 -0.00483176 0)
(0.0944175 -0.00468733 0)
(0.11494 -0.00389408 -6.95732e-21)
(0.133364 -0.00256415 -7.03601e-21)
(0.149156 -0.000706161 6.86432e-21)
(0.161764 0.00160144 -8.1266e-21)
(-0.000652869 -0.00130584 2.02136e-21)
(0.0085934 -0.00166554 2.12034e-21)
(0.0244035 -0.00226309 -1.16946e-20)
(0.043714 -0.001945 1.83841e-20)
(0.06473 -0.000871471 -3.41129e-21)
(0.0859927 0.000891204 0)
(0.10636 0.0032237 0)
(0.124994 0.00594108 3.42171e-20)
(0.141212 0.00904233 -3.42366e-20)
(0.154244 0.0125551 -2.26795e-20)
(-0.00167099 -0.00187141 1.67093e-20)
(0.0055614 -0.00222702 0)
(0.0195384 -0.00200322 1.5426e-20)
(0.037262 -0.000464692 -1.46918e-20)
(0.0570325 0.00205789 0)
(0.0774502 0.00536103 7.06296e-21)
(0.0973863 0.00921696 -2.01191e-20)
(0.115974 0.013351 -2.7395e-20)
(0.13242 0.0177495 1.30547e-20)
(0.145733 0.022578 1.40782e-20)
(-0.00249903 -0.00254372 -3.41155e-20)
(0.00292807 -0.00313169 -4.3286e-21)
(0.0151363 -0.00232366 -8.35225e-21)
(0.0312285 0.000226708 -1.93141e-20)
(0.0496119 0.004034 -7.40773e-21)
(0.0689657 0.00876447 -7.2316e-21)
(0.0882065 0.0140787 -1.29441e-22)
(0.106484 0.0195929 0)
(0.122952 0.0252462 0)
(0.136423 0.0313891 2.82649e-20)
(-0.00313828 -0.00329185 1.74066e-20)
(0.000707597 -0.0043036 -1.79537e-20)
(0.0112403 -0.00312192 1.22242e-20)
(0.0256937 0.000241731 2.73941e-20)
(0.0425864 0.00516421 -7.35925e-21)
(0.0606839 0.0111895 6.99667e-21)
(0.0789644 0.0178638 6.9406e-21)
(0.0966288 0.0246662 0)
(0.112853 0.0313994 0)
(0.126381 0.0386485 -1.36576e-20)
(-0.00359318 -0.00408626 -2.30403e-21)
(-0.00109632 -0.00566776 2.25677e-20)
(0.00787555 -0.00429281 -4.25197e-21)
(0.0207157 -0.000296045 0)
(0.0360516 0.00558382 0)
(0.0527274 0.0127837 1.43524e-20)
(0.0697604 0.0207405 0)
(0.0863485 0.0287642 -1.39622e-20)
(0.101656 0.0362689 -6.69702e-22)
(0.114497 0.0437944 1.31537e-20)
(-0.00387112 -0.00489971 0)
(-0.00249021 -0.0071532 0)
(0.00505006 -0.00573514 -1.79336e-20)
(0.0163319 -0.00126462 0)
(0.0300919 0.00543837 7.88519e-21)
(0.0452442 0.0137534 -7.30729e-21)
(0.0608093 0.0231132 0)
(0.0758851 0.0329519 0)
(0.0896988 0.0428056 -1.42304e-20)
(0.101828 0.0535672 2.77662e-20)
(-0.00397927 -0.00570363 0)
(-0.00348813 -0.00869353 -1.475e-20)
(0.00275712 -0.0073574 -4.98965e-21)
(0.0125632 -0.00256057 -1.72473e-20)
(0.0247885 0.00482707 -8.10257e-21)
(0.0384434 0.0141641 -2.2709e-20)
(0.0526264 0.0249059 0)
(0.066533 0.0366007 0)
(0.079707 0.0488881 0)
(0.092095 0.0620566 3.06953e-22)
(-0.00392728 -0.00646571 0)
(-0.00411333 -0.0102225 -5.55811e-21)
(0.000975412 -0.00907621 8.84974e-21)
(0.0094053 -0.00409915 1.29168e-20)
(0.0201702 0.00381016 -3.76913e-22)
(0.0323962 0.0140025 -3.19204e-22)
(0.045294 0.0259376 1.47673e-20)
(0.0581843 0.0391721 -1.41917e-20)
(0.0707307 0.0533066 2.80768e-20)
(0.0827415 0.0681452 -2.79428e-20)
(-0.00373061 -0.00715721 -2.62951e-21)
(-0.00439797 -0.0116804 1.50296e-20)
(-0.000330535 -0.0108179 2.36602e-20)
(0.00682744 -0.00580806 -2.71091e-20)
(0.0162125 0.00243802 1.64373e-20)
(0.0270697 0.0132688 1.54353e-20)
(0.0387177 0.0261333 -7.38954e-21)
(0.050572 0.0405404 2.87513e-20)
(0.0623172 0.0559856 6.90559e-22)
(0.0736168 0.0719821 -1.36396e-20)
(-0.00340833 -0.00775176 -2.73214e-21)
(-0.00438059 -0.0130151 2.59587e-21)
(-0.00120508 -0.0125193 0)
(0.00478495 -0.00762462 2.27148e-20)
(0.0128712 0.0007606 -4.25549e-21)
(0.0224159 0.0119898 -2.36889e-23)
(0.0328359 0.0255012 -7.52896e-21)
(0.0436223 0.0407525 -2.20276e-20)
(0.0544553 0.0571442 -1.66855e-22)
(0.0649208 0.0740088 2.12527e-20)
(-0.00298238 -0.00822571 0)
(-0.00410321 -0.014183 -1.62643e-20)
(-0.00169488 -0.0141278 4.98421e-21)
(0.0032313 -0.00949445 -1.41862e-20)
(0.0101013 -0.0011733 4.35258e-21)
(0.0183912 0.0102048 -1.43638e-22)
(0.0276093 0.0240777 -1.32458e-22)
(0.0373102 0.0398694 1.47625e-20)
(0.0471635 0.0569204 -2.13864e-20)
(0.0567332 0.0744568 2.10797e-20)
(-0.00247697 -0.00855973 1.42671e-21)
(-0.00360785 -0.0151505 1.08589e-20)
(-0.0018422 -0.0156008 0)
(0.00212797 -0.0113699 1.42896e-20)
(0.00786815 -0.00331507 -1.34942e-20)
(0.0149642 0.00796117 -4.21794e-21)
(0.0230113 0.0219118 1.17391e-20)
(0.0316213 0.0379524 0)
(0.0404584 0.0553994 0)
(0.0491036 0.0734308 0)
(-0.00191726 -0.00874007 -1.46759e-21)
(-0.00293277 -0.0158955 -4.26638e-21)
(-0.00167849 -0.0169062 5.28725e-21)
(0.00145344 -0.0132077 7.39789e-21)
(0.00615877 -0.00561273 6.77254e-21)
(0.0121284 0.0053172 4.32772e-21)
(0.0190417 0.0190685 0)
(0.0265676 0.0350747 7.69159e-21)
(0.0343756 0.0526613 -3.54083e-21)
(0.0420856 0.0710025 0)
(-0.00132794 -0.00875962 0)
(-0.00210873 -0.0164102 8.54214e-21)
(-0.00121848 -0.0180214 -5.28613e-21)
(0.00121085 -0.0149671 -4.93788e-21)
(0.0049918 -0.00800666 1.02721e-23)
(0.00991421 0.00234809 -2.15317e-21)
(0.0157401 0.015634 2.07724e-21)
(0.0221993 0.031329 0)
(0.0289794 0.0487964 -3.66243e-21)
(0.0357467 0.0672436 -3.6479e-21)
(-0.000732072 -0.00862695 1.89948e-22)
(-0.00115514 -0.0167027 -3.24729e-21)
(-0.000455546 -0.0189336 -3.46551e-22)
(0.00143287 -0.0166054 -8.82807e-24)
(0.00442377 -0.0104228 -1.76458e-21)
(0.00839703 -0.000844713 0)
(0.0131959 0.0117285 -2.07665e-21)
(0.0186157 0.0268417 0)
(0.0243765 0.0439243 0)
(0.0301864 0.06225 0)
)
;

boundaryField
{
    inlet
    {
        type            uniformFixedValue;
        uniformValue    constant (1 0 0);
        value           uniform (1 0 0);
    }
    outlet
    {
        type            pressureInletOutletVelocity;
        value           nonuniform List<vector> 
40
(
(0.0210273 0.0548031 0)
(0.0331795 0.138512 0)
(0.0407134 0.218802 0)
(0.0402305 0.29234 0)
(0.0344661 0.367155 0)
(0.0277048 0.447142 0)
(0.0195395 0.534445 0)
(0.0136155 0.635635 0)
(0.00465855 0.754154 0)
(0.00201239 0.862215 0)
(0.0145715 0.00828686 1.74577e-23)
(0 -0.0106146 0)
(0 -0.0285587 0)
(0 -0.0454682 0)
(0 -0.0613054 0)
(0 -0.076051 0)
(0 -0.0897053 0)
(0 -0.102285 0)
(0 -0.113815 0)
(0 -0.12433 0)
(0 -0.133866 0)
(0 -0.142471 0)
(0 -0.150198 0)
(0 -0.157116 0)
(0 -0.163307 0)
(0 -0.168863 0)
(0 -0.173887 0)
(0 -0.178488 0)
(0 -0.182775 0)
(0 -0.186862 0)
(0 -0.196329 0)
(0 -0.215034 0)
(0 -0.241068 0)
(0 -0.277744 0)
(0 -0.326974 0)
(0 -0.386687 0)
(0 -0.448991 0)
(0 -0.502308 0)
(0 -0.538674 0)
(0 -0.556682 0)
)
;
    }
    cylinder
    {
        type            fixedValue;
        value           uniform (0 0 0);
    }
    top
    {
        type            symmetryPlane;
    }
    bottom
    {
        type            symmetryPlane;
    }
    defaultFaces
    {
        type            empty;
    }
}


// ************************************************************************* //
