/*--------------------------------*- C++ -*----------------------------------*\
  =========                 |
  \\      /  F ield         | OpenFOAM: The Open Source CFD Toolbox
   \\    /   O peration     | Website:  https://openfoam.org
    \\  /    A nd           | Version:  7
     \\/     M anipulation  |
\*---------------------------------------------------------------------------*/
FoamFile
{
    version     2.0;
    format      ascii;
    class       volVectorField;
    location    "72.7";
    object      U;
}
// * * * * * * * * * * * * * * * * * * * * * * * * * * * * * * * * * * * * * //

dimensions      [0 1 -1 0 0 0 0];

internalField   nonuniform List<vector> 
2000
(
(-0.000137649 -0.00658966 -2.77155e-22)
(5.1627e-05 -0.0146584 0)
(0.000819281 -0.0186188 0)
(0.00214173 -0.0191492 -1.42225e-21)
(0.00397554 -0.0166487 4.59614e-22)
(0.0062899 -0.0113735 1.61799e-23)
(0.00906133 -0.00352366 -7.90659e-22)
(0.0122468 0.00668834 0)
(0.0157506 0.018985 0)
(0.0193867 0.0329946 0)
(0.000419823 -0.0063781 0)
(0.0014955 -0.014718 -1.08616e-21)
(0.00292121 -0.0190765 1.00166e-21)
(0.00457448 -0.0200902 1.8989e-21)
(0.00644029 -0.0181587 0)
(0.00852136 -0.0135465 1.72917e-21)
(0.0108368 -0.00644148 -1.608e-21)
(0.0133943 0.00298835 0)
(0.016157 0.0145441 2.93014e-21)
(0.0189586 0.0279596 -5.63892e-21)
(0.00101621 -0.00621582 0)
(0.00317271 -0.0148087 8.70189e-21)
(0.00549891 -0.0194915 0)
(0.00771168 -0.0209029 7.76981e-21)
(0.00981854 -0.0194631 0)
(0.0118502 -0.0154635 -6.98762e-21)
(0.0138632 -0.00909553 0)
(0.0159127 -0.000494343 6.28534e-21)
(0.0180257 0.0102192 -5.88657e-21)
(0.0200479 0.0228907 -5.74453e-21)
(0.00168698 -0.00613728 -2.26976e-21)
(0.00513858 -0.0149703 -4.33729e-21)
(0.00860345 -0.019879 -2.03608e-21)
(0.0115997 -0.0215671 -3.81504e-21)
(0.0141543 -0.0204963 -3.65289e-21)
(0.0163262 -0.0170021 3.43859e-21)
(0.0182074 -0.0112992 3.30004e-21)
(0.0198962 -0.00350702 -1.06614e-23)
(0.0214856 0.00632225 5.95693e-21)
(0.0228309 0.0181396 5.74279e-21)
(0.00247329 -0.00617072 -2.24142e-21)
(0.00745079 -0.0152331 -4.44176e-21)
(0.0122765 -0.0202474 -8.43333e-21)
(0.0162546 -0.022066 3.87815e-21)
(0.0194402 -0.0212087 0)
(0.0219275 -0.0180699 0)
(0.0238462 -0.0129044 -6.77801e-21)
(0.025336 -0.00583694 -6.41429e-21)
(0.0265565 0.00313299 6.05255e-21)
(0.0273779 0.0140427 1.73761e-20)
(0.00342335 -0.0063348 2.27596e-21)
(0.0101634 -0.0156046 2.30186e-21)
(0.0165373 -0.0205936 -1.25319e-20)
(0.021649 -0.0223867 1.98918e-20)
(0.025601 -0.0215757 -3.70635e-21)
(0.0285369 -0.0186229 0)
(0.0306334 -0.0138351 0)
(0.032074 -0.00736092 3.20802e-20)
(0.0330833 0.000833662 -3.02577e-20)
(0.0335642 0.0108491 5.72867e-21)
(0.00458596 -0.00662907 1.78096e-20)
(0.0133182 -0.0160681 0)
(0.021373 -0.0209001 1.6738e-20)
(0.0277021 -0.0225198 -1.58796e-20)
(0.0324835 -0.0216012 0)
(0.0359316 -0.0186763 7.22007e-21)
(0.0382853 -0.0141091 -2.02578e-20)
(0.0397802 -0.00808483 -2.56856e-20)
(0.0407065 -0.000553189 1.20572e-20)
(0.0410143 0.00862996 1.1621e-20)
(0.00600356 -0.00703196 -3.55991e-20)
(0.0169344 -0.0165808 -4.50816e-21)
(0.0267306 -0.0211333 -8.49102e-21)
(0.0342756 -0.0224581 -1.99849e-20)
(0.0398586 -0.0213156 -7.65459e-21)
(0.0437912 -0.0183032 -7.23841e-21)
(0.0463926 -0.013839 3.00282e-23)
(0.047963 -0.00815226 0)
(0.0488621 -0.00119052 0)
(0.0491051 0.0072341 1.09047e-22)
(0.0077053 -0.0075014 1.77898e-20)
(0.0209986 -0.0170741 -1.79573e-20)
(0.0325107 -0.0212455 1.26255e-20)
(0.0411746 -0.0221966 2.81391e-20)
(0.0474342 -0.0207722 -7.51115e-21)
(0.0517257 -0.0176225 7.22107e-21)
(0.0544657 -0.0132088 6.81106e-21)
(0.0560285 -0.007804 0)
(0.0568488 -0.00136487 0)
(0.0570357 0.00633926 -2.72828e-22)
(0.00970112 -0.00797851 -2.23154e-21)
(0.0254565 -0.0174602 2.25317e-20)
(0.0385646 -0.0211806 -4.2155e-21)
(0.0481565 -0.0217359 0)
(0.0548788 -0.0200433 0)
(0.0593227 -0.0167856 1.43213e-20)
(0.062016 -0.0124447 0)
(0.0634095 -0.00732196 -1.25889e-20)
(0.0639926 -0.00140611 8.73211e-24)
(0.0639822 0.00550673 1.127e-20)
(0.0275816 0.0671348 2.18599e-22)
(0.0425006 0.134945 -2.21137e-22)
(0.0482778 0.196087 -2.55795e-22)
(0.0474364 0.251662 -2.92905e-22)
(0.0414973 0.308586 -3.61126e-22)
(0.036662 0.37053 -1.27465e-23)
(0.0244213 0.439966 1.90623e-22)
(0.021156 0.526321 6.79493e-22)
(0.000426267 0.650397 0)
(0.00658745 0.799259 -4.98449e-22)
(0.0248548 0.0613421 8.33346e-22)
(0.0387515 0.129913 -9.59824e-22)
(0.0452489 0.19396 1.72239e-21)
(0.0450019 0.251416 2.93395e-22)
(0.0395412 0.309352 6.36049e-22)
(0.0350781 0.371963 1.09705e-21)
(0.0233765 0.44192 -4.11925e-22)
(0.0202645 0.528708 -4.55658e-22)
(0.000415106 0.652379 8.93267e-22)
(0.00614402 0.799882 4.97268e-22)
(0.023462 0.0551089 0)
(0.035516 0.123563 -9.1105e-22)
(0.0425693 0.190538 -5.0047e-22)
(0.0428528 0.250067 0)
(0.0378208 0.30914 -1.95875e-21)
(0.0337057 0.37251 6.10575e-22)
(0.0224814 0.443057 6.91527e-22)
(0.0194801 0.53031 2.45462e-21)
(0.000444918 0.653924 -8.90375e-22)
(0.00574473 0.800311 1.79316e-21)
(0.0236894 0.0487706 0)
(0.0328749 0.116037 9.18718e-22)
(0.0402346 0.185807 0)
(0.0409686 0.247587 2.26113e-21)
(0.0363188 0.30794 -2.27284e-21)
(0.0325268 0.372159 -1.39522e-21)
(0.0217228 0.443318 -8.89802e-23)
(0.0188133 0.531012 -2.39728e-21)
(0.000517087 0.654722 -3.92939e-22)
(0.0053691 0.800351 -2.20566e-21)
(0.025787 0.0426923 3.83269e-23)
(0.0309687 0.107593 -2.62154e-21)
(0.0382429 0.17978 1.15189e-22)
(0.039329 0.24396 -1.98714e-21)
(0.0350158 0.30577 0)
(0.0315182 0.370974 -1.33175e-21)
(0.0210776 0.442864 -1.16182e-22)
(0.0182355 0.531146 3.0146e-21)
(0.000599345 0.655246 4.00281e-22)
(0.00502035 0.800339 -4.01735e-22)
(0.0298376 0.037203 -7.13658e-21)
(0.0299947 0.0986048 4.50476e-21)
(0.0366018 0.172513 1.93776e-21)
(0.0379183 0.239185 -1.93679e-21)
(0.0338975 0.302593 -1.07732e-21)
(0.0306705 0.368839 0)
(0.0205506 0.441438 -2.6689e-21)
(0.0177706 0.530203 1.32966e-21)
(0.000719231 0.654724 1.46183e-21)
(0.00467946 0.799826 1.52361e-21)
(0.0356058 0.0325335 -8.61721e-22)
(0.0301572 0.0895386 0)
(0.0353361 0.164124 0)
(0.0367187 0.233297 0)
(0.0329389 0.298558 -1.15295e-21)
(0.0299542 0.366119 2.2268e-21)
(0.0200992 0.439689 2.60121e-21)
(0.0173435 0.529237 -4.05371e-21)
(0.0008063 0.65451 7.19689e-22)
(0.00436697 0.799543 -2.22174e-21)
(0.0424465 0.0287436 5.42369e-21)
(0.0315418 0.0808015 3.67148e-21)
(0.0344807 0.154838 -3.63828e-21)
(0.0357338 0.226246 3.96492e-21)
(0.0321346 0.293259 -4.92983e-21)
(0.0293818 0.362001 0)
(0.0197773 0.436344 -1.16871e-21)
(0.0170658 0.526394 5.94076e-23)
(0.000967302 0.65245 -1.29864e-21)
(0.00404674 0.79845 -1.36437e-21)
(0.0492513 0.0254857 -4.62327e-21)
(0.033933 0.0721735 0)
(0.0340339 0.14464 -4.12279e-21)
(0.0349122 0.218602 7.49362e-21)
(0.0314592 0.288095 -2.80224e-21)
(0.028879 0.358658 -5.24441e-22)
(0.0194399 0.434259 1.1662e-21)
(0.0166968 0.525304 8.86517e-24)
(0.000995074 0.652229 1.87485e-21)
(0.00376364 0.798141 1.98222e-21)
(0.054385 0.0226084 -3.71882e-21)
(0.0366794 0.0635392 3.63275e-21)
(0.0341143 0.13225 4.52106e-22)
(0.0342943 0.207132 0)
(0.0308614 0.278444 0)
(0.0285969 0.350652 5.12438e-22)
(0.0193979 0.427401 2.19086e-21)
(0.0166972 0.519289 -2.12824e-21)
(0.00124944 0.64783 -5.76192e-22)
(0.00344934 0.796318 5.57779e-22)
(0.0575122 0.0247729 0)
(0.0402859 0.0591357 0)
(0.0350294 0.123881 0)
(0.0341143 0.202144 0)
(0.0299794 0.2772 0)
(0.0269818 0.351864 0)
(0.0180698 0.429883 0)
(0.0152266 0.52298 0)
(0.000799125 0.650877 0)
(0.00284501 0.796541 0)
(0.0604181 0.0460379 0)
(0.043651 0.0795761 0)
(0.0341691 0.133833 0)
(0.0319669 0.206814 0)
(0.0282393 0.28164 0)
(0.025186 0.357346 0)
(0.0169769 0.436856 0)
(0.0138151 0.531476 0)
(0.000712176 0.658413 0)
(0.0022932 0.798807 0)
(0.0588904 0.0544402 0)
(0.0460899 0.0918504 0)
(0.0345799 0.142319 0)
(0.0304519 0.212176 0)
(0.0264455 0.286687 0)
(0.0230773 0.362456 0)
(0.0155279 0.442334 0)
(0.0123271 0.537238 0)
(0.000489877 0.663055 0)
(0.00182439 0.799228 0)
(0.0547736 0.059967 0)
(0.0462842 0.101979 0)
(0.0348701 0.150153 0)
(0.029299 0.21699 0)
(0.0252229 0.291719 0)
(0.0218677 0.368633 0)
(0.0148396 0.449903 0)
(0.0114516 0.545898 0)
(0.000680484 0.670501 0)
(0.00154836 0.801414 0)
(0.0497138 0.0628771 0)
(0.0448153 0.11048 0)
(0.034749 0.158274 0)
(0.0284173 0.221879 0)
(0.0238765 0.295476 0)
(0.0202867 0.372402 0)
(0.0137724 0.454033 0)
(0.0104202 0.550217 0)
(0.000561701 0.673845 0)
(0.00124143 0.801371 0)
(0.0439032 0.0633019 0)
(0.0420738 0.116667 0)
(0.0335946 0.165509 0)
(0.0273102 0.227014 0)
(0.023229 0.300354 0)
(0.0197597 0.378318 0)
(0.0135509 0.461346 0)
(0.0099761 0.558626 0)
(0.000890817 0.680905 0)
(0.00109829 0.803352 0)
(0.0376362 0.0614016 0)
(0.0388971 0.121036 0)
(0.0327238 0.172807 0)
(0.0261869 0.232068 0)
(0.0217626 0.303317 0)
(0.0184375 0.380804 0)
(0.0127836 0.464004 0)
(0.00930816 0.561328 0)
(0.000832449 0.682901 0)
(0.000911311 0.802978 0)
(0.030844 0.0567342 0)
(0.0345066 0.121299 0)
(0.0308796 0.177183 0)
(0.0256832 0.237602 0)
(0.0217142 0.309119 0)
(0.0183433 0.387412 0)
(0.0128635 0.471861 0)
(0.00914668 0.570164 0)
(0.00128949 0.690122 0)
(0.000871785 0.805031 0)
(0.02567 0.0525825 0)
(0.0321253 0.122941 0)
(0.0302966 0.182246 0)
(0.02483 0.241021 0)
(0.0205905 0.310669 0)
(0.0174504 0.388569 0)
(0.0123732 0.473189 0)
(0.00876232 0.571416 0)
(0.00125172 0.691042 0)
(0.000776575 0.804672 0)
(0.0177682 0.0369136 0)
(0.0266317 0.113368 0)
(0.0293967 0.182845 0)
(0.0262694 0.247447 0)
(0.0219059 0.318027 0)
(0.0181375 0.396469 0)
(0.0129148 0.482208 0)
(0.00887816 0.581372 0)
(0.00185897 0.698986 0)
(0.000804702 0.807063 0)
(0.068193 0.0145528 3.30871e-21)
(0.0670582 0.0252755 -3.25317e-21)
(0.0619677 0.028437 2.82457e-22)
(0.0558418 0.0294098 0)
(0.0492627 0.0283451 0)
(0.0419916 0.0256047 8.46329e-23)
(0.0343238 0.021281 -1.03953e-22)
(0.0264627 0.0149368 1.02172e-22)
(0.0197199 0.00916918 -1.60495e-23)
(0.0111267 -0.00491265 1.57747e-23)
(0.0702049 0.0103463 -4.35934e-21)
(0.0669745 0.0164686 0)
(0.0608941 0.0171374 1.59287e-21)
(0.0543564 0.01622 -3.16919e-21)
(0.0475271 0.0136265 1.57297e-21)
(0.0400575 0.00973278 -8.28244e-23)
(0.0322062 0.00455316 7.23442e-23)
(0.0243041 -0.00230536 1.50413e-23)
(0.0171014 -0.00859685 -2.73376e-23)
(0.00908644 -0.0216164 -3.06355e-23)
(0.0711498 0.00564269 4.91218e-21)
(0.0662372 0.00763828 -2.28385e-21)
(0.0595643 0.00595944 2.26188e-21)
(0.0527315 0.00318125 -1.24877e-21)
(0.045678 -0.000926735 9.78733e-22)
(0.0380199 -0.00594953 0)
(0.030024 -0.0119306 -7.25095e-23)
(0.022105 -0.0191372 -5.30498e-25)
(0.0146256 -0.0256966 1.06034e-23)
(0.00728762 -0.0372268 4.621e-23)
(0.0712263 -0.000302573 -7.49138e-22)
(0.0648943 -0.00190336 0)
(0.0578909 -0.00558041 0)
(0.0508561 -0.00998075 0)
(0.0436543 -0.0154009 6.23461e-22)
(0.0358698 -0.0213668 -3.83296e-22)
(0.0278034 -0.0279636 2.75934e-23)
(0.0198995 -0.0352947 1.26282e-23)
(0.01238 -0.0418287 1.10478e-23)
(0.00568667 -0.0516564 2.01838e-23)
(0.0703184 -0.00758023 -5.08004e-22)
(0.0628571 -0.0122086 -1.99322e-21)
(0.0557529 -0.0175382 -8.03265e-22)
(0.0486162 -0.0232631 8.02686e-22)
(0.0413579 -0.0297287 -2.37179e-22)
(0.0335476 -0.0363791 0)
(0.025513 -0.0433465 -6.82574e-23)
(0.0177242 -0.0505638 2.04103e-23)
(0.010373 -0.0567907 -5.44601e-24)
(0.00434426 -0.0648748 -3.1558e-23)
(0.0685187 -0.0160224 -5.48425e-21)
(0.0602517 -0.0230735 9.1261e-22)
(0.0532412 -0.0297611 2.34193e-22)
(0.0460865 -0.0365036 7.86685e-22)
(0.0388561 -0.0437393 0)
(0.0311133 -0.0508032 0)
(0.0232166 -0.0578889 0)
(0.0156462 -0.0647733 2.52018e-23)
(0.00862172 -0.0704707 0)
(0.00326763 -0.0768997 0)
(0.0659246 -0.0253626 0)
(0.0572127 -0.0342048 1.56219e-21)
(0.0504467 -0.0420122 -1.00667e-21)
(0.0433507 -0.0494741 -5.66637e-22)
(0.0362367 -0.057224 5.69545e-22)
(0.0286501 -0.0644482 1.12268e-22)
(0.0209848 -0.071427 -1.41685e-22)
(0.0137247 -0.0778063 -1.20051e-22)
(0.00713567 -0.0828336 9.4798e-24)
(0.00243045 -0.0877842 9.47986e-24)
(0.0626204 -0.0353004 0)
(0.0538604 -0.0453036 -5.55885e-22)
(0.0474476 -0.0540348 -2.24175e-22)
(0.0404903 -0.0619394 0)
(0.033575 -0.0699791 7.40909e-23)
(0.0262287 -0.077148 -2.76034e-22)
(0.0188741 -0.0838421 1.13057e-22)
(0.0119981 -0.0896066 1.92309e-24)
(0.00590633 -0.0939072 -7.03043e-24)
(0.00179613 -0.0976035 -1.07096e-23)
(0.0587384 -0.0455024 7.41679e-22)
(0.0502913 -0.0561071 5.03398e-22)
(0.044317 -0.0655943 -1.7052e-22)
(0.0375798 -0.0736925 8.68627e-23)
(0.0309372 -0.0818364 1.21295e-22)
(0.0239068 -0.0887834 1.21018e-22)
(0.0169242 -0.0950712 -2.52895e-23)
(0.0104842 -0.100176 -1.27471e-23)
(0.00490992 -0.103764 7.05342e-24)
(0.00132594 -0.106442 6.04738e-26)
(0.0544373 -0.0556921 -1.56136e-22)
(0.046593 -0.0664037 1.5753e-22)
(0.0411228 -0.0765009 -1.13532e-22)
(0.0346876 -0.0845788 -8.67305e-23)
(0.0283787 -0.0926815 5.3615e-23)
(0.0217279 -0.0992932 -9.61014e-23)
(0.0151579 -0.105108 3.54162e-23)
(0.00918197 -0.109564 2.55011e-24)
(0.00411372 -0.112502 0)
(0.000982777 -0.114387 -6.06005e-26)
(0.0498979 -0.0656481 1.60219e-22)
(0.0428668 -0.0760458 -1.61573e-22)
(0.0379423 -0.0866223 -1.19973e-22)
(0.0318859 -0.0945067 -9.28174e-23)
(0.0259491 -0.10246 -5.66868e-23)
(0.0197244 -0.108674 9.08742e-24)
(0.0135845 -0.113994 1.9577e-23)
(0.00807827 -0.117855 2.9386e-23)
(0.00348239 -0.120234 0)
(0.000734008 -0.121523 -2.20179e-24)
(0.0453094 -0.0752172 0)
(0.0392242 -0.084952 -5.42017e-22)
(0.0348545 -0.0958833 9.15141e-22)
(0.029243 -0.103449 9.29539e-23)
(0.0236888 -0.111171 1.45506e-22)
(0.0179172 -0.116972 1.51213e-22)
(0.0122026 -0.12181 -3.10333e-23)
(0.0071523 -0.125156 -1.77947e-23)
(0.00298264 -0.127073 2.09595e-23)
(0.000553355 -0.127929 2.19651e-24)
(0.040823 -0.0843142 0)
(0.0357534 -0.0931062 -6.30015e-22)
(0.0319129 -0.104261 -2.49505e-22)
(0.0268033 -0.111435 0)
(0.0216187 -0.118862 -4.01078e-22)
(0.0163098 -0.124274 1.53997e-22)
(0.0110004 -0.128658 9.18497e-23)
(0.00637924 -0.131581 1.49288e-22)
(0.00258548 -0.133128 -2.08911e-23)
(0.000420872 -0.133682 1.54889e-23)
(0.0365478 -0.0929101 0)
(0.0325137 -0.100557 6.35234e-22)
(0.0291462 -0.111776 0)
(0.0245858 -0.118547 7.28388e-22)
(0.0197425 -0.125616 -7.32168e-22)
(0.014892 -0.130689 -1.91183e-22)
(0.00995979 -0.134658 4.33971e-23)
(0.00573337 -0.13725 -1.56242e-22)
(0.0022672 -0.138505 -2.86479e-23)
(0.000321842 -0.138859 -2.3971e-23)
(0.032564 -0.101016 6.56714e-21)
(0.029552 -0.107409 -2.45951e-21)
(0.0265733 -0.118486 -2.40136e-22)
(0.022596 -0.1249 -9.89852e-22)
(0.0180577 -0.131544 0)
(0.0136474 -0.136347 -2.05316e-22)
(0.00906133 -0.139932 6.89682e-23)
(0.00519137 -0.14228 2.38697e-22)
(0.00200969 -0.143305 9.68485e-24)
(0.000245864 -0.143538 -9.6746e-24)
(0.0289183 -0.10866 5.77251e-22)
(0.026907 -0.113821 3.83355e-21)
(0.0242127 -0.124471 1.03786e-21)
(0.0208318 -0.130635 -1.03723e-21)
(0.0165618 -0.136772 -3.60489e-22)
(0.0125587 -0.141381 0)
(0.00828833 -0.144609 -3.34787e-22)
(0.00473411 -0.146785 1.79099e-22)
(0.00180002 -0.147627 9.00001e-23)
(0.000185883 -0.147798 2.28602e-23)
(0.02564 -0.11585 -9.25851e-22)
(0.0246288 -0.11999 0)
(0.0221017 -0.129831 0)
(0.0192949 -0.135897 0)
(0.0152605 -0.141435 -2.8498e-22)
(0.0116141 -0.145923 6.4475e-22)
(0.00762969 -0.14881 3.45487e-22)
(0.00434804 -0.150876 -4.09068e-22)
(0.00162987 -0.151568 2.33905e-23)
(0.000137148 -0.151722 -4.57856e-23)
(0.0227292 -0.122545 -2.14771e-21)
(0.0227414 -0.126137 2.85468e-21)
(0.0202685 -0.134679 -2.82776e-21)
(0.0179681 -0.140827 1.80831e-21)
(0.0141508 -0.14567 -2.19364e-21)
(0.0107968 -0.150098 0)
(0.00707296 -0.152653 -2.1161e-22)
(0.00402091 -0.154655 -9.78463e-24)
(0.00149276 -0.15522 -7.80997e-23)
(9.5756e-05 -0.155394 -2.64766e-23)
(0.019888 -0.128583 -1.00634e-21)
(0.0209682 -0.132474 0)
(0.0185691 -0.139142 -2.79277e-21)
(0.0166989 -0.145552 4.33115e-21)
(0.0131405 -0.149616 -1.48706e-21)
(0.0100341 -0.154026 -1.58523e-22)
(0.00657403 -0.156251 2.11128e-22)
(0.00372556 -0.158222 2.59605e-23)
(0.00137705 -0.158676 1.61071e-22)
(5.92669e-05 -0.158901 5.2591e-23)
(0.0170707 -0.133536 -4.07679e-21)
(0.0191653 -0.139195 3.9842e-21)
(0.0170142 -0.143404 3.6161e-22)
(0.015464 -0.150205 0)
(0.0122136 -0.153425 0)
(0.00931974 -0.157836 1.63235e-22)
(0.00612628 -0.159723 3.94089e-22)
(0.00346065 -0.161679 -3.86736e-22)
(0.00128275 -0.162029 -2.92092e-23)
(4.04923e-05 -0.162332 2.85775e-23)
(0.0171752 -0.140696 0)
(0.0195502 -0.155197 0)
(0.0168287 -0.153151 0)
(0.0149779 -0.16116 0)
(0.01174 -0.162468 0)
(0.00879512 -0.16698 0)
(0.00578647 -0.16807 0)
(0.00325078 -0.169992 0)
(0.00125679 -0.170046 0)
(7.60973e-05 -0.170489 0)
(0.0154224 -0.165754 0)
(0.0138462 -0.181278 0)
(0.0119104 -0.175295 0)
(0.0100851 -0.18337 0)
(0.00790883 -0.182097 0)
(0.00588245 -0.186371 0)
(0.00389355 -0.186041 0)
(0.002232 -0.18783 0)
(0.000907967 -0.187275 0)
(9.30489e-05 -0.187851 0)
(0.0158328 -0.195518 0)
(0.0130049 -0.211984 0)
(0.0107408 -0.203174 0)
(0.00857467 -0.211668 0)
(0.00661039 -0.208341 0)
(0.00477519 -0.212793 0)
(0.00319432 -0.211261 0)
(0.00185839 -0.213195 0)
(0.000826508 -0.212034 0)
(0.000106315 -0.212833 0)
(0.015669 -0.232796 0)
(0.0120036 -0.250544 0)
(0.00977258 -0.23964 0)
(0.00738175 -0.249021 0)
(0.00569812 -0.243973 0)
(0.00399303 -0.249015 0)
(0.00275577 -0.246385 0)
(0.00161713 -0.248738 0)
(0.000794069 -0.246933 0)
(0.000108083 -0.248093 0)
(0.0152219 -0.27927 0)
(0.011153 -0.297588 0)
(0.00901067 -0.285858 0)
(0.0064608 -0.296059 0)
(0.00503542 -0.289926 0)
(0.00338419 -0.295707 0)
(0.00242959 -0.292232 0)
(0.00138334 -0.295159 0)
(0.000738713 -0.292774 0)
(7.92187e-05 -0.294431 0)
(0.01413 -0.333299 0)
(0.0100455 -0.350272 0)
(0.0081161 -0.339764 0)
(0.00554832 -0.349838 0)
(0.00438283 -0.343801 0)
(0.00277135 -0.34986 0)
(0.00204986 -0.346137 0)
(0.00103985 -0.349434 0)
(0.000583136 -0.346771 0)
(5.23401e-06 -0.348844 0)
(0.0120802 -0.388722 0)
(0.00843224 -0.402345 0)
(0.00680685 -0.395028 0)
(0.00448149 -0.403572 0)
(0.00355764 -0.398973 0)
(0.00207876 -0.404345 0)
(0.00152987 -0.401197 0)
(0.000590792 -0.404249 0)
(0.000326822 -0.401834 0)
(-8.3913e-05 -0.403925 0)
(0.00916064 -0.436809 0)
(0.00631655 -0.446242 0)
(0.00507346 -0.442924 0)
(0.00325098 -0.448997 0)
(0.00255957 -0.446572 0)
(0.00136482 -0.450417 0)
(0.000947785 -0.448421 0)
(0.000181787 -0.450592 0)
(7.80216e-05 -0.448872 0)
(-0.000131907 -0.450455 0)
(0.00566844 -0.470742 0)
(0.00385814 -0.476671 0)
(0.00308817 -0.476692 0)
(0.00194013 -0.480418 0)
(0.00151256 -0.479957 0)
(0.000735154 -0.482174 0)
(0.000464614 -0.481338 0)
(-3.56655e-05 -0.482467 0)
(-4.77857e-05 -0.481529 0)
(-0.000115225 -0.482383 0)
(0.0019131 -0.487835 0)
(0.00127934 -0.491925 0)
(0.00103087 -0.49375 0)
(0.000636917 -0.496121 0)
(0.000498997 -0.496751 0)
(0.000226148 -0.497973 0)
(0.000134473 -0.497818 0)
(-4.20699e-05 -0.498286 0)
(-3.41666e-05 -0.497842 0)
(-4.58041e-05 -0.498203 0)
(0.0166629 -0.150706 4.79048e-21)
(0.0169006 -0.177089 -4.6965e-21)
(0.0179938 -0.208651 6.07193e-22)
(0.0180113 -0.247093 0)
(0.0175625 -0.293291 0)
(0.0162223 -0.345037 7.0436e-22)
(0.0138441 -0.396437 -3.02919e-21)
(0.0105497 -0.440029 2.98925e-21)
(0.00659779 -0.470366 8.13819e-22)
(0.00224338 -0.485556 -8.01122e-22)
(0.0168219 -0.155736 -5.65098e-21)
(0.017775 -0.181935 0)
(0.0190169 -0.213608 4.13273e-21)
(0.0190722 -0.252086 -9.53962e-21)
(0.0185935 -0.297929 6.12683e-21)
(0.0171376 -0.34871 -6.50204e-22)
(0.0146224 -0.398639 1.4502e-21)
(0.0111695 -0.440696 3.06185e-21)
(0.00701423 -0.469869 8.63348e-22)
(0.00238677 -0.484478 8.37684e-22)
(0.0173373 -0.160967 6.60622e-21)
(0.0190125 -0.187068 -4.56056e-21)
(0.0202964 -0.218593 4.51738e-21)
(0.0203433 -0.256842 -5.06367e-21)
(0.0197862 -0.302139 3.7471e-21)
(0.0181718 -0.351845 0)
(0.0154745 -0.400307 -1.45374e-21)
(0.0118149 -0.440926 7.59475e-23)
(0.00742095 -0.469074 -1.60818e-21)
(0.00251524 -0.483197 -1.64308e-21)
(0.018231 -0.165652 -1.06946e-21)
(0.0205431 -0.191829 0)
(0.0218127 -0.223277 0)
(0.0218235 -0.26131 0)
(0.0211513 -0.306061 4.17814e-21)
(0.0193496 -0.354711 -2.79399e-21)
(0.0164334 -0.401757 -1.91084e-23)
(0.0125204 -0.440983 -1.71862e-21)
(0.00784731 -0.468115 -8.82166e-22)
(0.00264259 -0.481726 -9.44558e-22)
(0.0195707 -0.169882 1.12672e-22)
(0.0223395 -0.19599 -3.23413e-21)
(0.0235381 -0.227344 -2.47646e-21)
(0.023489 -0.265188 2.47492e-21)
(0.0226739 -0.309441 -1.36538e-21)
(0.0206691 -0.357133 0)
(0.0175128 -0.402897 -1.60235e-21)
(0.0133146 -0.440846 3.5084e-21)
(0.00832624 -0.467013 -1.79562e-21)
(0.00278639 -0.480112 1.84825e-21)
(0.0213972 -0.173741 -8.60195e-21)
(0.0244229 -0.199583 9.29184e-22)
(0.0254862 -0.230721 -1.82747e-22)
(0.0253402 -0.268334 2.54444e-21)
(0.0243513 -0.312098 0)
(0.0221261 -0.358927 0)
(0.0187123 -0.40357 0)
(0.014205 -0.440409 1.88049e-21)
(0.00887085 -0.465734 0)
(0.00295541 -0.478375 0)
(0.0237227 -0.177138 0)
(0.0268126 -0.202594 3.56208e-21)
(0.0276854 -0.233405 -2.40735e-21)
(0.0273958 -0.270727 -2.85868e-21)
(0.0261983 -0.313995 2.87355e-21)
(0.0237287 -0.360034 1.71315e-21)
(0.0200334 -0.403705 -1.69969e-21)
(0.0151905 -0.439611 -6.71776e-21)
(0.00948026 -0.46424 4.78285e-22)
(0.00315093 -0.47651 -1.63714e-21)
(0.0265551 -0.179941 0)
(0.029516 -0.204943 -1.15748e-21)
(0.0301556 -0.235358 -6.54549e-22)
(0.0296735 -0.272361 0)
(0.0282337 -0.315139 8.3545e-22)
(0.0254918 -0.360467 -2.52177e-21)
(0.0214845 -0.403304 2.80698e-21)
(0.0162729 -0.438439 1.00141e-21)
(0.0101518 -0.462515 -1.09599e-21)
(0.00337225 -0.474501 2.17199e-21)
(0.0299052 -0.182047 1.03898e-21)
(0.0325378 -0.206562 1.25798e-21)
(0.0329088 -0.236527 -2.78657e-22)
(0.0321838 -0.273213 3.74418e-22)
(0.0304721 -0.315531 7.95794e-22)
(0.0274291 -0.360246 1.33565e-21)
(0.023076 -0.402393 -5.02307e-22)
(0.0174574 -0.436909 -5.42735e-22)
(0.010886 -0.460557 1.09961e-21)
(0.0036195 -0.472336 5.95961e-22)
(0.0337832 -0.183369 -2.90356e-22)
(0.0358835 -0.207413 2.93037e-22)
(0.0359548 -0.236868 -3.37069e-22)
(0.0349329 -0.27326 -3.73934e-22)
(0.0329238 -0.315159 4.43905e-22)
(0.0295506 -0.359373 -9.06236e-22)
(0.024818 -0.400979 7.68646e-22)
(0.0187521 -0.435029 2.74808e-22)
(0.0116869 -0.458368 0)
(0.00389434 -0.470011 -5.97292e-22)
(0.0381967 -0.183843 2.97727e-22)
(0.0395559 -0.207489 -3.00581e-22)
(0.0393027 -0.236362 -3.62195e-22)
(0.0379257 -0.272499 -4.04292e-22)
(0.0355974 -0.31402 -4.63328e-22)
(0.031863 -0.357855 -3.24121e-23)
(0.0267175 -0.399072 2.70929e-22)
(0.0201624 -0.432807 8.74659e-22)
(0.0125575 -0.455951 0)
(0.00419778 -0.467522 -6.51945e-22)
(0.0431509 -0.183449 0)
(0.0435551 -0.20679 -1.38591e-21)
(0.0429593 -0.235019 2.51257e-21)
(0.0411643 -0.270938 4.04976e-22)
(0.0385012 -0.312118 9.4069e-22)
(0.0343734 -0.35569 1.54364e-21)
(0.0287836 -0.396665 -5.48983e-22)
(0.0216977 -0.430234 -5.93376e-22)
(0.0135044 -0.453299 1.31254e-21)
(0.00453202 -0.464864 6.50425e-22)
(0.0486469 -0.182231 0)
(0.0478808 -0.205308 -1.36698e-21)
(0.0469273 -0.232878 -7.55622e-22)
(0.0446529 -0.268598 0)
(0.0416404 -0.309487 -2.96275e-21)
(0.0370854 -0.352906 9.90292e-22)
(0.0310187 -0.393783 1.17889e-21)
(0.0233575 -0.42733 3.80637e-21)
(0.0145254 -0.450411 -1.30828e-21)
(0.00489512 -0.462024 2.82399e-21)
(0.0546805 -0.180305 0)
(0.0525356 -0.203035 1.37863e-21)
(0.0511949 -0.230079 0)
(0.0483914 -0.265468 3.78651e-21)
(0.0450209 -0.306145 -3.80594e-21)
(0.0400084 -0.349491 -2.32576e-21)
(0.0334334 -0.390404 -5.19161e-23)
(0.0251579 -0.424065 -3.91746e-21)
(0.0156351 -0.447264 -6.53002e-22)
(0.00529134 -0.458982 -3.51265e-21)
(0.0612242 -0.17777 9.9581e-21)
(0.0575209 -0.199953 -3.82274e-21)
(0.0557668 -0.226606 4.0974e-22)
(0.0524101 -0.261559 -3.53723e-21)
(0.0486318 -0.302121 0)
(0.0431436 -0.345491 -2.42573e-21)
(0.0360238 -0.386578 -2.02599e-22)
(0.0270913 -0.420483 5.32093e-21)
(0.0168255 -0.443895 7.29394e-22)
(0.00571566 -0.455763 -7.32194e-22)
(0.0682257 -0.174617 -1.02621e-21)
(0.0628641 -0.196125 7.15224e-21)
(0.0606078 -0.222447 3.68081e-21)
(0.0566966 -0.257008 -3.6783e-21)
(0.0524783 -0.297441 -2.2164e-21)
(0.0465022 -0.340883 0)
(0.0388106 -0.382244 -5.43498e-21)
(0.0291838 -0.416521 2.72575e-21)
(0.0181187 -0.440262 2.91048e-21)
(0.00617639 -0.452337 3.12453e-21)
(0.0756132 -0.170897 -1.37363e-21)
(0.0685622 -0.191689 0)
(0.0656886 -0.217738 0)
(0.0612346 -0.251945 0)
(0.0565524 -0.292283 -2.55733e-21)
(0.0500618 -0.335896 4.76547e-21)
(0.0417543 -0.377641 5.53679e-21)
(0.0313849 -0.412362 -8.71792e-21)
(0.0194724 -0.436465 1.56014e-21)
(0.00665245 -0.448755 -4.64075e-21)
(0.0832654 -0.166723 -2.05333e-21)
(0.0746092 -0.186617 7.05905e-21)
(0.0709948 -0.212431 -6.99164e-21)
(0.0660312 -0.246175 8.96997e-21)
(0.0608874 -0.28633 -1.12807e-20)
(0.0538934 -0.33008 0)
(0.0449657 -0.372294 -2.89487e-21)
(0.0338212 -0.407645 -1.19253e-22)
(0.0209878 -0.432299 -3.24274e-21)
(0.00718663 -0.444885 -3.30431e-21)
(0.0909953 -0.162637 -1.46002e-21)
(0.0809293 -0.181437 0)
(0.0764138 -0.207214 -9.33503e-21)
(0.0709547 -0.240637 1.75779e-20)
(0.0653157 -0.280803 -6.80344e-21)
(0.0577698 -0.32482 -1.37027e-21)
(0.0481611 -0.367464 2.8886e-21)
(0.0362039 -0.403238 -1.45934e-22)
(0.0224495 -0.428209 4.73338e-21)
(0.00768112 -0.440976 4.89005e-21)
(0.099118 -0.156701 -6.57052e-21)
(0.0884215 -0.174007 6.44095e-21)
(0.0826362 -0.199564 9.94756e-22)
(0.0766013 -0.232406 0)
(0.0704397 -0.272386 0)
(0.062376 -0.31678 1.34524e-21)
(0.0520896 -0.360393 6.15793e-21)
(0.0392327 -0.397369 -6.02376e-21)
(0.0243583 -0.423312 -1.64876e-21)
(0.00835187 -0.43649 1.62114e-21)
(0.110017 -0.157244 0)
(0.104777 -0.171223 0)
(0.0957563 -0.197703 0)
(0.0882485 -0.229936 0)
(0.0806243 -0.268943 0)
(0.0709649 -0.311799 0)
(0.0589494 -0.353609 0)
(0.0442313 -0.388934 0)
(0.0273754 -0.413875 0)
(0.00921711 -0.426873 0)
(0.12944 -0.142945 0)
(0.13253 -0.162022 0)
(0.118696 -0.191719 0)
(0.110439 -0.223562 0)
(0.100188 -0.261501 0)
(0.0876549 -0.301931 0)
(0.0724405 -0.340605 0)
(0.054193 -0.372679 0)
(0.0335856 -0.394647 0)
(0.011641 -0.405173 0)
(0.155845 -0.129242 0)
(0.162162 -0.150745 0)
(0.143536 -0.180627 0)
(0.135173 -0.211116 0)
(0.121431 -0.247439 0)
(0.105546 -0.284821 0)
(0.0864999 -0.320326 0)
(0.0642235 -0.350017 0)
(0.0394554 -0.371192 0)
(0.013027 -0.382823 0)
(0.188719 -0.119689 0)
(0.196243 -0.141362 0)
(0.172557 -0.17006 0)
(0.164469 -0.199279 0)
(0.146094 -0.233875 0)
(0.126622 -0.267789 0)
(0.103098 -0.299847 0)
(0.0762045 -0.326022 0)
(0.046888 -0.343633 0)
(0.016414 -0.351239 0)
(0.227403 -0.107769 0)
(0.233199 -0.127686 0)
(0.204735 -0.153973 0)
(0.196039 -0.180704 0)
(0.170937 -0.211419 0)
(0.147251 -0.240414 0)
(0.118098 -0.26871 0)
(0.086243 -0.292345 0)
(0.052185 -0.31017 0)
(0.0164521 -0.321772 0)
(0.272343 -0.0986914 0)
(0.274751 -0.116136 0)
(0.242355 -0.140631 0)
(0.231593 -0.164097 0)
(0.198714 -0.190807 0)
(0.171712 -0.2158 0)
(0.136443 -0.24111 0)
(0.0993684 -0.261267 0)
(0.0605046 -0.275109 0)
(0.0223261 -0.278568 0)
(0.318921 -0.0811072 0)
(0.313881 -0.0947156 0)
(0.278543 -0.115064 0)
(0.262482 -0.132732 0)
(0.221704 -0.154 0)
(0.191001 -0.173643 0)
(0.146749 -0.19392 0)
(0.104275 -0.210758 0)
(0.0601627 -0.227601 0)
(0.0149682 -0.246148 0)
(0.365626 -0.0690426 0)
(0.354081 -0.0785393 0)
(0.318841 -0.0953182 0)
(0.296337 -0.1083 0)
(0.252562 -0.126636 0)
(0.217798 -0.142654 0)
(0.167421 -0.161096 0)
(0.121314 -0.177672 0)
(0.0720125 -0.194161 0)
(0.0348554 -0.191005 0)
(0.404045 -0.0378753 0)
(0.38775 -0.0421611 0)
(0.341468 -0.052253 0)
(0.311689 -0.0583986 0)
(0.257012 -0.0694185 0)
(0.213409 -0.0769288 0)
(0.149377 -0.08734 0)
(0.0923267 -0.0968398 0)
(0.0326562 -0.116687 0)
(-0.0336593 -0.167307 0)
(0.648673 -0.0194667 0)
(0.626733 -0.0224988 0)
(0.585172 -0.027128 0)
(0.551084 -0.0313366 0)
(0.498466 -0.0377692 0)
(0.450047 -0.0444279 0)
(0.382005 -0.0548263 0)
(0.31029 -0.0697909 0)
(0.215115 -0.098918 0)
(0.153401 -0.156802 0)
(0.132037 -0.141112 6.71443e-21)
(0.154134 -0.126252 -6.61396e-21)
(0.180729 -0.113033 1.08547e-21)
(0.21325 -0.103781 0)
(0.251759 -0.092881 0)
(0.294781 -0.08466 1.65875e-21)
(0.340142 -0.069106 -7.91946e-21)
(0.383926 -0.0593874 7.81615e-21)
(0.430762 -0.0321138 2.22982e-21)
(0.669922 -0.0169879 -2.25663e-21)
(0.139257 -0.134187 -6.2354e-21)
(0.161148 -0.119112 0)
(0.187135 -0.106383 7.75046e-21)
(0.21957 -0.0974221 -1.8746e-20)
(0.258156 -0.0869617 1.26474e-20)
(0.301067 -0.0791212 -1.5444e-21)
(0.346418 -0.0643274 3.36804e-21)
(0.390053 -0.0555628 7.59159e-21)
(0.440603 -0.0298471 2.0685e-21)
(0.6782 -0.0159291 2.05996e-21)
(0.145593 -0.126485 7.2053e-21)
(0.166975 -0.111592 -7.27155e-21)
(0.19231 -0.0995722 7.20277e-21)
(0.224389 -0.0910199 -9.97615e-21)
(0.262877 -0.0810883 7.23323e-21)
(0.305804 -0.0737346 0)
(0.351204 -0.0597786 -3.37618e-21)
(0.395253 -0.0520174 -6.88385e-23)
(0.449216 -0.0278123 -3.91095e-21)
(0.685932 -0.014913 -4.11429e-21)
(0.151903 -0.118228 -1.24228e-21)
(0.173185 -0.103845 0)
(0.198101 -0.0926296 0)
(0.229799 -0.0845516 0)
(0.268035 -0.0752389 8.20425e-21)
(0.310878 -0.068461 -5.58891e-21)
(0.356158 -0.0554214 -2.19262e-22)
(0.400528 -0.0486625 -3.86016e-21)
(0.457255 -0.0259798 -1.96488e-21)
(0.69335 -0.0139737 -2.00916e-21)
(0.157672 -0.109575 1.26872e-21)
(0.179083 -0.0959943 -3.9362e-21)
(0.203693 -0.0856474 -4.09341e-21)
(0.23525 -0.078077 4.09087e-21)
(0.273237 -0.0694398 -2.57838e-21)
(0.316054 -0.06331 0)
(0.361177 -0.0512184 -3.28896e-21)
(0.405834 -0.0454228 7.35263e-21)
(0.46489 -0.0242899 -3.69627e-21)
(0.700426 -0.0131134 4.01243e-21)
(0.162684 -0.100555 -9.27404e-21)
(0.184241 -0.0880601 4.60354e-22)
(0.208542 -0.0786579 -6.53708e-22)
(0.240027 -0.0716507 3.99952e-21)
(0.27787 -0.0637261 0)
(0.320771 -0.0582978 0)
(0.365717 -0.0471714 0)
(0.410868 -0.0422849 3.51567e-21)
(0.471978 -0.0227064 0)
(0.707061 -0.0123219 0)
(0.166872 -0.0911856 0)
(0.188606 -0.0800288 4.69125e-21)
(0.212617 -0.0716387 -3.25684e-21)
(0.243967 -0.0652744 -4.57644e-21)
(0.281723 -0.0581165 4.60023e-21)
(0.324757 -0.0534074 2.981e-21)
(0.369546 -0.04329 -2.81272e-21)
(0.415364 -0.0392696 -1.21067e-20)
(0.478331 -0.0212091 8.57179e-22)
(0.713175 -0.0115997 -2.872e-21)
(0.170131 -0.0814999 0)
(0.192147 -0.0718925 -1.43916e-21)
(0.215952 -0.0645683 -8.68459e-22)
(0.247117 -0.0589286 0)
(0.284802 -0.0525906 1.38931e-21)
(0.327945 -0.0486214 -3.99588e-21)
(0.372723 -0.0395532 4.76182e-21)
(0.419158 -0.0363712 1.82778e-21)
(0.483933 -0.0197945 -1.80328e-21)
(0.718739 -0.0109437 3.83974e-21)
(0.172339 -0.0715293 8.897e-22)
(0.194796 -0.0636458 1.54876e-21)
(0.218504 -0.0574364 -2.69984e-22)
(0.249483 -0.052596 5.10671e-22)
(0.287116 -0.0471193 1.20351e-21)
(0.330349 -0.0439239 2.06483e-21)
(0.375265 -0.0359286 -7.62894e-22)
(0.422243 -0.0335735 -8.42157e-22)
(0.488791 -0.0184603 1.80923e-21)
(0.723739 -0.0103457 9.31459e-22)
(0.173374 -0.0613013 -2.95309e-22)
(0.196481 -0.05528 2.99076e-22)
(0.220209 -0.0502332 -4.25696e-22)
(0.25102 -0.0462614 -5.10002e-22)
(0.288628 -0.0416774 6.32032e-22)
(0.331972 -0.0392955 -1.3204e-21)
(0.377135 -0.0323869 1.16053e-21)
(0.424646 -0.0308609 4.42184e-22)
(0.492868 -0.0171931 0)
(0.728147 -0.0097918 -9.33494e-22)
(0.173172 -0.0508438 2.90137e-22)
(0.197175 -0.0467855 -2.93851e-22)
(0.22103 -0.0429434 -4.15389e-22)
(0.251696 -0.0399052 -4.99781e-22)
(0.289301 -0.0362429 -6.26412e-22)
(0.332802 -0.0347122 -3.85815e-23)
(0.378293 -0.0289025 3.56173e-22)
(0.426375 -0.0282184 1.22312e-21)
(0.496143 -0.0159747 0)
(0.731977 -0.0092712 -9.12969e-22)
(0.171736 -0.0402 0)
(0.196893 -0.0381519 -1.48453e-21)
(0.220965 -0.0355469 2.73704e-21)
(0.251507 -0.0335029 5.00618e-22)
(0.289118 -0.0307915 1.16136e-21)
(0.332821 -0.0301475 2.00534e-21)
(0.378707 -0.0254504 -7.49437e-22)
(0.427406 -0.0256296 -8.253e-22)
(0.498572 -0.0147873 1.73974e-21)
(0.735216 -0.00877285 9.10833e-22)
(0.1691 -0.0294442 0)
(0.195646 -0.0293667 -1.30352e-21)
(0.220022 -0.0280191 -8.27674e-22)
(0.250465 -0.027026 0)
(0.288082 -0.0252944 -3.64751e-21)
(0.332023 -0.0255713 1.16617e-21)
(0.378376 -0.0220044 1.41843e-21)
(0.427738 -0.0230767 4.8322e-21)
(0.50018 -0.0136179 -1.7341e-21)
(0.737903 -0.00829483 3.59246e-21)
(0.165305 -0.0186734 0)
(0.193416 -0.020421 1.31462e-21)
(0.2182 -0.0203389 0)
(0.248578 -0.0204463 4.29444e-21)
(0.286196 -0.0197214 -4.31647e-21)
(0.330398 -0.0209531 -2.80841e-21)
(0.377281 -0.0185361 -1.47638e-22)
(0.427336 -0.0205389 -4.84464e-21)
(0.500909 -0.0124515 -8.03013e-22)
(0.739998 -0.00782571 -4.4448e-21)
(0.160438 -0.00800765 7.69445e-21)
(0.19019 -0.0113128 -2.88698e-21)
(0.215508 -0.0124924 6.80434e-22)
(0.245864 -0.0137388 -3.64147e-21)
(0.283485 -0.0140437 0)
(0.327975 -0.0162648 -2.81552e-21)
(0.375468 -0.015023 -2.82075e-22)
(0.426262 -0.0180032 6.35808e-21)
(0.500908 -0.0112819 8.70798e-22)
(0.741585 -0.00737033 -8.70262e-22)
(0.154661 0.00240143 -1.33666e-21)
(0.18598 -0.00205071 5.84351e-21)
(0.21197 -0.00447548 3.65794e-21)
(0.242338 -0.00688185 -3.65541e-21)
(0.279937 -0.00823365 -2.34361e-21)
(0.32471 -0.0114746 0)
(0.372846 -0.0114298 -6.10502e-21)
(0.4244 -0.0154415 3.04261e-21)
(0.499951 -0.0100866 3.3297e-21)
(0.742551 -0.00690689 3.53349e-21)
(0.148201 0.012361 -9.42335e-22)
(0.180846 0.00734407 0)
(0.20767 0.00370647 0)
(0.238103 0.000139355 0)
(0.275694 -0.0022763 -2.71512e-21)
(0.32081 -0.00657387 5.05001e-21)
(0.369671 -0.00776052 6.11728e-21)
(0.422041 -0.0128704 -9.63411e-21)
(0.49858 -0.00887305 1.73372e-21)
(0.743094 -0.00645062 -5.21049e-21)
(0.141363 0.0216294 -1.30187e-21)
(0.1748 0.0168251 6.04355e-21)
(0.202532 0.0120459 -5.986e-21)
(0.233 0.00735613 8.90089e-21)
(0.27048 0.00388004 -1.12138e-20)
(0.315839 -0.00148588 0)
(0.365392 -0.00391765 -3.03684e-21)
(0.418611 -0.0102094 -3.89509e-23)
(0.49585 -0.00759072 -3.42352e-21)
(0.742926 -0.00595814 -3.52051e-21)
(0.134566 0.0299914 -9.63326e-22)
(0.168485 0.0263059 0)
(0.197313 0.0204198 -8.46713e-21)
(0.227948 0.0146347 1.65597e-20)
(0.265461 0.0100894 -6.51087e-21)
(0.311206 0.00362585 -1.38495e-21)
(0.361477 -8.03507e-05 3.03025e-21)
(0.415463 -0.00761894 -1.00967e-22)
(0.493785 -0.00628468 4.97312e-21)
(0.742516 -0.00546268 5.17607e-21)
(0.125051 0.038242 -4.58641e-21)
(0.158855 0.0369386 4.48446e-21)
(0.188907 0.0298485 8.60194e-22)
(0.219827 0.0228054 0)
(0.257243 0.0170449 0)
(0.303333 0.00937598 1.36217e-21)
(0.35461 0.00430443 6.28686e-21)
(0.409787 -0.00469724 -6.1351e-21)
(0.488511 -0.00483892 -1.67357e-21)
(0.741201 -0.00489535 1.59311e-21)
(0.127504 0.0594912 0)
(0.158214 0.0605967 0)
(0.187744 0.0496902 0)
(0.218054 0.0404655 0)
(0.254587 0.032014 0)
(0.299683 0.0216706 0)
(0.349826 0.013521 0)
(0.404618 0.00121761 0)
(0.485879 -0.00124023 0)
(0.73828 -0.00348724 0)
(0.121591 0.093087 0)
(0.150671 0.0996266 0)
(0.179458 0.0825818 0)
(0.209379 0.0710575 0)
(0.246107 0.0582405 0)
(0.290694 0.0433761 0)
(0.340675 0.029713 0)
(0.398096 0.0122196 0)
(0.488292 0.00495627 0)
(0.745811 -0.000983339 0)
(0.111711 0.132432 0)
(0.138029 0.140778 0)
(0.16406 0.117086 0)
(0.192712 0.104495 0)
(0.228646 0.0870112 0)
(0.271171 0.0674998 0)
(0.319077 0.0478579 0)
(0.376255 0.0247824 0)
(0.470539 0.0114087 0)
(0.730929 0.000465 0)
(0.102752 0.177026 0)
(0.124526 0.185104 0)
(0.148225 0.154805 0)
(0.176244 0.142592 0)
(0.211378 0.119283 0)
(0.251829 0.0948437 0)
(0.29925 0.0685086 0)
(0.360067 0.0392955 0)
(0.46607 0.0187229 0)
(0.733698 0.00288748 0)
(0.0890411 0.228459 0)
(0.1056 0.234359 0)
(0.127167 0.199134 0)
(0.152502 0.187495 0)
(0.183206 0.156367 0)
(0.218474 0.127324 0)
(0.262234 0.0937824 0)
(0.321917 0.0576123 0)
(0.431425 0.028824 0)
(0.702862 0.0049218 0)
(0.0781828 0.286895 0)
(0.0898204 0.29028 0)
(0.110517 0.250768 0)
(0.131208 0.238242 0)
(0.158253 0.198037 0)
(0.190136 0.166702 0)
(0.233097 0.125596 0)
(0.296402 0.0828266 0)
(0.417439 0.044138 0)
(0.696734 0.0101572 0)
(0.0542086 0.35478 0)
(0.0616559 0.353425 0)
(0.0777535 0.311836 0)
(0.0917054 0.297433 0)
(0.113359 0.25137 0)
(0.138584 0.220923 0)
(0.175759 0.17206 0)
(0.23448 0.124574 0)
(0.354018 0.0743729 0)
(0.633701 0.0179924 0)
(0.0463074 0.435861 0)
(0.0511006 0.432516 0)
(0.0643678 0.389412 0)
(0.0741758 0.373902 0)
(0.0926308 0.325009 0)
(0.11296 0.296541 0)
(0.148554 0.241837 0)
(0.2076 0.195811 0)
(0.32896 0.130571 0)
(0.599008 0.0378006 0)
(0.00615187 0.573525 0)
(0.0061004 0.569455 0)
(0.0108412 0.53275 0)
(0.0134208 0.519537 0)
(0.0220652 0.477567 0)
(0.0331753 0.453604 0)
(0.0586682 0.40133 0)
(0.10506 0.355612 0)
(0.204467 0.259695 0)
(0.440447 0.0759434 0)
(0.0143879 0.77026 0)
(0.0182214 0.764644 0)
(0.0230807 0.746152 0)
(0.0296953 0.735271 0)
(0.0389534 0.709106 0)
(0.0523916 0.686311 0)
(0.0733792 0.640828 0)
(0.107381 0.580483 0)
(0.169729 0.442893 0)
(0.312312 0.150537 0)
(0.100487 0.0725332 4.46883e-21)
(0.104096 0.115213 -4.41637e-21)
(0.0969632 0.157574 7.55556e-22)
(0.088965 0.203589 0)
(0.0767217 0.256059 0)
(0.0668944 0.313378 1.23463e-21)
(0.0460557 0.380818 -5.92609e-21)
(0.039182 0.461464 5.87906e-21)
(0.00449283 0.595019 1.65389e-21)
(0.0131265 0.779791 -1.66742e-21)
(0.0900118 0.076779 -4.26305e-21)
(0.0966378 0.122248 0)
(0.0910498 0.165121 5.47716e-21)
(0.0836725 0.211486 -1.33672e-20)
(0.0720096 0.264312 9.09508e-21)
(0.0626058 0.321855 -1.1463e-21)
(0.0428959 0.389499 2.43251e-21)
(0.036377 0.470671 5.509e-21)
(0.00385284 0.603109 1.43445e-21)
(0.0125899 0.782343 1.45768e-21)
(0.080201 0.0795849 4.99915e-21)
(0.0891044 0.127865 -4.94508e-21)
(0.0851568 0.171528 4.89739e-21)
(0.078521 0.218139 -7.07534e-21)
(0.0675053 0.271065 5.10495e-21)
(0.058599 0.328991 0)
(0.0399782 0.396822 -2.4384e-21)
(0.0338355 0.478872 -9.97711e-23)
(0.00315272 0.610389 -2.79367e-21)
(0.0119134 0.784112 -2.93252e-21)
(0.0710811 0.0815517 -8.44253e-22)
(0.0817662 0.132887 0)
(0.0794093 0.177976 0)
(0.0735484 0.22497 0)
(0.0632073 0.278048 5.75501e-21)
(0.0548455 0.336256 -3.9412e-21)
(0.037286 0.404149 -1.871e-22)
(0.0315431 0.486887 -2.72264e-21)
(0.00244399 0.617378 -1.36954e-21)
(0.0111382 0.786322 -1.39472e-21)
(0.0626796 0.0825869 5.71591e-22)
(0.0748081 0.136933 -2.71146e-21)
(0.0739228 0.183839 -2.77884e-21)
(0.0688433 0.231462 2.77688e-21)
(0.0591851 0.284873 -1.78776e-21)
(0.0513658 0.343439 0)
(0.0348046 0.411431 -2.27915e-21)
(0.029471 0.49466 5.05863e-21)
(0.0018174 0.624087 -2.51242e-21)
(0.0103485 0.788967 2.79703e-21)
(0.054978 0.0826197 -6.80082e-21)
(0.0682828 0.139791 4.38053e-22)
(0.0687554 0.188668 -4.41759e-22)
(0.0644536 0.237256 2.67471e-21)
(0.0554803 0.290961 0)
(0.0481974 0.350029 0)
(0.0325442 0.418221 0)
(0.0276136 0.501869 2.32441e-21)
(0.00132936 0.630286 0)
(0.00959955 0.791603 0)
(0.0479724 0.0816128 0)
(0.0622026 0.141429 3.12881e-21)
(0.0639458 0.192401 -2.16256e-21)
(0.0603819 0.242157 -3.00375e-21)
(0.0520813 0.296173 3.01926e-21)
(0.0453593 0.355807 1.94145e-21)
(0.0305072 0.424239 -1.79012e-21)
(0.0259681 0.508322 -7.85951e-21)
(0.000984043 0.635821 5.52911e-22)
(0.00890688 0.793907 -1.81601e-21)
(0.0416798 0.0795367 0)
(0.0565791 0.141811 -9.69044e-22)
(0.0594943 0.195053 -5.60152e-22)
(0.0566417 0.246063 0)
(0.0489833 0.300589 8.98269e-22)
(0.0428161 0.360785 -2.53696e-21)
(0.028684 0.429372 3.01469e-21)
(0.0245256 0.513956 1.19584e-21)
(0.00075522 0.640573 -1.075e-21)
(0.00826021 0.795742 2.43331e-21)
(0.0361345 0.0763886 7.97835e-22)
(0.0514202 0.140886 1.0185e-21)
(0.0553987 0.196588 -1.97676e-22)
(0.053241 0.24896 3.16487e-22)
(0.0461968 0.30417 7.57126e-22)
(0.0405262 0.364937 1.28255e-21)
(0.0270596 0.433657 -4.535e-22)
(0.0232648 0.518883 -5.04869e-22)
(0.000600711 0.6446 1.07855e-21)
(0.00765343 0.797201 5.50856e-22)
(0.0313988 0.072215 -2.18958e-22)
(0.046727 0.138604 2.21478e-22)
(0.05166 0.196949 -2.70722e-22)
(0.0501768 0.250834 -3.16073e-22)
(0.0437089 0.306849 3.77891e-22)
(0.0384755 0.368189 -7.9556e-22)
(0.0256419 0.437189 6.86487e-22)
(0.0221556 0.523025 2.70548e-22)
(0.000490507 0.647799 0)
(0.00708736 0.79832 -5.52066e-22)
(0.0119774 -0.00839238 0)
(0.030209 -0.0176407 0)
(0.0446982 -0.0208831 -1.73691e-20)
(0.0549446 -0.0210867 0)
(0.0618502 -0.0192192 7.66998e-21)
(0.0661928 -0.0159672 -7.10788e-21)
(0.0686316 -0.0118011 0)
(0.0697155 -0.0070228 0)
(0.070005 -0.00172019 -1.15689e-20)
(0.0700368 0.00392786 2.19665e-20)
(0.0144809 -0.00865796 0)
(0.0351032 -0.0175148 -1.39897e-20)
(0.0506735 -0.020308 -4.55921e-21)
(0.0612415 -0.0202761 -1.65074e-20)
(0.0680162 -0.0184048 -7.69768e-21)
(0.0719892 -0.0153531 -2.13904e-20)
(0.07396 -0.0115525 0)
(0.0745668 -0.00727494 0)
(0.0743994 -0.00261212 0)
(0.0739284 0.00225629 -3.08819e-22)
(0.0171124 -0.00869227 0)
(0.0399262 -0.0170032 -5.16523e-21)
(0.0562162 -0.0194392 8.54891e-21)
(0.0667487 -0.0193556 1.23894e-20)
(0.0730839 -0.0177125 -1.17231e-22)
(0.0764439 -0.0151094 -2.79459e-23)
(0.0777676 -0.0119165 1.31634e-20)
(0.0777683 -0.00835596 -1.21041e-20)
(0.0770527 -0.00447299 2.22718e-20)
(0.0760573 -0.000371116 -2.09797e-20)
(0.0197513 -0.00843736 -2.41183e-21)
(0.0444416 -0.0160677 1.42113e-20)
(0.0610545 -0.0182993 2.24255e-20)
(0.0712059 -0.0183994 -2.54348e-20)
(0.0768359 -0.0172519 1.5528e-20)
(0.0794006 -0.0153633 1.43771e-20)
(0.0799675 -0.0130247 -6.54577e-21)
(0.0793092 -0.0103958 2.40482e-20)
(0.0780356 -0.00746505 -3.61776e-22)
(0.0765683 -0.00427893 -1.04868e-20)
(0.0222546 -0.00786108 -2.55924e-21)
(0.0484006 -0.0147154 2.43152e-21)
(0.0649374 -0.0169486 0)
(0.0744097 -0.0174998 2.12907e-20)
(0.0791439 -0.0171217 -3.95513e-21)
(0.0808162 -0.0161986 -1.104e-22)
(0.0806023 -0.0149302 -6.65185e-21)
(0.0793129 -0.0134114 -1.78847e-20)
(0.0775461 -0.0115872 9.14446e-23)
(0.0757048 -0.00947728 1.50645e-20)
(0.0244641 -0.00696279 0)
(0.0515612 -0.013002 -1.56318e-20)
(0.0676559 -0.0154829 4.75485e-21)
(0.076228 -0.0167604 -1.32734e-20)
(0.0799698 -0.0174046 4.03622e-21)
(0.0807452 -0.017656 4.10635e-23)
(0.0798071 -0.0176199 3.99577e-23)
(0.077978 -0.0173348 1.19479e-20)
(0.0758256 -0.0167254 -1.63253e-20)
(0.0737261 -0.0158023 1.51327e-20)
(0.0262206 -0.00577794 1.38272e-21)
(0.0537096 -0.0110313 1.04753e-20)
(0.0690591 -0.0140265 0)
(0.0766052 -0.016288 1.33817e-20)
(0.0793551 -0.0181631 -1.24512e-20)
(0.0793127 -0.019739 -3.66485e-21)
(0.0777692 -0.0210323 1.00849e-20)
(0.0755338 -0.0220411 0)
(0.0731184 -0.022692 0)
(0.0708516 -0.023003 0)
(0.0273755 -0.00437811 -1.46366e-21)
(0.0546786 -0.00894819 -4.30207e-21)
(0.0690638 -0.0127226 5.21432e-21)
(0.0755572 -0.0161856 7.03694e-21)
(0.0774039 -0.01944 6.18584e-21)
(0.0766873 -0.0224229 3.84553e-21)
(0.0746959 -0.0250807 0)
(0.0722007 -0.0273827 6.04121e-21)
(0.0696506 -0.0292669 -2.86121e-21)
(0.0673132 -0.0308112 0)
(0.0278022 -0.00286798 0)
(0.0543625 -0.00692933 8.66852e-21)
(0.0676563 -0.0117226 -5.21339e-21)
(0.0731619 -0.0165473 -4.7328e-21)
(0.0742624 -0.0212614 6.7271e-23)
(0.0730562 -0.0256685 -1.86668e-21)
(0.070791 -0.0296646 1.76911e-21)
(0.0681762 -0.0332131 0)
(0.0655993 -0.0362871 -2.79679e-21)
(0.0632794 -0.0390025 -2.53409e-21)
(0.0274289 -0.00138157 2.05568e-22)
(0.0527291 -0.00517068 -3.35364e-21)
(0.0648929 -0.0111757 -3.35411e-22)
(0.0695476 -0.0174552 1.6225e-23)
(0.0701033 -0.0236404 -1.63392e-21)
(0.0686095 -0.0294283 0)
(0.0662419 -0.0346879 -1.76872e-21)
(0.0636374 -0.0393962 0)
(0.0611219 -0.0435704 0)
(0.0588653 -0.0473429 0)
(0.0262876 -6.06506e-05 -4.34952e-22)
(0.0498435 -0.00386265 0)
(0.0608992 -0.011218 0)
(0.0648834 -0.0189751 -1.99345e-21)
(0.0651142 -0.0265794 5.46578e-22)
(0.0635334 -0.0336545 -4.02315e-23)
(0.0612221 -0.0400654 -9.39612e-22)
(0.0587424 -0.0458161 0)
(0.0563643 -0.0509667 0)
(0.0542126 -0.0556542 0)
(0.0244034 0.000969149 0)
(0.0458078 -0.00316082 -1.64256e-21)
(0.0558305 -0.0119593 1.51489e-21)
(0.0593482 -0.021159 2.62893e-21)
(0.0594743 -0.0300804 0)
(0.0579939 -0.038312 2.07901e-21)
(0.0558806 -0.0457357 -1.9334e-21)
(0.0536262 -0.0523918 0)
(0.051455 -0.0583764 2.95483e-21)
(0.0494547 -0.0638245 -2.86613e-21)
(0.0217874 0.00157646 0)
(0.0407386 -0.00322153 1.40803e-20)
(0.0498595 -0.0134987 0)
(0.0531324 -0.0240483 1.12108e-20)
(0.0533666 -0.0341406 0)
(0.0521552 -0.0433691 -8.84323e-21)
(0.0503617 -0.0516503 0)
(0.0484178 -0.0590644 6.78488e-21)
(0.0465147 -0.0657361 -6.35457e-21)
(0.0447116 -0.0717914 -5.83337e-21)
(0.018536 0.0016404 -3.90053e-21)
(0.0348253 -0.00417934 -6.84604e-21)
(0.0431992 -0.0159145 -3.25384e-21)
(0.0464402 -0.0276713 -5.636e-21)
(0.0469708 -0.038754 -5.15019e-21)
(0.0461692 -0.0487998 4.45994e-21)
(0.0447938 -0.0577736 4.07642e-21)
(0.0432296 -0.0657962 2.37123e-22)
(0.041647 -0.0730113 6.51664e-21)
(0.0400835 -0.0795291 5.83942e-21)
(0.0147926 0.00106662 -4.17105e-21)
(0.0282989 -0.00613151 -7.25683e-21)
(0.0360826 -0.0192569 -1.30485e-20)
(0.0394798 -0.0320409 5.94759e-21)
(0.0404619 -0.0439097 0)
(0.0401793 -0.0545814 0)
(0.0392945 -0.0640791 -7.97651e-21)
(0.0381617 -0.0725629 -7.1006e-21)
(0.0369416 -0.0801867 6.59062e-21)
(0.0356535 -0.087036 -5.74548e-21)
(0.0107265 -0.000206509 4.13426e-21)
(0.021414 -0.00913373 3.48793e-21)
(0.0287528 -0.023547 -2.05951e-20)
(0.0324598 -0.0371535 2.97392e-20)
(0.0340107 -0.0495904 -5.3747e-21)
(0.0343227 -0.0606905 0)
(0.033974 -0.0705432 0)
(0.0333026 -0.0793456 3.6859e-20)
(0.0324706 -0.0872543 -3.32695e-20)
(0.0314833 -0.0943201 -1.82325e-20)
(0.00652323 -0.00220363 3.5135e-20)
(0.0144374 -0.0131977 0)
(0.0214554 -0.028776 2.70473e-20)
(0.0255867 -0.0429898 -2.39226e-20)
(0.0277857 -0.0557728 0)
(0.0287357 -0.0671032 9.26861e-21)
(0.0289399 -0.0771415 -2.55803e-20)
(0.0287328 -0.0861217 -2.97652e-20)
(0.0282903 -0.0942014 1.38567e-20)
(0.0276136 -0.101384 1.25932e-20)
(0.00237412 -0.00491053 -7.0438e-20)
(0.00763693 -0.0182901 -7.57841e-21)
(0.0144315 -0.0349053 -1.37061e-20)
(0.019062 -0.049515 -3.04588e-20)
(0.0219548 -0.0624293 -1.05284e-20)
(0.0235605 -0.0737981 -9.38826e-21)
(0.0243096 -0.0838546 -1.51573e-22)
(0.0245388 -0.0928692 0)
(0.024453 -0.101008 0)
(0.0240749 -0.108217 2.579e-20)
(-0.00153471 -0.00827497 3.53037e-20)
(0.00126929 -0.0243341 -3.0657e-20)
(0.00790926 -0.0418674 2.06981e-20)
(0.0130777 -0.0566811 4.2362e-20)
(0.0166862 -0.0695331 -1.09944e-20)
(0.0189574 -0.0807661 9.37603e-21)
(0.0202447 -0.0906811 8.35777e-21)
(0.0208809 -0.0995789 0)
(0.0211095 -0.10765 0)
(0.020974 -0.114788 -1.3049e-20)
(-0.00503358 -0.0122108 -4.36759e-21)
(-0.00443136 -0.0312118 3.81613e-20)
(0.00209468 -0.0495667 -6.91656e-21)
(0.00780606 -0.0644289 0)
(0.0121378 -0.0770686 0)
(0.0151035 -0.0880416 1.91889e-20)
(0.0169905 -0.0977069 0)
(0.0181359 -0.106367 -1.52512e-20)
(0.0187996 -0.114218 4.53971e-22)
(0.0188751 -0.12108 1.34584e-20)
(-0.00797913 -0.0166061 0)
(-0.00926455 -0.0387722 0)
(-0.00283971 -0.0578816 -2.63971e-20)
(0.0033821 -0.0726849 0)
(0.00841644 -0.085032 1.04762e-20)
(0.012099 -0.0957479 -9.70897e-21)
(0.0146762 -0.105322 0)
(0.016498 -0.114178 0)
(0.017782 -0.12273 -1.41289e-20)
(0.0182269 -0.131212 2.74821e-20)
(-0.0102444 -0.0213127 0)
(-0.0130572 -0.0468238 -2.13093e-20)
(-0.0067519 -0.0666527 -5.86015e-21)
(-0.000101298 -0.0813289 -2.30588e-20)
(0.00554901 -0.0933276 -1.04203e-20)
(0.00986179 -0.103768 -2.84059e-20)
(0.0130113 -0.113254 0)
(0.0152949 -0.122208 0)
(0.0168568 -0.130916 0)
(0.0174615 -0.139265 3.7438e-23)
(-0.0117312 -0.0261438 0)
(-0.0156753 -0.055125 -5.68995e-21)
(-0.00953239 -0.0756746 1.35494e-20)
(-0.00257472 -0.0901868 1.7308e-20)
(0.00355682 -0.101777 4.67956e-22)
(0.00836092 -0.111856 3.02529e-22)
(0.0119267 -0.1211 1.69451e-20)
(0.014496 -0.129858 -1.55927e-20)
(0.0162059 -0.138244 2.87847e-20)
(0.0170011 -0.146029 -2.781e-20)
(-0.0123928 -0.0309104 -3.75384e-21)
(-0.0170406 -0.0634207 2.06527e-20)
(-0.0111098 -0.0847232 3.08258e-20)
(-0.00398574 -0.0990623 -3.25208e-20)
(0.00247484 -0.110185 2.0454e-20)
(0.00763 -0.119787 1.86283e-20)
(0.0114911 -0.128602 -8.47101e-21)
(0.0142654 -0.13691 3.10733e-20)
(0.0161196 -0.144727 -1.25884e-22)
(0.0171398 -0.151852 -1.3987e-20)
(-0.0122264 -0.0354237 -3.40904e-21)
(-0.0171259 -0.0714474 3.23936e-21)
(-0.0114472 -0.0935625 0)
(-0.00429882 -0.107753 2.68649e-20)
(0.00233784 -0.118369 -4.87451e-21)
(0.00771325 -0.127394 9.53733e-23)
(0.0117732 -0.135633 -8.31516e-21)
(0.0147021 -0.143342 -2.30681e-20)
(0.0166984 -0.150514 6.43216e-24)
(0.0179306 -0.15702 2.0973e-20)
(-0.0112709 -0.0395037 0)
(-0.0159538 -0.0789446 -1.71571e-20)
(-0.0105435 -0.101955 5.42241e-21)
(-0.00350009 -0.116059 -1.49128e-20)
(0.00316855 -0.126166 4.67867e-21)
(0.00864372 -0.134552 1.02351e-22)
(0.0128174 -0.142128 6.75744e-23)
(0.0158527 -0.149169 1.53141e-20)
(0.0179657 -0.155693 -2.15444e-20)
(0.0193661 -0.16165 2.10064e-20)
(-0.00960353 -0.0429889 1.48442e-21)
(-0.0135963 -0.0856664 1.12769e-20)
(-0.00843527 -0.109672 0)
(-0.00160082 -0.12379 1.46837e-20)
(0.00497236 -0.133427 -1.32885e-20)
(0.0104386 -0.141159 -4.26308e-21)
(0.014648 -0.148035 1.2027e-20)
(0.0177395 -0.154389 0)
(0.0199303 -0.160286 0)
(0.0214433 -0.165742 0)
(-0.00733552 -0.0457422 -1.32485e-21)
(-0.010172 -0.0913919 -3.48691e-21)
(-0.00519621 -0.116499 4.5691e-21)
(0.00136072 -0.130766 6.69428e-21)
(0.00773458 -0.140017 6.69473e-21)
(0.0130977 -0.147125 4.03452e-21)
(0.0172718 -0.153305 0)
(0.0203693 -0.158981 7.51401e-21)
(0.022595 -0.164275 -3.49196e-21)
(0.0241658 -0.169252 0)
(-0.00460522 -0.0476534 0)
(-0.00584254 -0.0959304 6.89489e-21)
(-0.000936691 -0.122241 -4.56796e-21)
(0.00531839 -0.136821 -4.39408e-21)
(0.0114192 -0.14581 -8.88799e-23)
(0.0166028 -0.152364 -2.08901e-21)
(0.0206796 -0.157885 1.88597e-21)
(0.023736 -0.162909 0)
(0.0259564 -0.167623 -3.54493e-21)
(0.0275374 -0.172128 -3.55642e-21)
(-0.0015732 -0.0486706 1.32384e-22)
(-0.000811075 -0.0991423 -2.41355e-21)
(0.00419527 -0.126732 -2.7884e-22)
(0.0101765 -0.141803 -3.26087e-23)
(0.0159679 -0.150687 -1.53352e-21)
(0.0209179 -0.156791 0)
(0.0248475 -0.161718 -1.88535e-21)
(0.0278225 -0.166129 0)
(0.0300048 -0.170283 0)
(0.0315601 -0.174311 0)
(0.00159911 -0.0489075 -2.33299e-22)
(0.00469698 -0.101025 0)
(0.0100205 -0.129903 0)
(0.0158119 -0.145619 -1.31792e-21)
(0.0213005 -0.154561 5.16062e-22)
(0.0259908 -0.160343 5.77984e-23)
(0.0297393 -0.164757 -8.84659e-22)
(0.0326026 -0.168603 0)
(0.0347251 -0.172217 0)
(0.0362356 -0.175753 0)
(0.00479386 -0.0483965 0)
(0.0105001 -0.101537 -8.67152e-22)
(0.0163621 -0.131656 7.99705e-22)
(0.0220857 -0.148152 1.80277e-21)
(0.0273159 -0.15733 0)
(0.0317488 -0.162936 1.84836e-21)
(0.0353026 -0.166941 -1.71889e-21)
(0.0380378 -0.170285 0)
(0.0400936 -0.173384 3.58857e-21)
(0.0415624 -0.176418 -3.45873e-21)
(0.00788057 -0.0471065 0)
(0.0163884 -0.100659 5.52663e-21)
(0.0230262 -0.131921 0)
(0.0288467 -0.149316 6.27143e-21)
(0.0338999 -0.158909 0)
(0.0381076 -0.164503 -6.77345e-21)
(0.0414735 -0.168219 0)
(0.0440772 -0.171136 7.21876e-21)
(0.0460697 -0.173758 -6.76091e-21)
(0.0475225 -0.176294 -7.1402e-21)
(0.0107341 -0.045107 -1.28299e-21)
(0.0221485 -0.0984278 -2.89824e-21)
(0.0298023 -0.130672 -1.29959e-21)
(0.035913 -0.149049 -3.02799e-21)
(0.0409144 -0.159227 -2.99581e-21)
(0.0449638 -0.164978 3.27831e-21)
(0.0481716 -0.168541 3.24987e-21)
(0.0506542 -0.171126 -2.92959e-22)
(0.0525898 -0.173323 6.71531e-21)
(0.0540672 -0.175379 7.13306e-21)
(0.0132534 -0.0425062 -1.02788e-21)
(0.0275783 -0.094936 -2.54643e-21)
(0.0364769 -0.127944 -5.37949e-21)
(0.0430944 -0.147329 2.59083e-21)
(0.0482047 -0.158232 0)
(0.0521954 -0.164306 0)
(0.0552992 -0.167859 -6.99754e-21)
(0.0576861 -0.170221 -7.14721e-21)
(0.0595757 -0.172065 6.92606e-21)
(0.0611066 -0.173661 -7.73182e-21)
(0.015362 -0.0394254 9.86581e-22)
(0.0324977 -0.0903195 1.3751e-21)
(0.0428405 -0.12381 -6.26522e-21)
(0.050194 -0.144165 1.31712e-20)
(0.0556029 -0.155894 -2.67328e-21)
(0.0596657 -0.162441 0)
(0.0627437 -0.166129 0)
(0.0650756 -0.168384 3.43865e-20)
(0.0669504 -0.169957 -3.45413e-20)
(0.0685628 -0.171137 -2.26998e-20)
(0.0170086 -0.0359926 5.73697e-21)
(0.0367562 -0.0847469 0)
(0.0486966 -0.118382 9.05025e-21)
(0.0570122 -0.139604 -1.02773e-20)
(0.0629306 -0.15221 0)
(0.0672251 -0.159352 6.45584e-21)
(0.0703811 -0.163308 -1.86872e-20)
(0.0727123 -0.165575 -2.74724e-20)
(0.0745953 -0.166978 1.31335e-20)
(0.0763348 -0.167819 1.43403e-20)
(0.0181676 -0.0323365 -1.08371e-20)
(0.0402374 -0.0784107 -1.95942e-21)
(0.0538697 -0.111812 -3.77056e-21)
(0.0633554 -0.133729 -1.12906e-20)
(0.0700042 -0.147206 -5.8139e-21)
(0.0747138 -0.155024 -6.14731e-21)
(0.0780761 -0.159359 2.56922e-22)
(0.0804708 -0.161748 0)
(0.0823626 -0.163081 0)
(0.0842423 -0.163667 2.93433e-20)
(0.0188376 -0.0285811 5.10022e-21)
(0.0428629 -0.0715177 -6.32873e-21)
(0.058213 -0.104282 5.69909e-21)
(0.069043 -0.126663 1.61798e-20)
(0.0766417 -0.140942 -4.61908e-21)
(0.0819696 -0.149469 6.47439e-21)
(0.0856985 -0.15426 6.71716e-21)
(0.0882508 -0.156856 0)
(0.0901305 -0.158217 0)
(0.0920761 -0.158699 -1.42726e-20)
(0.0190407 -0.0248416 -5.60634e-22)
(0.044594 -0.0642803 8.08269e-21)
(0.0616135 -0.096004 -1.6165e-21)
(0.0739149 -0.11857 0)
(0.0826683 -0.133518 0)
(0.0888267 -0.142732 1.12025e-20)
(0.0930986 -0.147993 0)
(0.0958977 -0.150769 -1.36593e-20)
(0.0975727 -0.152027 -1.38997e-21)
(0.0990399 -0.15223 1.35982e-20)
(0.0188178 -0.0212168 0)
(0.0454298 -0.0568999 0)
(0.0639948 -0.0871965 -6.96003e-21)
(0.0778352 -0.109635 0)
(0.0879241 -0.12507 5.27178e-21)
(0.0951535 -0.134897 -4.88556e-21)
(0.10028 -0.140589 0)
(0.103877 -0.143419 0)
(0.106405 -0.144431 -1.43638e-20)
(0.109268 -0.144657 2.82095e-20)
(0.0182027 -0.0177732 0)
(0.0453857 -0.04955 -4.29619e-21)
(0.0653069 -0.0780769 -1.44655e-21)
(0.0806897 -0.100069 -7.96606e-21)
(0.0922498 -0.115788 -4.01652e-21)
(0.100765 -0.126162 -1.50189e-20)
(0.107001 -0.132376 0)
(0.111675 -0.135591 0)
(0.115402 -0.13705 0)
(0.119274 -0.13805 3.16254e-22)
(0.0172313 -0.014568 0)
(0.0445009 -0.0424058 -1.77157e-21)
(0.0655335 -0.0688772 3.46898e-21)
(0.0823912 -0.0901104 6.19708e-21)
(0.0954892 -0.105881 2.24888e-22)
(0.105436 -0.1167 2.92973e-22)
(0.112942 -0.123476 1.09924e-20)
(0.118767 -0.127244 -1.19009e-20)
(0.123592 -0.129247 2.64191e-20)
(0.12825 -0.130635 -2.74825e-20)
(0.0159648 -0.0116585 -5.69897e-22)
(0.0428513 -0.0356263 4.37273e-21)
(0.0647019 -0.0598176 8.42737e-21)
(0.0828948 -0.0799911 -1.21126e-20)
(0.0975221 -0.0955528 8.05923e-21)
(0.108978 -0.106649 9.11607e-21)
(0.117854 -0.113916 -6.00482e-21)
(0.124865 -0.118219 2.44434e-20)
(0.130675 -0.120699 1.1591e-21)
(0.135971 -0.122316 -1.27219e-20)
(0.0144704 -0.00908553 -7.20371e-22)
(0.0405354 -0.0293424 6.84405e-22)
(0.0628767 -0.0510966 0)
(0.0822017 -0.0699362 9.92672e-21)
(0.0982781 -0.0850115 -1.97693e-21)
(0.111256 -0.0961692 4.73365e-22)
(0.121565 -0.103785 -4.85096e-21)
(0.129816 -0.10854 -1.77552e-20)
(0.136612 -0.111431 -9.56236e-22)
(0.142525 -0.113253 2.00106e-20)
(0.0128127 -0.0068717 0)
(0.0376652 -0.0236536 -5.22939e-21)
(0.0601541 -0.0428859 1.66327e-21)
(0.0803572 -0.0601578 -6.06268e-21)
(0.0977379 -0.0744709 1.96932e-21)
(0.112191 -0.0854447 -3.41457e-22)
(0.123953 -0.0932274 -3.12677e-22)
(0.133495 -0.0983119 1.14876e-20)
(0.141331 -0.10153 -1.80141e-20)
(0.147922 -0.103531 1.8716e-20)
(0.0110529 -0.00502431 3.57603e-22)
(0.0343602 -0.0186293 3.4255e-21)
(0.0566545 -0.0353268 0)
(0.0774464 -0.0508488 6.06848e-21)
(0.0959298 -0.0641428 -6.23397e-21)
(0.111752 -0.0746754 -2.48565e-21)
(0.124938 -0.0824101 7.35209e-21)
(0.135797 -0.0876646 0)
(0.144727 -0.0910958 0)
(0.152083 -0.0932331 0)
(0.00924648 -0.00353843 -4.37793e-22)
(0.0307416 -0.0143108 -1.49585e-21)
(0.052516 -0.0285284 1.96625e-21)
(0.0735874 -0.0421765 3.11726e-21)
(0.0929263 -0.0542271 3.26196e-21)
(0.109953 -0.064065 2.26196e-21)
(0.124484 -0.0715177 0)
(0.136645 -0.0767528 5.54419e-21)
(0.146707 -0.0802593 -2.46907e-21)
(0.154908 -0.0824656 0)
(0.00744216 -0.00239923 0)
(0.0269258 -0.0107136 2.9232e-21)
(0.0478848 -0.0225673 -1.96584e-21)
(0.0689229 -0.0342791 -2.03818e-21)
(0.0888381 -0.0449057 -6.43814e-23)
(0.106858 -0.0538135 -1.20307e-21)
(0.122601 -0.0607454 1.18343e-21)
(0.136008 -0.0657522 0)
(0.147207 -0.0691716 -2.72322e-21)
(0.156309 -0.07135 -3.01714e-21)
(0.00568698 -0.00158443 5.75472e-23)
(0.0230285 -0.00783145 -1.14737e-21)
(0.0429146 -0.0174897 -1.49113e-22)
(0.0636163 -0.0272643 -2.58684e-23)
(0.0838102 -0.0363385 -8.1981e-22)
(0.102572 -0.0441123 0)
(0.119345 -0.0502929 -1.18309e-21)
(0.133893 -0.0548524 0)
(0.146192 -0.0580003 0)
(0.156217 -0.0600178 0)
(0.00404217 -0.0010652 -1.24771e-22)
(0.0191867 -0.0056377 0)
(0.0377917 -0.0133124 0)
(0.0578793 -0.021208 -8.27075e-22)
(0.0780509 -0.0286596 3.14462e-22)
(0.0972739 -0.0351392 5.72023e-23)
(0.11485 -0.0403609 -5.51558e-22)
(0.130383 -0.0442561 0)
(0.143696 -0.0469316 0)
(0.154618 -0.0486161 0)
(0.00253136 -0.000806295 0)
(0.0154804 -0.00408169 -6.01517e-22)
(0.0326473 -0.0100088 5.54691e-22)
(0.0518754 -0.0161296 1.11266e-21)
(0.0717349 -0.0219434 0)
(0.091128 -0.0270197 1.18596e-21)
(0.109252 -0.0311119 -1.10285e-21)
(0.125576 -0.0341453 0)
(0.139775 -0.0361499 2.62253e-21)
(0.151533 -0.0373063 -2.50367e-21)
(0.00115541 -0.000773915 0)
(0.0119606 -0.00310845 5.02765e-21)
(0.0275853 -0.00753973 0)
(0.0457544 -0.0120291 4.75917e-21)
(0.0650416 -0.016242 0)
(0.0843221 -0.0198591 -4.5989e-21)
(0.102726 -0.0226962 0)
(0.11962 -0.0247009 4.95642e-21)
(0.134541 -0.0258522 -4.64202e-21)
(0.147034 -0.0262806 -5.08544e-21)
(-7.40975e-05 -0.000935697 -1.28915e-21)
(0.00868382 -0.00265813 -2.4821e-21)
(0.0227116 -0.00585068 -1.21788e-21)
(0.039668 -0.0088813 -2.27644e-21)
(0.0581575 -0.0115759 -2.29327e-21)
(0.0770605 -0.013731 2.20093e-21)
(0.0954763 -0.015238 2.22984e-21)
(0.1127 -0.016088 -2.25253e-22)
(0.128153 -0.0162314 4.58183e-21)
(0.141238 -0.0157413 5.08625e-21)
(-0.00114641 -0.00125972 -1.30121e-21)
(0.00569811 -0.00266539 -2.75907e-21)
(0.0181189 -0.00487147 -5.42191e-21)
(0.0337542 -0.00663463 2.44994e-21)
(0.0512596 -0.00793135 0)
(0.0695467 -0.00867144 0)
(0.0877159 -0.00882749 -4.81309e-21)
(0.105026 -0.00844676 -4.82568e-21)
(0.120804 -0.0074681 4.69e-21)
(0.134313 -0.00589349 -5.60115e-21)
(-0.00205544 -0.00171492 1.42802e-21)
(0.00303838 -0.00306126 1.51905e-21)
(0.0138804 -0.00451956 -8.37002e-21)
(0.0281285 -0.00521454 1.31487e-20)
(0.0445038 -0.00526137 -2.43251e-21)
(0.0619693 -0.00467718 0)
(0.0796538 -0.00351565 0)
(0.0968146 -0.00188669 2.35702e-20)
(0.112712 0.000271831 -2.33964e-20)
(0.126471 0.00305117 -1.53973e-20)
(-0.00279873 -0.00227092 1.18629e-20)
(0.000727645 -0.00377424 0)
(0.0100501 -0.00470265 1.10272e-20)
(0.0228816 -0.00452664 -1.05158e-20)
(0.0380187 -0.0034879 0)
(0.0544897 -0.00170399 4.9795e-21)
(0.0714748 0.00069193 -1.41508e-20)
(0.0882638 0.00352271 -1.88829e-20)
(0.104087 0.00684251 8.97558e-21)
(0.117946 0.0108717 9.53724e-21)
(-0.00337644 -0.00289774 -2.42897e-20)
(-0.00122133 -0.00473129 -3.10432e-21)
(0.00666389 -0.00532112 -6.02113e-21)
(0.0180794 -0.00445965 -1.39087e-20)
(0.0319021 -0.00250295 -5.29493e-21)
(0.0472325 0.00033692 -5.15235e-21)
(0.0633188 0.003847 -1.33081e-22)
(0.0795189 0.00777282 0)
(0.0950905 0.0121389 0)
(0.108949 0.0173481 1.90736e-20)
(-0.00379093 -0.00356563 1.24271e-20)
(-0.00280477 -0.00585899 -1.29156e-20)
(0.00374219 -0.00627105 8.78923e-21)
(0.0137661 -0.00488901 1.97391e-20)
(0.0262233 -0.00216975 -5.30335e-21)
(0.0402828 0.00158556 4.93208e-21)
(0.0552596 0.00607929 4.86064e-21)
(0.0705968 0.0109532 0)
(0.0856481 0.0161247 0)
(0.0993809 0.0222302 -9.20707e-21)
(-0.00404697 -0.00424554 -1.65681e-21)
(-0.00402668 -0.0070857 1.6244e-20)
(0.00129294 -0.00744873 -3.0672e-21)
(0.00997106 -0.00568334 0)
(0.0210383 -0.00232583 0)
(0.0337137 0.00225027 1.02844e-20)
(0.0473396 0.00767242 0)
(0.0613682 0.0134592 -9.70458e-21)
(0.0751988 0.0192154 -2.84345e-22)
(0.0880119 0.0255381 8.97347e-21)
(-0.00415187 -0.0049103 0)
(-0.00489825 -0.00834532 0)
(-0.000686438 -0.00875888 -1.29965e-20)
(0.00671478 -0.00672084 0)
(0.0164098 -0.00281206 5.70116e-21)
(0.0276556 0.0025745 -5.28335e-21)
(0.0397788 0.00910201 0)
(0.0521299 0.0164529 0)
(0.064124 0.0244263 -9.92849e-21)
(0.0754745 0.0339014 1.94007e-20)
(-0.00411277 -0.00553148 0)
(-0.0054355 -0.00957844 -1.06894e-20)
(-0.00220645 -0.0101214 -3.64218e-21)
(0.00401085 -0.00791002 -1.25495e-20)
(0.012409 -0.00354039 -5.91699e-21)
(0.0223113 0.00260644 -1.6497e-20)
(0.0331038 0.0102469 0)
(0.0442332 0.0191862 0)
(0.0554028 0.0293091 0)
(0.0666177 0.0409022 2.44866e-22)
(-0.00394016 -0.00607919 0)
(-0.00566218 -0.0107305 -4.05951e-21)
(-0.00328769 -0.0114712 6.4097e-21)
(0.00185425 -0.00918805 9.39871e-21)
(0.00905853 -0.00447622 -3.11926e-22)
(0.017735 0.00229867 -2.84208e-22)
(0.0273602 0.0108728 1.07456e-20)
(0.0374934 0.0210541 -1.02653e-20)
(0.0479391 0.0326504 2.00593e-20)
(0.0585618 0.0454918 -1.98198e-20)
(-0.00365147 -0.00653085 -1.91529e-21)
(-0.00560939 -0.0117592 1.09042e-20)
(-0.00395997 -0.0127592 1.7208e-20)
(0.00022106 -0.0105115 -1.98052e-20)
(0.00633723 -0.0056005 1.19979e-20)
(0.0138884 0.00161833 1.12743e-20)
(0.022435 0.0108751 -5.35374e-21)
(0.0316122 0.0219246 2.08016e-20)
(0.0412313 0.0344546 5.11909e-22)
(0.0510304 0.0480443 -9.80284e-21)
(-0.00326765 -0.00687024 -1.9896e-21)
(-0.00531191 -0.0126346 1.89038e-21)
(-0.00425685 -0.0139515 0)
(-0.000918786 -0.0118493 1.66018e-20)
(0.00421424 -0.00689494 -3.11623e-21)
(0.0107293 0.000564823 -3.00891e-23)
(0.0182607 0.0102471 -5.53001e-21)
(0.0264972 0.0218533 -1.61083e-20)
(0.0352347 0.0349808 -4.67378e-23)
(0.0441495 0.0490791 1.53501e-20)
(-0.00281104 -0.00708731 0)
(-0.00480507 -0.0133406 -1.1832e-20)
(-0.00420988 -0.0150269 3.62954e-21)
(-0.00159153 -0.0131793 -1.03948e-20)
(0.00266492 -0.00833921 3.19292e-21)
(0.00822913 -0.000842679 -1.19576e-22)
(0.0148019 0.00901981 -1.13316e-22)
(0.0221139 0.0209156 1.08485e-20)
(0.0299462 0.0343942 -1.56663e-20)
(0.0379609 0.0488491 1.54017e-20)
(-0.00230469 -0.00717934 1.0398e-21)
(-0.00412137 -0.0138744 7.89579e-21)
(-0.00384281 -0.0159758 0)
(-0.00181222 -0.014484 1.04748e-20)
(0.0016796 -0.00990856 -9.93073e-21)
(0.00637886 -0.00256974 -3.12295e-21)
(0.0120476 0.00724499 8.68639e-21)
(0.0184554 0.0191924 0)
(0.0253789 0.0328104 0)
(0.032497 0.0474856 0)
(-0.00177051 -0.00715317 -1.0665e-21)
(-0.00328586 -0.0142453 -3.09327e-21)
(-0.00316721 -0.0167982 3.85037e-21)
(-0.00157948 -0.015749 5.42396e-21)
(0.00127009 -0.0115713 4.99332e-21)
(0.00519665 -0.0045658 3.20818e-21)
(0.0100203 0.00499466 0)
(0.0155516 0.0167785 5.72513e-21)
(0.0215783 0.0303405 -2.63076e-21)
(0.0278117 0.0450936 0)
(-0.00122572 -0.00702428 0)
(-0.00231301 -0.0144738 6.19224e-21)
(-0.00218023 -0.0175022 -3.84955e-21)
(-0.000872427 -0.0169598 -3.61638e-21)
(0.00147305 -0.0132866 1.44309e-24)
(0.00473172 -0.00676265 -1.60049e-21)
(0.00877935 0.00236259 1.54861e-21)
(0.013472 0.0137872 0)
(0.0186235 0.0271054 -2.73089e-21)
(0.0239833 0.0417815 -2.71312e-21)
(-0.000681105 -0.00681974 1.37082e-22)
(-0.00120515 -0.0145941 -2.35081e-21)
(-0.000863089 -0.0181022 -2.53892e-22)
(0.000349252 -0.0181001 -9.64718e-24)
(0.00234892 -0.015002 -1.30173e-21)
(0.00506281 -0.00907097 0)
(0.0084193 -0.000530121 -1.54817e-21)
(0.0123239 0.0103608 0)
(0.0166304 0.0232534 0)
(0.0211239 0.0376846 0)
)
;

boundaryField
{
    inlet
    {
        type            uniformFixedValue;
        uniformValue    constant (1 0 0);
        value           uniform (1 0 0);
    }
    outlet
    {
        type            pressureInletOutletVelocity;
        value           nonuniform List<vector> 
40
(
(0.0177682 0.0369136 0)
(0.0266317 0.113368 0)
(0.0293967 0.182845 0)
(0.0262694 0.247447 0)
(0.0219059 0.318027 0)
(0.0181375 0.396469 0)
(0.0129148 0.482208 0)
(0.00887816 0.581372 0)
(0.00185897 0.698986 0)
(0.000804702 0.807063 0)
(0 -0.00491265 0)
(0 -0.0216164 0)
(0 -0.0372268 0)
(0 -0.0516564 0)
(0 -0.0648748 0)
(0 -0.0768997 0)
(0 -0.0877842 0)
(0 -0.0976035 0)
(0 -0.106442 0)
(0 -0.114387 0)
(0 -0.121523 0)
(0 -0.127929 0)
(0 -0.133682 0)
(0 -0.138859 0)
(0 -0.143538 0)
(0 -0.147798 0)
(0 -0.151722 0)
(0 -0.155394 0)
(0 -0.158901 0)
(0 -0.162332 0)
(0 -0.170489 0)
(0 -0.187851 0)
(0 -0.212833 0)
(0 -0.248093 0)
(0 -0.294431 0)
(0 -0.348844 0)
(0 -0.403925 0)
(0 -0.450455 0)
(0 -0.482383 0)
(0 -0.498203 0)
)
;
    }
    cylinder
    {
        type            fixedValue;
        value           uniform (0 0 0);
    }
    top
    {
        type            symmetryPlane;
    }
    bottom
    {
        type            symmetryPlane;
    }
    defaultFaces
    {
        type            empty;
    }
}


// ************************************************************************* //
