/*--------------------------------*- C++ -*----------------------------------*\
  =========                 |
  \\      /  F ield         | OpenFOAM: The Open Source CFD Toolbox
   \\    /   O peration     | Website:  https://openfoam.org
    \\  /    A nd           | Version:  7
     \\/     M anipulation  |
\*---------------------------------------------------------------------------*/
FoamFile
{
    version     2.0;
    format      ascii;
    class       surfaceScalarField;
    location    "2.2";
    object      phi;
}
// * * * * * * * * * * * * * * * * * * * * * * * * * * * * * * * * * * * * * //

dimensions      [0 3 -1 0 0 0 0];

internalField   nonuniform List<scalar> 
3880
(
0.000179163
0.00272366
-0.00290282
0.000752941
0.0059318
-0.00650558
0.00169368
0.00805399
-0.00899473
0.00295614
0.00953553
-0.010798
0.00448527
0.0106261
-0.0121552
0.00622056
0.0114745
-0.0132098
0.00809894
0.0121768
-0.0140552
0.0100565
0.0128
-0.0147575
0.0120285
0.0133924
-0.0153645
0.0139894
0.0139479
-0.0159087
0.000194168
0.0025295
0.000816772
0.0053092
0.00183903
0.00703173
0.00321519
0.00815937
0.00489032
0.00895093
0.00680402
0.00956078
0.00889255
0.0100883
0.0110898
0.0106027
0.0133264
0.0111558
0.0117893
0.0155265
0.000215038
0.00231446
0.000897542
0.00462669
0.00201409
0.00591518
0.00351629
0.00665717
0.00534815
0.00711908
0.00744913
0.0074598
0.0097557
0.00778174
0.0122014
0.00815701
0.0147145
0.00864274
0.00929128
0.0172126
0.000243116
0.00207135
0.000998554
0.00387126
0.00222418
0.00468956
0.00386628
0.00501507
0.00586603
0.00511933
0.008162
0.00516383
0.0106913
0.00525246
0.0133889
0.00545938
0.016184
0.0058476
0.00648427
0.018991
0.00027952
0.00179183
0.00112246
0.00302831
0.00247359
0.00333844
0.00427078
0.00321787
0.00645004
0.00294007
0.00894746
0.00266641
0.0117004
0.00249948
0.0146471
0.00251277
0.0177211
0.00277352
0.00336644
0.020839
0.000325117
0.00146671
0.00127109
0.00208233
0.002765
0.00184453
0.00473305
0.00124982
0.00710331
0.000569812
0.00980707
-3.73553e-05
0.0127806
-0.00047403
0.0159654
-0.000672073
0.0193039
-0.000565003
-5.08481e-05
0.0227212
0.000380297
0.00108641
0.00144472
0.00101791
0.00309815
0.000191101
0.00525199
-0.000904012
0.00782356
-0.00200176
0.0107365
-0.00295029
0.013923
-0.00366058
0.0173268
-0.00407579
0.0209011
-0.00413935
-0.00373853
0.0245888
0.000444781
0.000641634
0.00164149
-0.000178797
0.00346869
-0.00163609
0.0058203
-0.00325563
0.00860071
-0.00478217
0.0117231
-0.00607271
0.0151119
-0.00704933
0.0187076
-0.00767152
0.0224739
-0.00790567
-0.00765167
0.0263871
0.000517462
0.000124173
0.00185697
-0.0015183
0.0038671
-0.00364622
0.00642264
-0.00581117
0.00941443
-0.00777396
0.0127448
-0.00940312
0.0163277
-0.0106322
0.0200917
-0.0114355
0.0239961
-0.0118101
-0.0117434
0.0280878
0.000596304
-0.00047213
0.00208377
-0.00300577
0.00427786
-0.00584032
0.00703358
-0.00856689
0.0102302
-0.0109706
0.0137649
-0.0129378
0.0175503
-0.0144176
0.0215106
-0.0153958
0.0255723
-0.0158718
0.0297176
-0.0158887
0.0157834
0.0578051
-0.0596407
0.0163546
0.0642489
-0.0648202
0.0157389
0.0709816
-0.0703658
0.014314
0.0772308
-0.0758059
0.0124043
0.0828918
-0.080982
0.0101419
0.0878565
-0.0855941
0.00773444
0.0919012
-0.0894937
0.00519179
0.0957751
-0.0932324
0.00258468
0.0992187
-0.0966116
0.103657
-0.101072
0.0176008
0.0557308
0.0182865
0.0635632
0.0176705
0.0715976
0.016143
0.0787582
0.0140486
0.0849862
0.0115342
0.0903708
0.00882209
0.0946133
0.00593316
0.098664
0.00295353
0.102198
0.10661
0.0194758
0.0534675
0.0202489
0.0627901
0.0196314
0.0722151
0.0180058
0.0803838
0.0157329
0.0872591
0.0129667
0.0931371
0.0099503
0.0976297
0.00670639
0.101908
0.00334425
0.10556
0.109954
0.0213881
0.0510705
0.0222189
0.0619593
0.0216009
0.0728331
0.0198857
0.082099
0.0174454
0.0896993
0.0144315
0.096151
0.0111153
0.100946
0.00751042
0.105513
0.00375717
0.109314
0.113712
0.0233134
0.0485961
0.024171
0.0611016
0.0235551
0.0734491
0.0217626
0.0838915
0.0191708
0.0922912
0.0159184
0.0994033
0.0123109
0.104553
0.00834246
0.109481
0.00419168
0.113464
0.117903
0.0252201
0.0460972
0.0260765
0.0602452
0.025467
0.0740585
0.0236133
0.0857452
0.0208904
0.0950141
0.0174137
0.10288
0.0135284
0.108439
0.00919748
0.113812
0.00464599
0.118016
0.122549
0.0270603
0.0436257
0.0278971
0.0594084
0.0273036
0.074652
0.0254094
0.0876393
0.0225809
0.0978427
0.0188991
0.106562
0.014755
0.112583
0.0100675
0.1185
0.0051167
0.122967
0.127666
0.0287563
0.0412565
0.0295732
0.0585915
0.0290185
0.0752067
0.0271134
0.0895445
0.0242111
0.100745
0.0203503
0.110423
0.0159726
0.116961
0.0109405
0.123532
0.00559833
0.128309
0.133264
0.0302411
0.0391032
0.031056
0.0577766
0.0305736
0.0756891
0.0286913
0.0914267
0.0257495
0.103687
0.0217387
0.114433
0.017158
0.121541
0.0117995
0.12889
0.00608296
0.134026
0.139347
0.0315448
0.037276
0.0324056
0.0569158
0.0319774
0.0761173
0.030132
0.0932722
0.0271602
0.106659
0.0230258
0.118568
0.018265
0.126302
0.0126135
0.134542
0.00655171
0.140087
0.145899
0.124471
0.0539772
-0.141172
0.11035
0.0710373
0.097329
0.0891378
0.084694
0.105907
0.0716688
0.119684
0.0584237
0.131813
0.0444834
0.140242
0.0301035
0.148922
0.0152789
0.154912
0.161178
0.143968
0.0704488
-0.160439
0.128252
0.086753
0.113292
0.104098
0.0985403
0.120659
0.0833631
0.134861
0.0678097
0.147366
0.0514832
0.156569
0.0348405
0.165564
0.017832
0.17192
0.17901
0.160175
0.0861889
-0.175915
0.144325
0.102603
0.128588
0.119834
0.11265
0.136597
0.0959124
0.151598
0.0784325
0.164846
0.059813
0.175188
0.0406867
0.184691
0.0208697
0.191737
0.199879
0.176606
0.101029
-0.191446
0.160862
0.118347
0.144556
0.13614
0.1275
0.153653
0.109255
0.169844
0.0897839
0.184317
0.068762
0.19621
0.0467505
0.206702
0.0237778
0.21471
0.223657
0.19441
0.11538
-0.208761
0.178644
0.134113
0.161752
0.153032
0.143582
0.171824
0.123765
0.18966
0.102199
0.205883
0.0787842
0.219625
0.0540097
0.231477
0.0277959
0.240924
0.251453
0.213101
0.129416
-0.227137
0.197387
0.149826
0.180159
0.17026
0.161129
0.190854
0.139902
0.210887
0.116317
0.229468
0.0902924
0.24565
0.0621301
0.259639
0.031934
0.27112
0.283387
0.234838
0.143021
-0.248442
0.219178
0.165486
0.201485
0.187953
0.181364
0.210975
0.158143
0.234108
0.131277
0.256334
0.100568
0.276358
0.0667736
0.293434
0.0325862
0.305308
0.315973
0.254307
0.155435
-0.266721
0.239418
0.180374
0.222795
0.204576
0.203717
0.230053
0.181462
0.256363
0.155763
0.282033
0.126385
0.305736
0.0924835
0.327335
0.0506996
0.347091
0.366673
0.278688
0.156956
-0.280209
0.268822
0.190241
0.251886
0.221512
0.229111
0.252828
0.200628
0.284846
0.166362
0.316299
0.12643
0.345668
0.0836808
0.370085
0.0408073
0.389965
0.40748
0.265266
-0.237847
0.279115
0.280549
0.270963
0.251337
0.221385
0.180995
0.128739
0.0672226
0.03891
-0.147456
-0.0326258
0.0426051
-0.164134
0.045033
-0.178343
0.0468561
-0.193269
0.0480808
-0.209985
0.0489438
-0.228
0.048561
-0.24806
0.0473056
-0.265465
0.0396291
-0.272532
-0.224677
0.0381823
-0.152758
-0.0328802
0.0413958
-0.167348
0.0435762
-0.180523
0.0452212
-0.194914
0.0463173
-0.211082
0.0470418
-0.228724
0.0465437
-0.247561
0.044844
-0.263765
0.0365248
-0.264213
-0.210915
0.0370771
-0.157329
-0.0325061
0.0398314
-0.170102
0.0417668
-0.182458
0.0432429
-0.196391
0.0442416
-0.21208
0.0448443
-0.229327
0.0442724
-0.24699
0.0421143
-0.261607
0.0333157
-0.255415
-0.196593
0.0354288
-0.161226
-0.0315322
0.037764
-0.172437
0.0394766
-0.184171
0.0408151
-0.197729
0.0417559
-0.213021
0.0422867
-0.229858
0.0416751
-0.246378
0.0391179
-0.25905
0.0299479
-0.246244
-0.181838
0.0331893
-0.164473
-0.029942
0.0351407
-0.174389
0.0366655
-0.185696
0.0379129
-0.198976
0.0388466
-0.213955
0.0393634
-0.230374
0.0387507
-0.245765
0.035865
-0.256164
0.0264563
-0.236836
-0.166778
0.0303399
-0.167095
-0.0277179
0.0319551
-0.176004
0.0333384
-0.187079
0.0345498
-0.200188
0.0355304
-0.214935
0.0360905
-0.230934
0.0355133
-0.245188
0.0323703
-0.253021
0.0228952
-0.227361
-0.151524
0.0268985
-0.169128
-0.0248654
0.0282365
-0.177342
0.0295299
-0.188373
0.0307612
-0.201419
0.0318404
-0.216015
0.0324963
-0.23159
0.0319835
-0.244675
0.0286385
-0.249676
0.0193215
-0.218044
-0.136213
0.0229127
-0.170622
-0.0214191
0.0240373
-0.178467
0.0252924
-0.189628
0.0265957
-0.202722
0.0278194
-0.217238
0.0286178
-0.232389
0.0281919
-0.244249
0.0246741
-0.246159
0.0157053
-0.209075
-0.121217
0.0184537
-0.171634
-0.017442
0.0194277
-0.179441
0.0206906
-0.190891
0.0221103
-0.204142
0.0235177
-0.218646
0.0245005
-0.233371
0.0241876
-0.243936
0.0205546
-0.242526
0.0118267
-0.200347
-0.107495
0.0136121
-0.172223
-0.0130224
0.0144913
-0.18032
0.0157983
-0.192197
0.0173684
-0.205712
0.0189905
-0.220268
0.0201956
-0.234577
0.0200338
-0.243775
0.0164082
-0.2389
0.00794097
-0.19188
-0.0955378
0.00850381
-0.172446
-0.00828161
0.00933106
-0.181147
0.0107049
-0.193571
0.0124463
-0.207454
0.0143044
-0.222126
0.0157645
-0.236037
0.0158017
-0.243812
0.0123086
-0.235407
0.00420454
-0.183776
-0.0852244
0.00321283
-0.17234
-0.00331825
0.00402066
-0.181955
0.00547143
-0.195022
0.00739332
-0.209376
0.00950206
-0.224235
0.0112474
-0.237782
0.0115415
-0.244106
0.00828869
-0.232154
0.000291873
-0.175779
-0.0766573
-0.00212761
-0.171937
0.00172445
-0.00133264
-0.18275
0.000184685
-0.196539
0.00228756
-0.211478
0.00465125
-0.226598
0.00670306
-0.239834
0.0073025
-0.244705
0.00441433
-0.229266
-0.00257925
-0.168785
-0.0687643
-0.00739266
-0.171258
0.00671395
-0.00663418
-0.183508
-0.00506082
-0.198113
-0.00280398
-0.213735
-0.000190627
-0.229212
0.00218407
-0.242209
0.00311221
-0.245633
0.000706941
-0.226861
-0.00561007
-0.162468
-0.0616434
-0.0124901
-0.170293
0.0115248
-0.0118009
-0.184198
-0.0102066
-0.199707
-0.00781918
-0.216123
-0.00497021
-0.232061
-0.00227829
-0.2449
-0.000987179
-0.246925
-0.00303059
-0.224817
-0.00867892
-0.15682
-0.0552802
-0.0173229
-0.169013
0.0160431
-0.0167584
-0.184762
-0.0151796
-0.201286
-0.0126975
-0.218605
-0.00963517
-0.235123
-0.00662277
-0.247913
-0.00492872
-0.248619
-0.00656841
-0.223178
-0.0116901
-0.151698
-0.0495934
-0.0217866
-0.167401
0.0201744
-0.0214049
-0.185144
-0.0198821
-0.202809
-0.0173499
-0.221137
-0.0141092
-0.238364
-0.0107953
-0.251227
-0.00872956
-0.250684
-0.00994241
-0.221965
-0.014606
-0.147035
-0.0444896
-0.0257179
-0.165529
0.0238462
-0.0255817
-0.18528
-0.0241751
-0.204215
-0.0216599
-0.223652
-0.0183017
-0.241722
-0.0147336
-0.254795
-0.0123304
-0.253087
-0.0131485
-0.221147
-0.0174108
-0.142772
-0.0398775
-0.0290913
-0.16346
0.0270224
-0.0293113
-0.18506
-0.0281023
-0.205424
-0.0256779
-0.226077
-0.0222624
-0.245137
-0.0184778
-0.258579
-0.0157546
-0.255811
-0.016198
-0.220703
-0.020106
-0.138864
-0.0356786
-0.0322066
-0.160954
0.0296998
-0.032912
-0.184354
-0.0319826
-0.206354
-0.0297017
-0.228358
-0.0262374
-0.248602
-0.0222013
-0.262616
-0.0190169
-0.258995
-0.0191161
-0.220604
-0.0225871
-0.135393
-0.0316863
-0.0152834
-0.157302
0.0116313
-0.0183629
-0.181275
-0.019042
-0.205675
-0.0180371
-0.229362
-0.0172151
-0.249424
-0.0213149
-0.258516
-0.036939
-0.243371
-0.0674229
-0.19012
-0.100949
-0.101867
-0.0141657
-0.042715
-0.154104
0.0395177
-0.044394
-0.179596
-0.04466
-0.205409
-0.0440145
-0.230008
-0.0453923
-0.248046
-0.0547164
-0.249192
-0.0780186
-0.220069
-0.113422
-0.154717
-0.146404
-0.068885
-0.00254361
-0.0680722
-0.150527
0.0644947
-0.070734
-0.176934
-0.0719708
-0.204172
-0.0730292
-0.228949
-0.0780928
-0.242982
-0.0937827
-0.233502
-0.123702
-0.19015
-0.161148
-0.117271
-0.190053
-0.03998
0.00370315
-0.094847
-0.145067
0.089387
-0.0995169
-0.172264
-0.102817
-0.200871
-0.106835
-0.224932
-0.116996
-0.232821
-0.139723
-0.210775
-0.174956
-0.154916
-0.211574
-0.0806525
-0.233772
-0.0177823
0.00534825
-0.122657
-0.13627
0.11386
-0.130759
-0.164162
-0.137959
-0.193671
-0.147142
-0.21575
-0.164336
-0.215627
-0.194069
-0.181042
-0.231683
-0.117302
-0.263529
-0.0488067
-0.277517
-0.00379447
0.00396624
-0.151221
-0.123028
0.137978
-0.164946
-0.150437
-0.178768
-0.179849
-0.195892
-0.198626
-0.22147
-0.190049
-0.256429
-0.146082
-0.292156
-0.081576
-0.315696
-0.0252661
-0.321497
0.00200587
0.00136066
-0.180536
-0.102249
0.159757
-0.202165
-0.128808
-0.225525
-0.156489
-0.253143
-0.171007
-0.287284
-0.155908
-0.324406
-0.108961
-0.354193
-0.0517888
-0.368046
-0.0114131
-0.367971
0.00193044
-0.000777906
-0.206953
-0.0761963
0.180901
-0.238191
-0.0975693
-0.274186
-0.120495
-0.315059
-0.130133
-0.358367
-0.1126
-0.39612
-0.0712073
-0.419013
-0.028896
-0.425272
-0.00515386
-0.422916
-0.000426122
-0.00156214
-0.223067
-0.0407385
0.18761
-0.266359
-0.0542775
-0.318729
-0.068126
-0.376656
-0.0722058
-0.430444
-0.0588119
-0.468077
-0.0335743
-0.484826
-0.0121469
-0.487278
-0.00270191
-0.486089
-0.00161523
-0.00103208
-0.230044
0.189306
-0.284322
-0.352448
-0.424654
-0.483465
-0.51704
-0.529187
-0.531888
-0.533504
-0.0375648
0.0171563
0.0320397
-0.041229
0.0431819
-0.0432761
0.0665417
-0.0436662
0.0897771
-0.0421126
0.112307
-0.038482
0.134348
-0.0324074
0.153682
-0.0234347
0.171928
-0.0125924
0.176767
0.176713
-0.0376023
0.0216973
0.0330613
-0.0405017
0.0460813
-0.0419745
0.0680145
-0.041826
0.0896286
-0.039867
0.110347
-0.0359572
0.130438
-0.029962
0.147687
-0.0213341
0.1633
-0.011397
0.16683
0.165316
-0.0374361
0.0256803
0.0334531
-0.0396818
0.048327
-0.0405815
0.0689143
-0.0399188
0.088966
-0.0375885
0.108017
-0.0334803
0.12633
-0.0275518
0.141758
-0.0194012
0.155149
-0.0102493
0.157678
0.155067
-0.0367844
0.0292001
0.0332646
-0.0384994
0.0500419
-0.0389025
0.0693174
-0.0378119
0.0878754
-0.0351997
0.105405
-0.0309855
0.122116
-0.025204
0.135977
-0.0175613
0.147507
-0.00918019
0.149297
0.145887
-0.0356691
0.0322962
0.032573
-0.0369537
0.0513266
-0.0369487
0.0693123
-0.0355299
0.0864566
-0.0327309
0.102606
-0.0285008
0.117885
-0.0229304
0.130406
-0.0158219
0.140398
-0.00818073
0.141656
0.137706
-0.0341693
0.0350163
0.0314492
-0.0351084
0.0522657
-0.0347747
0.0689786
-0.0331197
0.0848017
-0.0302196
0.0997057
-0.0260514
0.113717
-0.0207437
0.125099
-0.0141804
0.133835
-0.00724593
0.134722
0.13046
-0.0323556
0.0374099
0.029962
-0.033026
0.0529361
-0.032439
0.0683915
-0.0306306
0.0829932
-0.027704
0.0967791
-0.0236613
0.109675
-0.0186553
0.120093
-0.0126348
0.127814
-0.00637336
0.12846
0.124087
-0.0302925
0.0395204
0.028182
-0.0307612
0.0534048
-0.0299927
0.067623
-0.0281047
0.0811052
-0.025216
0.0938904
-0.0213499
0.105809
-0.0166736
0.115416
-0.0111854
0.122326
-0.00556234
0.122837
0.118525
-0.0280446
0.0413839
0.0261811
-0.0283676
0.0537278
-0.0274827
0.0667382
-0.0255788
0.0792013
-0.0227823
0.0910939
-0.0191328
0.102159
-0.0148048
0.111088
-0.00983315
0.117355
-0.00481326
0.117817
0.113711
-0.0256764
0.0430296
0.0240307
-0.0258982
0.0539495
-0.0249536
0.0657936
-0.0230862
0.0773339
-0.0204256
0.0884333
-0.0170221
0.0987557
-0.013054
0.10712
-0.00857921
0.11288
-0.00412673
0.113365
0.109585
-0.0232523
0.0444795
0.0218024
-0.023407
0.0541042
-0.0224497
0.0648363
-0.0206599
0.075544
-0.0181685
0.085942
-0.0150309
0.095618
-0.0114268
0.103516
-0.00742571
0.108879
-0.00350349
0.109443
0.106081
-0.0208219
0.045748
0.0195533
-0.020932
0.0542143
-0.0199989
0.0639032
-0.0183172
0.0738623
-0.0160197
0.0836445
-0.0131599
0.0927582
-0.00992017
0.100276
-0.00636857
0.105327
-0.00294076
0.106015
0.10314
-0.0184371
0.0468439
0.0173412
-0.0185148
0.054292
-0.0176332
0.0630216
-0.0160807
0.0723099
-0.0139933
0.0815571
-0.0114158
0.0901806
-0.00853567
0.0973963
-0.00540689
0.102198
-0.00243701
0.103045
0.100703
-0.0161383
0.0477711
0.0152111
-0.0161856
0.0543393
-0.0153735
0.0622094
-0.0139631
0.0708995
-0.0120949
0.079689
-0.00979824
0.0878839
-0.00726976
0.0948678
-0.00453627
0.0994648
-0.001989
0.100498
0.0987142
-0.0139565
0.0485307
0.0131969
-0.013966
0.0543488
-0.0132329
0.0614763
-0.0119706
0.0696372
-0.010325
0.0780434
-0.00830312
0.0858621
-0.00611615
0.0926808
-0.00375062
0.0970993
-0.00159299
0.0983399
0.0971212
-0.0119114
0.0491224
0.0113197
-0.0118688
0.0543062
-0.0112167
0.0608242
-0.0101031
0.0685235
-0.00867869
0.076619
-0.00692243
0.0841058
-0.00506589
0.0908243
-0.00304248
0.0950759
-0.0012451
0.0965425
0.0958762
-0.01001
0.0495446
0.00958792
-0.00989833
0.0541945
-0.00932346
0.0602494
-0.00835525
0.0675553
-0.0071471
0.0754108
-0.00564501
0.0826037
-0.00410777
0.089287
-0.00240334
0.0933715
-0.000941461
0.0950807
0.0949347
-0.00824761
0.0497932
0.007999
-0.00805374
0.0540006
-0.0075485
0.0597441
-0.00671931
0.0667261
-0.00571883
0.0744104
-0.00445781
0.0813427
-0.00322895
0.0880582
-0.00182388
0.0919664
-0.000678271
0.0939351
0.0942564
-0.00662103
0.049867
0.00654723
-0.00633373
0.0537133
-0.00588585
0.0592962
-0.00518543
0.0660257
-0.00438067
0.0736056
-0.00334549
0.0803075
-0.00241511
0.0871278
-0.00129354
0.0908448
-0.000451547
0.0930931
0.0938049
-0.00511526
0.0497332
0.00524901
-0.0047218
0.0533199
-0.00430953
0.058884
-0.00373346
0.0654496
-0.00310868
0.0729808
-0.00229536
0.0794942
-0.00164631
0.0864787
-0.000806795
0.0900053
-0.000255062
0.0925413
0.0935498
-0.0636665
0.0414509
0.0719488
-0.0575908
0.0472442
-0.052071
0.0533641
-0.0463191
0.0596978
-0.0396251
0.0662868
-0.0323506
0.0722197
-0.0240404
0.0781686
-0.0157068
0.0816717
-0.00743495
0.0842695
0.0861149
-0.0583839
0.0350959
0.0647389
-0.0524346
0.0412949
-0.0466562
0.0475857
-0.0406729
0.0537146
-0.0342578
0.0598716
-0.027597
0.0655589
-0.0203995
0.0709712
-0.0136192
0.0748914
-0.00686092
0.0775112
0.0792539
-0.0518266
0.0297792
0.0571434
-0.046464
0.0359323
-0.0409272
0.0420489
-0.0351786
0.047966
-0.029171
0.053864
-0.0231459
0.0595338
-0.0168664
0.0646917
-0.0112256
0.0692506
-0.00566729
0.0719529
0.0735867
-0.045492
0.0252025
0.0500687
-0.0405104
0.0309507
-0.0351472
0.0366857
-0.0295302
0.042349
-0.0237734
0.0481072
-0.0181678
0.0539281
-0.0126282
0.0591521
-0.00793573
0.0645581
-0.00378145
0.0677986
0.0698052
-0.0395386
0.0211653
0.0435758
-0.0348214
0.0262335
-0.0295461
0.0314104
-0.023921
0.0367238
-0.0181726
0.0423589
-0.0127128
0.0484683
-0.0076935
0.0541328
-0.00377151
0.0606361
-0.00136867
0.0653958
0.0684365
-0.0343951
0.0174119
0.0381485
-0.0297308
0.0215692
-0.0243297
0.0260092
-0.0184635
0.0308576
-0.0124096
0.036305
-0.0066765
0.0427352
-0.00194826
0.0494045
0.00157569
0.0571122
0.00196873
0.0650027
0.0704053
-0.0315568
0.0137048
0.0352639
-0.026612
0.0166245
-0.0207311
0.0201283
-0.0141973
0.0243239
-0.00730817
0.0294158
-0.00039677
0.0358238
0.00498962
0.0440181
0.00851598
0.0535858
0.00720107
0.0663177
0.0776063
-0.0384601
0.00933414
0.0428308
-0.0327439
0.0109083
-0.0259002
0.0132846
-0.0180201
0.0164437
-0.00926557
0.0206613
0.00021245
0.0263458
0.00874394
0.0354866
0.01539
0.0469398
0.0147428
0.0669648
0.0923492
-0.0853483
0.00352887
0.0911535
-0.0788102
0.00437017
-0.0710394
0.0055139
-0.0616228
0.00702715
-0.0502155
0.00925396
-0.0367595
0.0128898
-0.0205559
0.019283
-0.00158136
0.0279652
0.0124067
0.0529767
0.104756
-0.244036
0.247565
-0.239666
-0.234152
-0.227125
-0.217871
-0.204981
-0.185698
-0.157733
-0.104756
-0.00409318
0.0714346
0.00460737
-0.00292648
0.0635722
-0.00175229
0.0559692
-0.00070759
0.049024
6.28379e-05
0.0428054
0.000465408
0.0377459
0.000288795
0.0354405
-0.000878203
0.0439978
-0.00254517
0.0928205
0.24502
-0.00328242
0.0710687
0.00364838
-0.0023723
0.062662
-0.00139982
0.0549967
-0.000527329
0.0481515
0.000107193
0.0421709
0.000409457
0.0374436
0.000195986
0.035654
-0.00085712
0.0450509
-0.00229116
0.0942545
0.242728
-0.00249829
0.070842
0.00272498
-0.00181163
0.0619754
-0.00104403
0.0542291
-0.000345559
0.047453
0.000155864
0.0416694
0.000372883
0.0372266
0.00014183
0.035885
-0.000790075
0.0459828
-0.00201626
0.0954807
0.240712
-0.00177925
0.0707372
0.00188398
-0.001304
0.0615001
-0.000723035
0.0536482
-0.000181462
0.0469114
0.000206025
0.041282
0.000359453
0.0370732
0.00013337
0.0361111
-0.000669569
0.0467857
-0.00170741
0.0965186
0.239005
-0.00115134
0.0707369
0.00115172
-0.000865014
0.0612138
-0.000446955
0.0532301
-3.9204e-05
0.0465037
0.000257021
0.0409857
0.000367803
0.0369624
0.00016623
0.0363127
-0.000502734
0.0474547
-0.00137076
0.0973866
0.237634
-0.000620349
0.0708142
0.000543033
-0.000493602
0.0610871
-0.000212645
0.0529491
8.56518e-05
0.0462054
0.000310438
0.0407609
0.000396458
0.0368764
0.000234288
0.0364749
-0.00029913
0.0479881
-0.00101375
0.0981012
0.23662
-0.000185609
0.0709261
7.36747e-05
-0.000188613
0.0610901
-1.59629e-05
0.0527765
0.000193075
0.0459963
0.000366955
0.0405871
0.000442841
0.0368005
0.000330617
0.0365871
-6.70561e-05
0.0483858
-0.000642647
0.0986768
0.235978
0.000144097
0.0710764
-0.000294341
4.78052e-05
0.0611863
0.000145932
0.0526784
0.000288176
0.0458541
0.000425934
0.0404493
0.000502848
0.0367236
0.00044738
0.0366426
0.000181742
0.0486514
-0.000263159
0.0991217
0.235714
0.00037976
0.0712338
-0.000537169
0.000253413
0.0613127
0.000278827
0.0526529
0.000371816
0.0457611
0.000485202
0.0403359
0.000571088
0.0366377
0.000576357
0.0366373
0.000441461
0.0487863
0.000119467
0.0994437
0.235834
0.000548887
0.0713649
-0.000680044
0.000402605
0.061459
0.000386767
0.0526688
0.00044428
0.0457036
0.00054142
0.0402388
0.00064132
0.0365378
0.000709014
0.0365696
0.00070247
0.0487929
0.000499649
0.0996465
0.236334
0.000653744
0.0714557
-0.00074456
0.000512849
0.0615999
0.000471176
0.0527105
0.000503051
0.0456717
0.000589064
0.0401528
0.000705823
0.0364211
0.000836092
0.0364393
0.000955239
0.0486737
0.000870647
0.0997311
0.237204
0.000723488
0.0715041
-0.00077183
0.000603319
0.06172
0.0005415
0.0527723
0.000550958
0.0456623
0.000626718
0.040077
0.000760271
0.0362875
0.000951824
0.0362478
0.0011942
0.0484313
0.00122955
0.0996958
0.238434
0.000774093
0.071516
-0.000786035
0.000681449
0.0618127
0.000599427
0.0528543
0.000585437
0.0456763
0.00064917
0.0400133
0.000797791
0.0361389
0.00104858
0.035997
0.00141137
0.0480685
0.00156975
0.0995374
0.240003
0.000826051
0.0715072
-0.000817206
0.00075743
0.0618813
0.000649769
0.052962
0.000606701
0.0457193
0.000653637
0.0399663
0.000813664
0.0359789
0.00112087
0.0356898
0.00160092
0.0475885
0.00188604
0.0992523
0.24189
0.0009007
0.0715016
-0.000895132
0.000842221
0.0619398
0.000698676
0.0531055
0.000616502
0.0458015
0.00063884
0.039944
0.000804533
0.0358132
0.00116452
0.0353298
0.00175825
0.0469948
0.00217357
0.0988369
0.244063
0.00102136
0.0715296
-0.00104936
0.000948688
0.0620125
0.000754364
0.0532998
0.000618737
0.0459371
0.000605403
0.0399573
0.000768547
0.03565
0.00117652
0.0349218
0.00187999
0.0462913
0.0024281
0.0982888
0.246491
0.00121511
0.071624
-0.00130951
0.00109293
0.0621347
0.000827752
0.053565
0.000619933
0.0461449
0.000556176
0.0400211
0.000705363
0.0355008
0.00115448
0.0344727
0.00196352
0.0454822
0.00264579
0.0976066
0.249137
0.00150946
0.0718187
-0.00170413
0.00129274
0.0623514
0.000931419
0.0539263
0.000628866
0.0464475
0.000496105
0.0401538
0.000615666
0.0353813
0.00109549
0.0339929
0.00200618
0.0445716
0.00282234
0.0967904
0.251959
0.00192144
0.0721465
-0.00224922
0.00156234
0.0627105
0.00107515
0.0544135
0.000653545
0.0468691
0.000430469
0.0403769
0.000499814
0.0353119
0.000994525
0.0334982
0.00200617
0.0435599
0.00295755
0.095839
0.254917
0.00250979
0.0725529
-0.00291624
0.00191394
0.0633063
0.00126734
0.0550601
0.000702335
0.0474341
0.000368039
0.0407112
0.000364443
0.0353155
0.000856595
0.033006
0.00198102
0.0424355
0.00307233
0.0947477
0.257989
-0.0486487
0.060059
0.0611426
-0.0385332
0.0531908
-0.0305931
0.04712
-0.0240817
0.0409228
-0.0184787
0.0351082
-0.0134849
0.0303217
-0.00911422
0.0286353
-0.00560916
0.0389304
-0.00314026
0.0922788
0.254849
-0.052146
0.0505193
0.0616857
-0.043931
0.0449759
-0.0365302
0.0397191
-0.0298487
0.0342412
-0.0236945
0.028954
-0.017891
0.0245182
-0.0124424
0.0231868
-0.00760124
0.0340893
-0.00348611
0.0881637
0.251363
-0.0556095
0.0422819
0.0638469
-0.0485361
0.0379025
-0.0416226
0.0328057
-0.0349577
0.0275763
-0.0284146
0.0224109
-0.0218405
0.0179441
-0.0152338
0.0165801
-0.00890697
0.0277624
-0.00346267
0.0827194
0.2479
-0.0598443
0.0353834
0.0667428
-0.0533194
0.0313776
-0.0467176
0.0262039
-0.0400881
0.0209469
-0.0332707
0.0155935
-0.0260577
0.0107311
-0.0183736
0.00889604
-0.010589
0.0199778
-0.00373426
0.0758646
0.244166
-0.0646049
0.0285935
0.0713948
-0.0583123
0.025085
-0.0519945
0.0198862
-0.0455295
0.0144818
-0.0386192
0.00868313
-0.0309554
0.00306731
-0.0223705
0.000311108
-0.0130456
0.0106529
-0.00454996
0.067369
0.239616
-0.0690575
0.0229429
0.0747081
-0.0633124
0.0193399
-0.0575943
0.0141681
-0.0517181
0.00860563
-0.045161
0.00212604
-0.037262
-0.00483173
-0.0277252
-0.00922566
-0.016741
-0.000331252
-0.00635823
0.0569862
0.233258
-0.0739553
0.016578
0.0803201
-0.0681499
0.0135345
-0.0628568
0.00887495
-0.0577827
0.00353158
-0.0526743
-0.0029824
-0.0462299
-0.0112761
-0.0374252
-0.0180303
-0.0264831
-0.0112734
-0.0129523
0.0434555
0.220305
-0.078182
0.0114554
0.0833047
-0.0733799
0.00873236
-0.0693813
0.00487638
-0.0657664
-8.333e-05
-0.0622422
-0.00650661
-0.0582341
-0.0152842
-0.0523174
-0.0239471
-0.0428371
-0.0207537
-0.0263574
0.0269758
0.193948
-0.0821661
0.00564625
0.0879753
-0.0775208
0.00408703
-0.0744796
0.00183514
-0.0734955
-0.00106738
-0.0742456
-0.00575653
-0.0768021
-0.0127277
-0.0800781
-0.020671
-0.0797767
-0.0210551
-0.0647977
0.0119967
0.12915
-0.0857915
0.0914377
-0.0817045
-0.0798693
-0.0809367
-0.0866932
-0.0994209
-0.120092
-0.141147
-0.12915
0.00211656
0.0621728
-0.00314678
0.00125527
0.062547
0.00068003
0.0644221
0.000163199
0.0672597
-0.000115441
0.0716734
-0.000442834
0.0750355
-0.000352449
0.0802297
-0.000376899
0.0833291
-0.000112116
0.0877105
0.0913256
0.00313102
0.0630656
-0.00402385
0.00232524
0.0633528
0.0017091
0.0650383
0.00113588
0.0678329
0.000739378
0.0720699
0.000252384
0.0755224
0.000177554
0.0803045
-3.80623e-05
0.0835447
8.0652e-05
0.0875918
0.0914063
0.00430344
0.0637143
-0.00495213
0.00356374
0.0640925
0.00289478
0.0657072
0.00222101
0.0685067
0.00167654
0.0726144
0.00106996
0.076129
0.000784846
0.0805896
0.000426386
0.0839032
0.000293695
0.0877245
0.0917
0.00551956
0.0640843
-0.00588953
0.00488719
0.0647249
0.00418807
0.0664064
0.0034147
0.06928
0.00271781
0.0733113
0.00195752
0.0768893
0.00145677
0.0810904
0.000899884
0.0844601
0.000523186
0.0881012
0.0922232
0.00675709
0.0641611
-0.00683395
0.00627649
0.0652054
0.005573
0.0671099
0.00470866
0.0701444
0.00385538
0.0741645
0.00292398
0.0778207
0.00219027
0.0818241
0.0014109
0.0852394
0.000768199
0.0887439
0.0929914
0.00804227
0.0639227
-0.0078038
0.00774263
0.0655051
0.00705215
0.0678003
0.00610119
0.0710953
0.00508627
0.0751795
0.0039669
0.0789401
0.00298402
0.082807
0.00195907
0.0862644
0.00102905
0.0896739
0.0940204
0.00940004
0.0633506
-0.00882801
0.0092949
0.0656102
0.00862583
0.0684694
0.00758806
0.0721331
0.00640506
0.0763625
0.00508148
0.0802636
0.00383484
0.0840536
0.00254216
0.0875571
0.00130588
0.0909102
0.0953263
0.0108483
0.0624392
-0.00993682
0.0109367
0.0655218
0.0102897
0.0691164
0.00916194
0.0732609
0.00780421
0.0777202
0.00626188
0.081806
0.00473867
0.0855768
0.00315805
0.0891377
0.001599
0.0924692
0.0969253
0.0123969
0.0611959
-0.0111536
0.0126667
0.065252
0.012037
0.0697461
0.0108143
0.0744835
0.00927592
0.0792586
0.00750242
0.0835795
0.00569188
0.0873874
0.00380533
0.0910242
0.00190914
0.0943654
0.0988344
0.0140463
-0.0124911
0.0144782
0.0138585
0.0125362
0.0108127
0.00879812
0.00669179
0.00448361
0.00223748
0.000679715
-0.00115185
0.00231403
-0.00464008
0.00468133
-0.00820762
0.00761606
-0.0115016
0.0109883
-0.0143428
0.0146978
-0.0166474
0.0186771
-0.0183969
0.0229038
-0.0196226
0.0274525
-0.0204204
-0.021062
0.000758827
-0.00191067
0.00252548
-0.00640673
0.00504035
-0.0107225
0.00811583
-0.0145771
0.0116103
-0.0178373
0.0154201
-0.0204572
0.0194777
-0.0224544
0.0237526
-0.0238975
0.0282443
-0.0249121
-0.0256979
0.000831358
-0.00274203
0.00270895
-0.00828432
0.00533341
-0.0133469
0.00849366
-0.0177373
0.0120346
-0.0213782
0.0158445
-0.0242671
0.019848
-0.0264579
0.0239967
-0.0280461
0.0282474
-0.0291628
-0.0299566
0.000892661
-0.00363469
0.0028506
-0.0102423
0.00553483
-0.0160312
0.00871144
-0.020914
0.0122131
-0.0248799
0.0159225
-0.0279765
0.0197608
-0.0302962
0.0236753
-0.0319607
0.0276204
-0.0331079
-0.0338684
0.000938105
-0.00457279
0.00293756
-0.0122417
0.00562235
-0.018716
0.00873897
-0.0240306
0.0121122
-0.0282531
0.0156249
-0.0314891
0.0192029
-0.0338742
0.0228019
-0.0355597
0.0263915
-0.0366974
-0.0374189
0.000963304
-0.0055361
0.00295864
-0.014237
0.00557826
-0.0213356
0.00855466
-0.027007
0.0117111
-0.0314096
0.0149373
-0.0347153
0.0181715
-0.0371084
0.0213848
-0.038773
0.0245673
-0.0398799
-0.0405695
0.000964348
-0.00650045
0.00290498
-0.0161777
0.00539037
-0.023821
0.00814649
-0.0297631
0.0110023
-0.0342655
0.0138609
-0.0375739
0.0166775
-0.039925
0.0194423
-0.0415378
0.0221649
-0.0426025
-0.04327
0.000938048
-0.00743849
0.00277067
-0.0180103
0.00505286
-0.0261032
0.00751265
-0.0322229
0.00999187
-0.0367447
0.012412
-0.039994
0.0147482
-0.0422612
0.0170092
-0.0437989
0.0192215
-0.0448148
-0.0454676
0.000882202
-0.0083207
0.00255327
-0.0196814
0.00456673
-0.0281166
0.00666174
-0.0343179
0.0086993
-0.0387823
0.0106226
-0.0419173
0.0124273
-0.0440659
0.0141388
-0.0455104
0.0157962
-0.0464721
-0.0471134
0.000795625
-0.00911632
0.002254
-0.0211397
0.00393989
-0.0298025
0.00561235
-0.0359904
0.00715655
-0.0403264
0.00853885
-0.0432996
0.00977405
-0.0453011
0.0109015
-0.0466379
0.0119688
-0.0475394
-0.048167
0.000729284
-0.0098456
0.00195562
-0.0223661
0.0032754
-0.0311223
0.00448127
-0.0371962
0.0054893
-0.0413345
0.00629118
-0.0441014
0.00692001
-0.0459299
0.00742668
-0.0471446
0.00786468
-0.0479774
-0.048584
0.00060424
-0.0104498
0.00154116
-0.023303
0.00244824
-0.0320294
0.00315527
-0.0379033
0.00360885
-0.0417881
0.0038228
-0.0443154
0.00384419
-0.0459513
0.00373134
-0.0470317
0.0035405
-0.0477866
-0.0483617
0.00045839
-0.0109082
0.00107535
-0.0239199
0.00154355
-0.0324976
0.00173551
-0.0380952
0.00162867
-0.0416812
0.00125623
-0.043943
0.000675548
-0.0453706
-5.08556e-05
-0.0463053
-0.000865827
-0.0469716
-0.0475031
0.000295732
-0.011204
0.000571675
-0.0241959
0.000587982
-0.0325139
0.000263662
-0.0377709
-0.000394185
-0.0410234
-0.00133629
-0.0430009
-0.00249901
-0.0442079
-0.00381871
-0.0449856
-0.00523855
-0.0455518
-0.0460277
0.000121218
-0.0113252
4.57086e-05
-0.0241204
-0.000390162
-0.032078
-0.00121798
-0.0369431
-0.00240311
-0.0398382
-0.00388418
-0.0415198
-0.00559508
-0.042497
-0.00747425
-0.0431064
-0.00946629
-0.0435598
-0.0439692
-5.99831e-05
-0.0112652
-0.000487692
-0.0236927
-0.00136268
-0.031203
-0.00266838
-0.0356374
-0.00434492
-0.0381617
-0.00632199
-0.0395427
-0.00853469
-0.0402843
-0.010927
-0.0407141
-0.013447
-0.0410398
-0.0413731
-0.000241573
-0.0110236
-0.00101162
-0.0229226
-0.00230255
-0.0299121
-0.00405022
-0.0338897
-0.00617242
-0.0360395
-0.00859264
-0.0371225
-0.0112499
-0.037627
-0.0140981
-0.0378659
-0.0170931
-0.0380448
-0.0382917
-0.000418062
-0.0106056
-0.00151138
-0.0218293
-0.00318539
-0.0282381
-0.00533103
-0.0317441
-0.0078464
-0.0335241
-0.0106502
-0.0343187
-0.0136863
-0.0345908
-0.0169222
-0.0346301
-0.0203299
-0.0346371
-0.0347755
-0.000583833
-0.0100217
-0.00197322
-0.0204399
-0.0039899
-0.0262214
-0.00648406
-0.0292499
-0.00933692
-0.0306713
-0.0124628
-0.0311928
-0.0158088
-0.0312448
-0.0193535
-0.0310853
-0.0230933
-0.0308973
-0.0308464
-0.000733805
-0.00928793
-0.00238503
-0.0187887
-0.00469797
-0.0239085
-0.00748757
-0.0264603
-0.0106224
-0.0275365
-0.0140145
-0.0278007
-0.0176125
-0.0276469
-0.0214014
-0.0272964
-0.0254214
-0.0268774
-0.026568
-0.000862204
-0.00842572
-0.00273941
-0.0169115
-0.00530312
-0.0213448
-0.00833745
-0.023426
-0.0117025
-0.0241715
-0.0153136
-0.0241895
-0.0191281
-0.0238324
-0.0231332
-0.0232913
-0.0273566
-0.0226539
-0.0218849
-0.000977863
-0.00744786
-0.00303632
-0.014853
-0.00578944
-0.0185916
-0.00899896
-0.0202165
-0.0125199
-0.0206505
-0.01627
-0.0204395
-0.020208
-0.0198943
-0.0243189
-0.0191804
-0.0286086
-0.0183642
-0.0174323
-0.00106491
-0.00638295
-0.00325617
-0.0126618
-0.0061404
-0.0157074
-0.00946073
-0.0168961
-0.0130668
-0.0170445
-0.0168747
-0.0166316
-0.0208403
-0.0159288
-0.0249406
-0.01508
-0.029159
-0.0141458
-0.0131382
-0.00112265
-0.0052603
-0.00339749
-0.0103869
-0.00635484
-0.01275
-0.00972322
-0.0135278
-0.013347
-0.0134207
-0.0171396
-0.012839
-0.0210537
-0.0120147
-0.0250618
-0.0110719
-0.029142
-0.0100656
-0.00901554
-0.00115149
-0.00410881
-0.00346192
-0.00807652
-0.00643721
-0.00977475
-0.00979568
-0.0101693
-0.0133776
-0.00983871
-0.0170944
-0.00912226
-0.020897
-0.0082121
-0.0247572
-0.00721169
-0.0286552
-0.00616769
-0.00509774
-0.00115288
-0.00295593
-0.00345385
-0.00577556
-0.00639646
-0.00683213
-0.00969351
-0.00687224
-0.0131829
-0.00634934
-0.0167746
-0.00553051
-0.0204195
-0.0045672
-0.0240904
-0.00354084
-0.0277706
-0.00248745
-0.00141911
-0.00112916
-0.00182677
-0.00337985
-0.00352486
-0.00624487
-0.00396712
-0.00943616
-0.00368094
-0.0127908
-0.00299465
-0.0162185
-0.0021029
-0.01967
-0.00111568
-0.0231192
-9.15878e-05
-0.0265525
0.000945797
0.00199044
-0.00108332
-0.000743449
-0.00324809
-0.0013601
-0.005997
-0.00121821
-0.00904552
-0.000632419
-0.0122316
0.000191436
-0.0154647
0.00113022
-0.0186959
0.00211545
-0.0219
0.00311257
-0.025064
0.00410977
0.00510844
-0.00101879
0.000275342
-0.00306774
0.000688851
-0.00566877
0.00138282
-0.00854482
0.00224363
-0.0115361
0.00318275
-0.0145524
0.00414651
-0.0175445
0.00510754
-0.0204872
0.00605528
-0.023368
0.00699055
0.00792152
-0.000939154
0.0012145
-0.0028485
0.00259819
-0.0052767
0.00381103
-0.00795763
0.00492456
-0.0107352
0.00596032
-0.0135197
0.00693097
-0.0162614
0.00784926
-0.0189346
0.00872847
-0.0215265
0.00958244
0.0104258
-0.000855444
0.00206994
-0.00261051
0.00435326
-0.00484893
0.00604944
-0.00731917
0.0073948
-0.00987041
0.00851156
-0.012414
0.00947456
-0.0148998
0.010335
-0.017301
0.0111297
-0.0196043
0.0118857
0.012624
-0.000764049
0.00283399
-0.00235339
0.0059426
-0.00438982
0.00808587
-0.00663905
0.00964402
-0.00895698
0.0108295
-0.0112567
0.0117743
-0.0134879
0.0125662
-0.0156229
0.0132647
-0.0176473
0.0139101
0.01453
-0.000669976
0.00350397
-0.00208774
0.00736036
-0.00391612
0.00991426
-0.00594014
0.011668
-0.0080237
0.0129131
-0.0100824
0.013833
-0.0120658
0.0145496
-0.0139457
0.0151446
-0.015707
0.0156715
0.0161641
-0.000576179
0.00408015
-0.00182133
0.00860552
-0.00344092
0.0115338
-0.0052407
0.0134678
-0.0070936
0.014766
-0.00891842
0.0156578
-0.0106653
0.0162965
-0.0123056
0.0167849
-0.0138239
0.0171898
0.0175514
-0.000485206
0.00456536
-0.00156104
0.00968135
-0.0029758
0.0129486
-0.00455678
0.0150488
-0.00618685
0.016396
-0.0077886
0.0172596
-0.00931313
0.017821
-0.0107318
0.0182035
-0.0120293
0.0184873
0.018719
-0.000399163
0.00496452
-0.00131261
0.0105948
-0.00253051
0.0141665
-0.00390204
0.0164203
-0.0053205
0.0178145
-0.00671275
0.0186518
-0.00803108
0.0191393
-0.00924692
0.0194194
-0.0103455
0.0195859
0.0196931
-0.000319692
0.00528421
-0.00108061
0.0113557
-0.00211294
0.0151988
-0.0032875
0.0175949
-0.0045084
0.0190354
-0.00570694
0.0198503
-0.00683636
0.0202687
-0.00786756
0.0204506
-0.00878616
0.0205045
0.0204949
-0.000247979
0.00553219
-0.000868417
0.0119762
-0.00172893
0.0160593
-0.0027215
0.0185875
-0.00376118
0.0200751
-0.00478375
0.0208729
-0.00574274
0.0212277
-0.0066065
0.0213143
-0.00735838
0.0212564
0.0211355
-0.000184766
0.00571696
-0.000678175
0.0124696
-0.00138226
0.0167634
-0.00220943
0.0194146
-0.00308596
0.0209516
-0.00395247
0.0217394
-0.0047623
0.0220376
-0.00547804
0.0220301
-0.00607284
0.0218512
0.0216099
-0.000130382
0.00584734
-0.000510872
0.0128501
-0.00107458
0.0173271
-0.00175349
0.0200935
-0.00248566
0.0216838
-0.00321819
0.022472
-0.00390668
0.022726
-0.00450908
0.0226325
-0.00497265
0.0223147
0.0218862
-8.6687e-05
0.00593402
-0.000366787
0.0131302
-0.000802386
0.0177627
-0.00134476
0.0206359
-0.00194466
0.0222837
-0.00255834
0.0230856
-0.0031504
0.0233181
-0.00369723
0.0231793
-0.00419148
0.022809
0.0223021
-4.22307e-05
0.00597625
-0.0002329
0.0133208
-0.000557128
0.018087
-0.000981383
0.0210602
-0.00146614
0.0227685
-0.0019735
0.023593
-0.00247093
0.0238155
-0.0029328
0.0236412
-0.00333627
0.0232125
0.0226142
-6.35176e-06
0.00598261
-0.000119622
0.0134341
-0.000345948
0.0183133
-0.000664173
0.0213784
-0.00104243
0.0231467
-0.00144634
0.0239969
-0.00184345
0.0242126
-0.00220515
0.0240029
-0.00250604
0.0235133
0.0228332
2.38483e-05
0.00595876
-2.48809e-05
0.0134828
-0.00016614
0.0184545
-0.00038995
0.0216022
-0.000670896
0.0234277
-0.00097751
0.0243035
-0.00127796
0.0245131
-0.00154347
0.0242684
-0.0017503
0.0237202
0.0229668
4.72201e-05
0.00591154
5.30614e-05
0.013477
-1.49591e-05
0.0185226
-0.000156021
0.0217433
-0.000350105
0.0236217
-0.000568876
0.0245223
-0.000782125
0.0247263
-0.0009627
0.024449
-0.00108965
0.0238471
0.0230289
6.54602e-05
0.00584608
0.00011638
0.0134261
0.000110253
0.0185287
4.06487e-05
0.0218129
-7.82465e-05
0.0237406
-0.000221056
0.0246651
-0.000360098
0.0248654
-0.000470832
0.0245597
-0.000535451
0.0239117
0.0230365
7.97195e-05
0.00576636
0.000167314
0.0133385
0.000212703
0.0184833
0.000202884
0.0218227
0.000147452
0.0237961
6.7528e-05
0.024745
-1.22651e-05
0.0249452
-6.99792e-05
0.0246174
-9.13582e-05
0.0239331
0.0230188
9.10805e-05
0.00567528
0.000208229
0.0132213
0.000295877
0.0183957
0.00033546
0.0217831
0.000331489
0.0238
0.000301056
0.0247755
0.000265554
0.0249807
0.000244314
0.0246387
0.000251026
0.0239264
0.0229755
0.000100671
0.0055746
0.000241646
0.0130804
0.000363643
0.0182737
0.000443224
0.0217035
0.000479917
0.0237633
0.000486456
0.0247689
0.000480743
0.0249864
0.000479724
0.0246397
0.000495989
0.0239101
0.0229343
0.00010976
0.00546484
0.000270293
0.0129198
0.000420336
0.0181236
0.00053217
0.0215917
0.00060035
0.0236952
0.00063303
0.0247362
0.000644468
0.024975
0.000649207
0.0246349
0.000658647
0.0239007
0.0229129
8.92306e-05
0.00537561
0.000249883
0.0127592
0.00041695
0.0179565
0.000555556
0.0214531
0.000652996
0.0235977
0.000710947
0.0246783
0.000738625
0.0249473
0.000747313
0.0246262
0.000746847
0.0239012
0.0229152
9.11725e-05
0.00528444
0.000262987
0.0125874
0.000449491
0.01777
0.000611503
0.0212911
0.000730833
0.0234784
0.000803894
0.0246052
0.000835753
0.0249154
0.000835165
0.0246268
0.000811137
0.0239252
0.0229545
9.31126e-05
0.00519133
0.000275657
0.0124048
0.000480769
0.0175649
0.000665196
0.0211067
0.000805319
0.0233383
0.000892208
0.0245183
0.000926664
0.024881
0.000914845
0.0246387
0.000864966
0.0239751
0.0230335
9.54391e-05
0.00509589
0.00028923
0.012211
0.00051371
0.0173404
0.00072177
0.0208986
0.00088446
0.0231756
0.00098745
0.0244154
0.0010271
0.0248413
0.00100674
0.024659
0.000933556
0.0240483
0.0231498
9.83927e-05
0.00499749
0.000304693
0.0120047
0.000550614
0.0170945
0.000785478
0.0206637
0.000975203
0.0229859
0.00110005
0.0242905
0.00115173
0.0247896
0.00113034
0.0246804
0.00104153
0.0241371
0.0232962
0.0001021
0.00489539
0.000322639
0.0117842
0.000593019
0.0168241
0.000859418
0.0203973
0.00108296
0.0227623
0.00123864
0.0241348
0.00131335
0.0247149
0.00130351
0.0246902
0.00121245
0.0242281
0.0234593
0.00010654
0.00478885
0.000343227
0.0115475
0.000641598
0.0165258
0.000945267
0.0200937
0.00121111
0.0224965
0.00140921
0.0239367
0.00152176
0.0246024
0.00154135
0.0246707
0.00146819
0.0243013
0.023618
0.000111532
0.00467732
0.000366154
0.0112929
0.000696089
0.0161958
0.00104308
0.0197467
0.00136047
0.0221791
0.00161414
0.0236831
0.00178223
0.0244343
0.00185426
0.0245986
0.00182748
0.0243281
0.0237413
0.000116753
0.00456057
0.000390718
0.0110189
0.000755364
0.0158312
0.00115122
0.0193508
0.00152886
0.0218014
0.00185079
0.0233611
0.00209223
0.0241929
0.00224221
0.0244486
0.00229799
0.0242723
0.0237901
0.000121793
0.00443878
0.000415955
0.0107247
0.00081768
0.0154295
0.00126672
0.0189018
0.00171111
0.021357
0.00210979
0.0229624
0.00243412
0.0238685
0.00267271
0.0242101
0.00284136
0.0241037
0.0237152
0.000124959
0.00431382
0.000441295
0.0104084
0.000885176
0.0149856
0.00139502
0.018392
0.0019153
0.0208368
0.00239897
0.0224788
0.00280721
0.0234603
0.00310223
0.023915
0.0032297
0.0239762
0.0237981
0.00013415
0.00417967
0.000474197
0.0100684
0.000959182
0.0145006
0.00152804
0.0178231
0.00212349
0.0202413
0.00269507
0.0219072
0.00320008
0.0229553
0.00360164
0.0235135
0.00387223
0.0237056
0.0236465
0.000141615
0.00403805
0.00050465
0.00970533
0.00103137
0.0139739
0.00166177
0.0171927
0.00233784
0.0195652
0.00300764
0.0212374
0.00362795
0.022335
0.00416587
0.0229755
0.00460381
0.0232677
0.0232982
0.000147577
0.00389047
0.000532884
0.00932002
0.00110188
0.0134049
0.00179603
0.0164985
0.00255715
0.0188041
0.0033323
0.0204622
0.00407757
0.0215897
0.00476074
0.0222924
0.00536463
0.0226638
0.0227733
0.000152369
0.0037381
0.000559539
0.00891285
0.0011716
0.0127928
0.00193183
0.0157383
0.00278207
0.0179539
0.00366819
0.0195761
0.00454447
0.0207134
0.0053765
0.0214603
0.00614288
0.0218974
0.0220822
0.000156477
0.00358163
0.000585717
0.00848362
0.00124231
0.0121362
0.00207165
0.014909
0.00301571
0.0170098
0.0040189
0.0185729
0.00503268
0.0196996
0.00601845
0.0204746
0.00694848
0.0209674
0.0212269
0.000160546
0.00342108
0.000612966
0.0080312
0.00131659
0.0114326
0.00221918
0.0140064
0.00326305
0.0159659
0.00439107
0.0174449
0.00555125
0.0185394
0.00669971
0.0193261
0.00780135
0.0198657
0.0202002
0.000165381
0.0032557
0.00064323
0.00755335
0.00139765
0.0106782
0.00237895
0.0130251
0.00353009
0.0148148
0.00479256
0.0161825
0.00611085
0.0172212
0.00743537
0.0180016
0.00872324
0.0185779
0.0189867
0.00017182
0.00308388
0.00067866
0.00704651
0.00148906
0.00986778
0.00255586
0.0119583
0.00382296
0.0135477
0.00523088
0.0147745
0.00672093
0.0157311
0.008238
0.0164845
0.00973138
0.0170845
0.0175644
0.000181054
0.000721985
0.00159504
0.00275532
0.00414782
0.00571258
0.00738845
0.00911546
0.0108355
)
;

boundaryField
{
    inlet
    {
        type            calculated;
        value           uniform 0;
    }
    outlet
    {
        type            calculated;
        value           nonuniform List<scalar> 
40
(
0.129537
0.176391
0.220078
0.262414
0.304473
0.346251
0.386057
0.422341
0.451481
0.474703
0.0264587
0.0227632
0.018993
0.0151934
0.0113957
0.00764131
0.00401054
0.000709762
-0.00189526
-0.00401654
-0.00610882
-0.00827527
-0.0104722
-0.012731
-0.0150421
-0.0173768
-0.0197098
-0.0220229
-0.024305
-0.0265793
-0.11847
-0.158026
-0.196299
-0.235417
-0.276135
-0.318891
-0.365832
-0.422131
-0.486619
-0.534536
)
;
    }
    cylinder
    {
        type            calculated;
        value           uniform 0;
    }
    top
    {
        type            symmetryPlane;
        value           uniform 0;
    }
    bottom
    {
        type            symmetryPlane;
        value           uniform 0;
    }
    defaultFaces
    {
        type            empty;
        value           nonuniform 0();
    }
}


// ************************************************************************* //
