/*--------------------------------*- C++ -*----------------------------------*\
  =========                 |
  \\      /  F ield         | OpenFOAM: The Open Source CFD Toolbox
   \\    /   O peration     | Website:  https://openfoam.org
    \\  /    A nd           | Version:  7
     \\/     M anipulation  |
\*---------------------------------------------------------------------------*/
FoamFile
{
    version     2.0;
    format      ascii;
    class       volVectorField;
    location    "47.7";
    object      U;
}
// * * * * * * * * * * * * * * * * * * * * * * * * * * * * * * * * * * * * * //

dimensions      [0 1 -1 0 0 0 0];

internalField   nonuniform List<vector> 
2000
(
(-0.00179148 0.000306257 -9.37725e-22)
(-0.00430973 0.00334508 0)
(-0.00540528 0.00815887 0)
(-0.00422028 0.0146667 -4.66778e-21)
(-0.000997797 0.0230785 1.49702e-21)
(0.00401093 0.0336273 5.13716e-23)
(0.01055 0.0464591 -2.58336e-21)
(0.0183318 0.0615903 0)
(0.0269548 0.0788833 0)
(0.0358745 0.0980151 0)
(-0.00194134 0.00149419 0)
(-0.00443234 0.00420829 -3.60072e-21)
(-0.00540292 0.00791386 3.3206e-21)
(-0.00429778 0.012966 6.23215e-21)
(-0.00143882 0.0197127 0)
(0.00290256 0.0284488 5.61063e-21)
(0.00850817 0.0393872 -5.21735e-21)
(0.0151751 0.0526512 0)
(0.0226088 0.0682716 9.62005e-21)
(0.0302843 0.0862024 -1.85451e-20)
(-0.00212903 0.00255551 0)
(-0.00417087 0.00484901 2.87145e-20)
(-0.00436499 0.0075242 0)
(-0.00266998 0.011279 2.51982e-20)
(0.000463485 0.0165523 0)
(0.00470255 0.0236488 -2.24304e-20)
(0.00983178 0.0327951 0)
(0.0157062 0.0441747 2.03332e-20)
(0.0221526 0.0579652 -1.90428e-20)
(0.0286587 0.0744143 -1.86062e-20)
(-0.00228354 0.00336922 -7.5241e-21)
(-0.00337698 0.00511536 -1.43336e-20)
(-0.00209675 0.00689349 -6.66859e-21)
(0.00089735 0.00959958 -1.24567e-20)
(0.00499052 0.0137152 -1.17683e-20)
(0.00975751 0.0195076 1.10858e-20)
(0.0149547 0.0271595 1.05481e-20)
(0.0204636 0.0368517 -1.68995e-22)
(0.0262373 0.048856 1.9096e-20)
(0.0318084 0.0636763 1.85953e-20)
(-0.0023041 0.00382432 -7.44203e-21)
(-0.00187626 0.00487759 -1.4442e-20)
(0.00158936 0.00593544 -2.70614e-20)
(0.00658282 0.00790796 1.24974e-20)
(0.0123081 0.0112745 0)
(0.0182326 0.0162258 0)
(0.0240668 0.0228533 -2.14705e-20)
(0.0296932 0.0312689 -2.03259e-20)
(0.0351818 0.0417607 1.91301e-20)
(0.0401994 0.0549955 5.54983e-20)
(-0.00206371 0.00383863 7.43635e-21)
(0.000522508 0.00405004 7.32617e-21)
(0.00685499 0.00459265 -3.989e-20)
(0.0144789 0.00618229 6.29621e-20)
(0.0224151 0.00925073 -1.17444e-20)
(0.0300277 0.0138838 0)
(0.036986 0.0200543 0)
(0.043165 0.0277551 1.00485e-19)
(0.04873 0.0372058 -9.52672e-20)
(0.0536204 0.0491143 1.82789e-20)
(-0.00142141 0.00337639 5.78085e-20)
(0.00401437 0.00260648 0)
(0.0138184 0.00285938 5.34404e-20)
(0.0245669 0.0044207 -5.02466e-20)
(0.0351094 0.00762559 0)
(0.0447324 0.0124367 2.24049e-20)
(0.0530908 0.0187018 -6.25237e-20)
(0.0600714 0.0262752 -7.98118e-20)
(0.0659104 0.0352403 3.73616e-20)
(0.0709576 0.0462349 3.63064e-20)
(-0.000235699 0.00245066 -1.14759e-19)
(0.00877411 0.000600513 -1.42123e-20)
(0.0225331 0.000803466 -2.62779e-20)
(0.0366965 0.00266353 -6.18838e-20)
(0.049978 0.00636718 -2.35617e-20)
(0.0616352 0.0117415 -2.18282e-20)
(0.0713565 0.0185214 6.92488e-22)
(0.0790811 0.0264411 0)
(0.0851041 0.035416 0)
(0.0902634 0.0459313 -2.74107e-22)
(0.0016274 0.00112306 5.69514e-20)
(0.0149304 -0.00182403 -5.55292e-20)
(0.032956 -0.00142722 3.94987e-20)
(0.0505644 0.00100118 8.6629e-20)
(0.0664033 0.00544418 -2.29529e-20)
(0.079784 0.0115864 2.24796e-20)
(0.0905018 0.0190797 2.07729e-20)
(0.0985964 0.027598 0)
(0.104399 0.0369396 0)
(0.109198 0.0474246 -8.82839e-22)
(0.00427817 -0.000495523 -6.95037e-21)
(0.022536 -0.00444431 6.94993e-20)
(0.0449139 -0.00361842 -1.2874e-20)
(0.0656945 -0.00044095 0)
(0.0835789 0.0048171 0)
(0.0980648 0.0116991 4.29298e-20)
(0.109178 0.0198128 0)
(0.117164 0.0288589 -3.68073e-20)
(0.122396 0.0386827 1.33824e-22)
(0.126179 0.0497009 3.25781e-20)
(0.0570879 0.14394 7.45343e-22)
(0.0864333 0.229717 -7.54621e-22)
(0.0926699 0.299757 -8.61457e-22)
(0.0870072 0.360697 -9.487e-22)
(0.0733975 0.42237 -1.08976e-21)
(0.0622138 0.490836 -1.75657e-23)
(0.0437065 0.570911 5.65032e-22)
(0.0362075 0.6652 1.88063e-21)
(0.00999094 0.784388 0)
(0.0110701 0.920774 -1.33564e-21)
(0.0482475 0.131439 2.75815e-21)
(0.0796863 0.221065 -3.25034e-21)
(0.0894086 0.297671 5.82094e-21)
(0.0851926 0.36207 9.50367e-22)
(0.0721085 0.425102 1.99555e-21)
(0.0611077 0.494023 3.27099e-21)
(0.0429244 0.574367 -1.18382e-21)
(0.0354399 0.66891 -1.25486e-21)
(0.00997399 0.787976 2.47949e-21)
(0.0106292 0.923364 1.33245e-21)
(0.0423179 0.118279 0)
(0.073397 0.209866 -3.07473e-21)
(0.0865146 0.293597 -1.68784e-21)
(0.0838135 0.362104 0)
(0.0712126 0.426831 -6.06219e-21)
(0.060336 0.496364 1.93636e-21)
(0.0423648 0.577068 2.08894e-21)
(0.0348274 0.672046 6.93563e-21)
(0.0100217 0.791349 -2.47148e-21)
(0.0102307 0.925957 4.90023e-21)
(0.0404794 0.105402 0)
(0.0678732 0.196408 3.10083e-21)
(0.0839743 0.287415 0)
(0.0828228 0.360672 7.28931e-21)
(0.0706885 0.427427 -7.32677e-21)
(0.0598958 0.497658 -4.16874e-21)
(0.0420574 0.578667 -1.83257e-22)
(0.0344304 0.674029 -6.77176e-21)
(0.0101838 0.79367 -1.12396e-21)
(0.0098656 0.927937 -6.04597e-21)
(0.0437867 0.0938126 4.64686e-22)
(0.0636554 0.181341 -8.62874e-21)
(0.0817925 0.279045 3.26456e-22)
(0.0821621 0.357712 -6.61303e-21)
(0.0704954 0.427075 0)
(0.0597186 0.498314 -4.01179e-21)
(0.0418953 0.579837 -1.9671e-22)
(0.0341205 0.675871 8.65112e-21)
(0.0103566 0.796149 1.11947e-21)
(0.00953407 0.930183 -1.12343e-21)
(0.0527156 0.0844126 -2.30579e-20)
(0.0615352 0.16568 1.48545e-20)
(0.080028 0.268524 6.44964e-21)
(0.0818045 0.352985 -6.44644e-21)
(0.070623 0.425287 -3.46455e-21)
(0.0598664 0.497588 0)
(0.0420149 0.579495 -7.91112e-21)
(0.034056 0.676016 3.92133e-21)
(0.0106635 0.796994 4.18041e-21)
(0.00922634 0.931492 4.24119e-21)
(0.0667425 0.0777268 -2.7437e-21)
(0.06243 0.150622 0)
(0.0788029 0.256041 0)
(0.0816958 0.346841 0)
(0.0709962 0.423027 -3.57198e-21)
(0.0601522 0.496957 7.02557e-21)
(0.0421353 0.579642 7.73704e-21)
(0.0339404 0.677066 -1.17779e-20)
(0.0108918 0.798971 2.03477e-21)
(0.00895171 0.933596 -6.21553e-21)
(0.0842196 0.0736878 1.68719e-20)
(0.0670505 0.137307 1.21335e-20)
(0.0784148 0.241922 -1.20256e-20)
(0.0818798 0.338126 1.29313e-20)
(0.0716685 0.41809 -1.60456e-20)
(0.0608835 0.493661 0)
(0.0427079 0.576879 -3.54413e-21)
(0.0342074 0.674915 1.55257e-22)
(0.0113342 0.798038 -3.7469e-21)
(0.00868493 0.934138 -3.81641e-21)
(0.102567 0.0713931 -1.40937e-20)
(0.0754048 0.125794 0)
(0.0790311 0.22755 -1.36505e-20)
(0.0822799 0.330089 2.46118e-20)
(0.0723975 0.415177 -9.16307e-21)
(0.0613619 0.493077 -1.63648e-21)
(0.042894 0.577309 3.53671e-21)
(0.0341275 0.676339 3.45706e-23)
(0.0115307 0.800328 5.45604e-21)
(0.0084582 0.936449 5.57328e-21)
(0.11833 0.0695397 -1.14747e-20)
(0.0865579 0.114373 1.12364e-20)
(0.0815351 0.20802 1.48065e-21)
(0.0830821 0.313505 0)
(0.0737069 0.403879 0)
(0.0629803 0.484945 1.56864e-21)
(0.0441542 0.570344 6.41995e-21)
(0.0348437 0.670553 -6.23405e-21)
(0.0121512 0.796813 -1.61037e-21)
(0.0082121 0.936014 1.56167e-21)
(0.133056 0.0775447 0)
(0.104869 0.116108 0)
(0.0900059 0.198941 0)
(0.0865341 0.309475 0)
(0.0748204 0.407938 0)
(0.0623851 0.493297 0)
(0.0434202 0.579949 0)
(0.0339655 0.680976 0)
(0.012207 0.806355 0)
(0.00779641 0.943281 0)
(0.134293 0.0992113 0)
(0.114957 0.145443 0)
(0.0962787 0.216809 0)
(0.0888557 0.319871 0)
(0.0767365 0.420084 0)
(0.0627505 0.506474 0)
(0.0428124 0.5917 0)
(0.0320459 0.691973 0)
(0.0115112 0.816746 0)
(0.00699254 0.949907 0)
(0.124973 0.10755 0)
(0.112789 0.163161 0)
(0.0953133 0.234471 0)
(0.0850571 0.334313 0)
(0.0729335 0.436373 0)
(0.059651 0.525136 0)
(0.0412267 0.610818 0)
(0.0310483 0.709729 0)
(0.0118692 0.831968 0)
(0.00673273 0.961022 0)
(0.108237 0.112196 0)
(0.101221 0.174372 0)
(0.0884963 0.248104 0)
(0.0794276 0.346643 0)
(0.0683585 0.449173 0)
(0.0555087 0.537899 0)
(0.0374449 0.622047 0)
(0.0270744 0.720597 0)
(0.00998859 0.842831 0)
(0.00574226 0.968057 0)
(0.0875915 0.115264 0)
(0.0830773 0.182007 0)
(0.0738806 0.258512 0)
(0.0669765 0.357453 0)
(0.0589686 0.462711 0)
(0.0497744 0.555085 0)
(0.0351604 0.639963 0)
(0.0260637 0.735928 0)
(0.0100152 0.855145 0)
(0.00545151 0.977113 0)
(0.0651008 0.116972 0)
(0.0628063 0.186374 0)
(0.0582125 0.265637 0)
(0.0545507 0.364245 0)
(0.0487344 0.469315 0)
(0.0406569 0.562258 0)
(0.0275087 0.647717 0)
(0.0200575 0.745284 0)
(0.00723562 0.864962 0)
(0.00430566 0.983222 0)
(0.0429229 0.11788 0)
(0.0398773 0.187646 0)
(0.0372329 0.267716 0)
(0.0377032 0.367382 0)
(0.0381259 0.476447 0)
(0.0360535 0.574564 0)
(0.0263717 0.66134 0)
(0.019235 0.756003 0)
(0.00673362 0.873064 0)
(0.00391259 0.989138 0)
(0.024172 0.119737 0)
(0.0213981 0.191519 0)
(0.0195322 0.271085 0)
(0.0201596 0.366954 0)
(0.0220667 0.473375 0)
(0.0227168 0.572903 0)
(0.017137 0.664102 0)
(0.0133011 0.763303 0)
(0.00413515 0.881106 0)
(0.0028458 0.993633 0)
(0.00686026 0.118512 0)
(0.00310032 0.188598 0)
(0.00328994 0.266985 0)
(0.0078671 0.364229 0)
(0.0152723 0.475101 0)
(0.0207469 0.579796 0)
(0.0169964 0.672078 0)
(0.0127528 0.76851 0)
(0.00366809 0.884713 0)
(0.00259651 0.996082 0)
(-0.00565743 0.127479 0)
(-0.0133247 0.197022 0)
(-0.0172034 0.267282 0)
(-0.014224 0.353425 0)
(-0.00494731 0.457894 0)
(0.0057313 0.567606 0)
(0.00862483 0.670393 0)
(0.00848774 0.774302 0)
(0.00203989 0.891291 0)
(0.00178379 0.998871 0)
(0.150719 0.0592166 7.97875e-21)
(0.145251 0.0673362 -7.87723e-21)
(0.131693 0.0693125 4.94103e-22)
(0.112069 0.0702226 0)
(0.0892681 0.0707196 0)
(0.0650114 0.0715367 -1.46144e-22)
(0.0419991 0.0722692 9.16878e-22)
(0.0228199 0.0735612 -9.02563e-22)
(0.00720997 0.0733867 -1.24414e-22)
(-0.00327284 0.0800572 1.22193e-22)
(0.151373 0.0509131 -1.13821e-20)
(0.141478 0.0544054 0)
(0.126834 0.0534918 2.16496e-21)
(0.107369 0.0526577 -3.39254e-21)
(0.0854997 0.0518295 7.53228e-22)
(0.0624044 0.0519936 1.43487e-22)
(0.0406303 0.0524702 -4.30313e-22)
(0.0222975 0.0535311 -8.28763e-22)
(0.00767134 0.0536408 -6.23427e-23)
(-0.00226319 0.0591072 -8.64561e-24)
(0.150982 0.0416939 1.24471e-20)
(0.13883 0.0412991 -4.40012e-21)
(0.123654 0.0379618 4.3571e-21)
(0.104082 0.0354199 -6.32054e-22)
(0.0826759 0.0330499 6.46683e-22)
(0.0603227 0.0322245 0)
(0.0394986 0.0320994 4.31299e-22)
(0.021949 0.032809 1.76888e-23)
(0.00816118 0.0330661 3.37741e-22)
(-0.00133871 0.0373406 1.27319e-22)
(0.149254 0.0308015 -1.81437e-21)
(0.135338 0.0269134 0)
(0.120092 0.0215013 0)
(0.100766 0.0175459 0)
(0.0800717 0.0138165 -3.73192e-22)
(0.0585421 0.0120812 3.31006e-22)
(0.0385884 0.0112778 1.29244e-23)
(0.0217222 0.0115846 4.13087e-22)
(0.00861528 0.0118191 1.09363e-22)
(-0.00050228 0.0149404 8.1685e-24)
(0.146359 0.0184604 -1.88674e-21)
(0.131297 0.0115381 -4.50643e-21)
(0.116273 0.00423509 -1.01255e-21)
(0.097337 -0.000938559 1.01172e-21)
(0.077451 -0.00588617 4.05012e-23)
(0.0568516 -0.00839725 0)
(0.0377124 -0.00986154 4.00478e-22)
(0.0215429 -0.00997386 -7.50563e-22)
(0.00901403 -0.00991645 3.46702e-22)
(0.000186891 -0.00786548 -1.18491e-22)
(0.14247 0.0049587 -1.25701e-20)
(0.126836 -0.00446749 2.4393e-21)
(0.112278 -0.0135571 8.44662e-22)
(0.0938802 -0.0197852 9.83957e-22)
(0.0748159 -0.0258654 0)
(0.0551774 -0.0290255 0)
(0.0368454 -0.0311259 0)
(0.0213625 -0.0316899 -3.54294e-22)
(0.00929972 -0.0319124 0)
(0.000683476 -0.030827 0)
(0.137733 -0.00940327 0)
(0.122023 -0.0207455 2.88573e-21)
(0.108102 -0.0315653 -1.79194e-21)
(0.0903554 -0.0386806 -2.97753e-22)
(0.0721717 -0.0458342 2.99268e-22)
(0.0534754 -0.0495801 -2.74345e-22)
(0.0360005 -0.0523071 2.52582e-22)
(0.0211442 -0.0533362 1.1686e-21)
(0.00943499 -0.0539217 -1.05626e-22)
(0.00104337 -0.0536433 5.51746e-23)
(0.132263 -0.0243274 0)
(0.116874 -0.0369459 -1.0934e-21)
(0.103762 -0.0494733 -3.53446e-22)
(0.0867392 -0.0573216 0)
(0.0695285 -0.0655066 -1.01162e-22)
(0.0517608 -0.0697975 1.56734e-22)
(0.0351025 -0.0731554 -4.62295e-22)
(0.0208308 -0.0746647 -1.74925e-22)
(0.00940943 -0.0756602 1.15211e-22)
(0.00125836 -0.0759891 -1.0209e-22)
(0.126094 -0.0395093 1.7167e-21)
(0.111442 -0.0527696 9.07536e-22)
(0.0992757 -0.0669979 -3.78861e-22)
(0.0830419 -0.075419 9.45111e-23)
(0.0668403 -0.0845966 2.55057e-23)
(0.0500009 -0.0894152 -1.0937e-22)
(0.0341078 -0.0934088 5.75621e-23)
(0.0203857 -0.095411 6.46549e-23)
(0.00922531 -0.0968152 -1.15587e-22)
(0.00134323 -0.0975386 -2.08929e-23)
(0.119334 -0.0546382 -3.3056e-22)
(0.105788 -0.0679899 3.33605e-22)
(0.0946291 -0.0838778 -1.83753e-22)
(0.0792624 -0.0927334 -9.4364e-23)
(0.0640786 -0.102848 3.6187e-24)
(0.0481671 -0.108195 2.51651e-23)
(0.0329904 -0.112811 -8.54982e-23)
(0.0197961 -0.115306 -3.65494e-23)
(0.00889815 -0.117069 0)
(0.00132709 -0.117991 2.0931e-23)
(0.112271 -0.0694575 3.41515e-22)
(0.100013 -0.0824445 -3.44382e-22)
(0.0898929 -0.0999078 -2.07431e-22)
(0.0754567 -0.10909 -1.19643e-22)
(0.0612477 -0.120049 -1.67475e-23)
(0.0462548 -0.125939 1.97552e-23)
(0.0317429 -0.13113 -1.16035e-23)
(0.0190692 -0.1341 -6.85022e-23)
(0.00845528 -0.136132 0)
(0.00124133 -0.137097 1.5307e-23)
(0.105209 -0.083798 0)
(0.0942947 -0.0960335 -1.03796e-21)
(0.0851778 -0.114925 1.69907e-21)
(0.0717112 -0.124374 1.19815e-22)
(0.0583763 -0.136031 1.30352e-22)
(0.0442807 -0.142493 1.94614e-23)
(0.0303786 -0.148167 3.42094e-23)
(0.0182289 -0.151582 4.56293e-23)
(0.00793096 -0.153773 -6.33627e-23)
(0.00111167 -0.154679 -1.52665e-23)
(0.0983202 -0.097554 0)
(0.0887462 -0.10873 -1.31906e-21)
(0.0805414 -0.128807 -4.46585e-22)
(0.0680769 -0.138536 0)
(0.0554949 -0.150678 -3.12361e-22)
(0.0422693 -0.157759 1.60756e-22)
(0.0289298 -0.163785 8.58561e-24)
(0.0173112 -0.16761 -1.48817e-22)
(0.00736372 -0.169845 6.31559e-23)
(0.00096063 -0.170645 -3.76144e-23)
(0.091697 -0.110656 0)
(0.083423 -0.120594 1.32992e-21)
(0.0760041 -0.141478 0)
(0.0645765 -0.151594 9.90176e-22)
(0.0526347 -0.163936 -9.95349e-22)
(0.0402472 -0.171703 -5.95039e-23)
(0.0274397 -0.177914 9.72932e-23)
(0.0163553 -0.182121 1.22464e-22)
(0.00679081 -0.184292 2.73346e-23)
(0.00080688 -0.184987 5.19703e-23)
(0.0854132 -0.123057 1.51518e-20)
(0.0783867 -0.131774 -5.66516e-21)
(0.0715975 -0.152914 -7.40406e-22)
(0.0612335 -0.163628 -1.7861e-21)
(0.0498382 -0.175824 0)
(0.0382439 -0.184349 -1.14015e-22)
(0.0259551 -0.190566 1.16517e-22)
(0.0153971 -0.195133 -6.40486e-23)
(0.00624176 -0.197152 -9.86414e-24)
(0.000661395 -0.197774 9.84245e-24)
(0.0795185 -0.134697 1.7813e-21)
(0.0737185 -0.14249 8.61372e-21)
(0.0673874 -0.163135 1.94376e-21)
(0.0580813 -0.174757 -1.9427e-21)
(0.0471639 -0.186421 -5.18407e-22)
(0.0362927 -0.195775 0)
(0.0245217 -0.201823 -1.53448e-22)
(0.0144662 -0.206739 7.56789e-23)
(0.00573716 -0.208536 -1.75139e-23)
(0.000528973 -0.209139 -5.44985e-24)
(0.074114 -0.145467 -2.20394e-21)
(0.0695756 -0.153022 0)
(0.063511 -0.172216 0)
(0.0551802 -0.185114 0)
(0.0446906 -0.195869 -3.42007e-22)
(0.0344332 -0.206099 8.59705e-22)
(0.0231816 -0.211826 1.96433e-22)
(0.0135862 -0.217083 -1.54401e-22)
(0.00529066 -0.218614 -1.89742e-24)
(0.000410151 -0.219256 7.26104e-24)
(0.0691899 -0.155179 -5.38892e-21)
(0.0659817 -0.163642 6.23245e-21)
(0.0600056 -0.180279 -6.17424e-21)
(0.0525031 -0.194819 3.1532e-21)
(0.0424447 -0.204348 -3.78212e-21)
(0.032675 -0.21546 0)
(0.0219567 -0.220754 -2.06362e-22)
(0.0127712 -0.226342 -3.62954e-23)
(0.00490974 -0.227587 -2.87542e-23)
(0.000300934 -0.228332 -1.23566e-23)
(0.0637484 -0.163446 -2.43199e-21)
(0.0620631 -0.174556 0)
(0.0563519 -0.187525 -5.77709e-21)
(0.0496302 -0.203989 8.45223e-21)
(0.0402057 -0.212086 -2.78599e-21)
(0.0308941 -0.224022 -2.27844e-22)
(0.020799 -0.228811 2.05893e-22)
(0.0120058 -0.234708 1.52017e-23)
(0.00458697 -0.235667 8.69631e-23)
(0.000196213 -0.236582 2.60598e-23)
(0.0582174 -0.169433 -9.89283e-21)
(0.0577811 -0.185933 9.64245e-21)
(0.0528027 -0.194341 7.90824e-22)
(0.0466405 -0.212809 0)
(0.0379962 -0.219395 0)
(0.0290986 -0.232015 2.35332e-22)
(0.0196793 -0.236236 4.28768e-22)
(0.0112686 -0.242387 -4.20401e-22)
(0.00429695 -0.243062 -2.19711e-23)
(0.000113192 -0.244225 2.14518e-23)
(0.0634266 -0.176511 0)
(0.0588274 -0.21275 0)
(0.0531837 -0.210163 0)
(0.0453066 -0.233161 0)
(0.0363038 -0.236512 0)
(0.0267399 -0.250475 0)
(0.0177892 -0.253245 0)
(0.00976538 -0.259772 0)
(0.00370556 -0.259641 0)
(9.12593e-05 -0.2614 0)
(0.0466539 -0.223484 0)
(0.0401464 -0.256456 0)
(0.0376817 -0.249811 0)
(0.0309948 -0.270249 0)
(0.0256603 -0.269824 0)
(0.0186383 -0.282324 0)
(0.0127564 -0.282291 0)
(0.00698839 -0.288177 0)
(0.00286401 -0.286527 0)
(0.000164188 -0.288685 0)
(0.0422263 -0.268727 0)
(0.0343067 -0.300314 0)
(0.0310401 -0.290196 0)
(0.0242682 -0.309848 0)
(0.0198339 -0.306037 0)
(0.0139168 -0.317929 0)
(0.00965161 -0.315387 0)
(0.00523591 -0.321099 0)
(0.00234449 -0.318045 0)
(0.00015271 -0.320711 0)
(0.0361146 -0.319305 0)
(0.0280878 -0.350219 0)
(0.0252097 -0.336809 0)
(0.0189161 -0.356318 0)
(0.0155622 -0.349392 0)
(0.0106063 -0.361359 0)
(0.00763355 -0.356542 0)
(0.00413647 -0.362577 0)
(0.00207616 -0.35814 0)
(0.000134739 -0.361539 0)
(0.0307683 -0.379001 0)
(0.023332 -0.409503 0)
(0.0205345 -0.393802 0)
(0.0149363 -0.413531 0)
(0.0124017 -0.40421 0)
(0.00824608 -0.416716 0)
(0.00620071 -0.410044 0)
(0.00330693 -0.416788 0)
(0.00183949 -0.411122 0)
(8.47854e-05 -0.415518 0)
(0.0259586 -0.450602 0)
(0.0191443 -0.479197 0)
(0.0166286 -0.463665 0)
(0.0117391 -0.482916 0)
(0.00986163 -0.472842 0)
(0.00631725 -0.485554 0)
(0.00489702 -0.478008 0)
(0.00239902 -0.485372 0)
(0.00142192 -0.479068 0)
(-5.07249e-05 -0.484417 0)
(0.0203268 -0.530556 0)
(0.0150044 -0.554334 0)
(0.0128484 -0.542615 0)
(0.00893078 -0.559328 0)
(0.00739939 -0.550947 0)
(0.00447465 -0.562349 0)
(0.00336793 -0.555563 0)
(0.00127592 -0.562544 0)
(0.000727268 -0.556736 0)
(-0.00022987 -0.562288 0)
(0.0156654 -0.606399 0)
(0.0112462 -0.623554 0)
(0.00932415 -0.617646 0)
(0.00610346 -0.629524 0)
(0.00494222 -0.624708 0)
(0.00259044 -0.63289 0)
(0.00178999 -0.628346 0)
(0.000146974 -0.633378 0)
(4.46926e-05 -0.629221 0)
(-0.000351983 -0.633525 0)
(0.00939121 -0.662836 0)
(0.0063986 -0.671972 0)
(0.00533911 -0.672327 0)
(0.00338636 -0.679149 0)
(0.00274425 -0.678435 0)
(0.00121277 -0.682624 0)
(0.00070878 -0.680753 0)
(-0.000340966 -0.683003 0)
(-0.000232098 -0.680887 0)
(-0.000297005 -0.682988 0)
(0.00238084 -0.690473 0)
(0.0016431 -0.697873 0)
(0.00151168 -0.700832 0)
(0.00107312 -0.705047 0)
(0.000868881 -0.705877 0)
(0.000391554 -0.708027 0)
(0.000175703 -0.707388 0)
(-0.000156203 -0.708235 0)
(-0.000121405 -0.707183 0)
(-9.93575e-05 -0.708069 0)
(0.0567751 -0.190019 1.22767e-20)
(0.0457365 -0.237494 -1.20478e-20)
(0.0432876 -0.283999 1.53569e-21)
(0.0375311 -0.336142 0)
(0.0328872 -0.396362 0)
(0.0280816 -0.466482 1.66717e-21)
(0.0227095 -0.542168 -7.02924e-21)
(0.0172042 -0.610781 6.96461e-21)
(0.0107372 -0.662687 1.86015e-21)
(0.00340481 -0.686603 -1.834e-21)
(0.0548763 -0.196566 -1.46624e-20)
(0.0459517 -0.243136 0)
(0.0438698 -0.289283 1.01878e-20)
(0.0382597 -0.341453 -2.32446e-20)
(0.0338743 -0.401549 1.47073e-20)
(0.029056 -0.470982 -1.51006e-21)
(0.0237596 -0.545032 3.30264e-21)
(0.0179065 -0.61192 6.87149e-21)
(0.0113307 -0.661581 1.88561e-21)
(0.00383604 -0.685322 1.86573e-21)
(0.0536263 -0.203545 1.73143e-20)
(0.0468376 -0.249671 -1.156e-20)
(0.0448401 -0.294954 1.14504e-20)
(0.0393506 -0.346524 -1.21938e-20)
(0.0351362 -0.406102 9.06142e-21)
(0.0302388 -0.474574 0)
(0.0248455 -0.546906 -3.31085e-21)
(0.018673 -0.612335 1.61732e-22)
(0.0118297 -0.659823 -3.5587e-21)
(0.00407415 -0.683872 -3.65408e-21)
(0.0530074 -0.209443 -2.80546e-21)
(0.0481983 -0.255642 0)
(0.0461869 -0.300357 0)
(0.0408349 -0.351386 0)
(0.0367003 -0.410462 9.86162e-21)
(0.0316615 -0.477953 -6.56974e-21)
(0.0260451 -0.548628 -1.83539e-23)
(0.0195351 -0.61237 -3.83706e-21)
(0.0122947 -0.65806 -1.95318e-21)
(0.00419067 -0.681816 -2.07247e-21)
(0.0531458 -0.214553 -2.39619e-24)
(0.0499492 -0.260525 -8.50577e-21)
(0.0478429 -0.304812 -6.12618e-21)
(0.0426506 -0.355527 6.12241e-21)
(0.0385204 -0.41426 -3.24805e-21)
(0.0332999 -0.480913 0)
(0.0274087 -0.550121 -3.65304e-21)
(0.0205243 -0.612123 7.85512e-21)
(0.0128219 -0.656317 -4.00883e-21)
(0.0043001 -0.67929 4.07336e-21)
(0.054119 -0.219146 -2.30695e-20)
(0.052128 -0.26446 2.69357e-21)
(0.0498213 -0.308187 -2.67787e-22)
(0.0447645 -0.358649 6.29221e-21)
(0.0405605 -0.417122 0)
(0.035126 -0.48307 0)
(0.0289419 -0.551039 0)
(0.0216524 -0.611484 4.20213e-21)
(0.0134648 -0.65442 0)
(0.00446545 -0.676516 0)
(0.0559298 -0.223086 0)
(0.054773 -0.267531 9.15411e-21)
(0.0521799 -0.31056 -6.149e-21)
(0.0471924 -0.360726 -6.85902e-21)
(0.0428275 -0.418926 6.89478e-21)
(0.0371396 -0.484241 3.91498e-21)
(0.0306385 -0.551164 -3.90907e-21)
(0.0229162 -0.610328 -1.5007e-20)
(0.0142273 -0.652227 1.07038e-21)
(0.00469573 -0.673606 -3.59301e-21)
(0.0585655 -0.226134 0)
(0.05789 -0.269648 -3.01184e-21)
(0.0549621 -0.31194 -1.64257e-21)
(0.0499601 -0.361785 0)
(0.0453504 -0.419684 1.92482e-21)
(0.0393637 -0.484413 -5.84903e-21)
(0.0325061 -0.550447 6.32387e-21)
(0.0243166 -0.60859 2.21915e-21)
(0.0150971 -0.649677 -2.41253e-21)
(0.00498004 -0.67056 4.77203e-21)
(0.0620226 -0.228122 2.92155e-21)
(0.061476 -0.270703 3.21435e-21)
(0.0581878 -0.312257 -7.58274e-22)
(0.0530808 -0.361814 9.06959e-22)
(0.0481559 -0.419411 1.8771e-21)
(0.0418245 -0.483634 3.06655e-21)
(0.0345597 -0.548939 -1.12788e-21)
(0.0258562 -0.606293 -1.20166e-21)
(0.0160593 -0.646778 2.4205e-21)
(0.00530507 -0.667342 1.3033e-21)
(0.066301 -0.228929 -7.75754e-22)
(0.0655333 -0.270646 7.81869e-22)
(0.0618679 -0.311438 -8.44773e-22)
(0.056557 -0.360779 -9.05846e-22)
(0.05126 -0.41809 1.02826e-21)
(0.0445401 -0.481918 -2.08763e-21)
(0.0368206 -0.546661 1.72076e-21)
(0.0275514 -0.603445 6.05336e-22)
(0.017119 -0.64353 0)
(0.00567114 -0.663915 -1.30618e-21)
(0.0713972 -0.228448 7.96191e-22)
(0.0700651 -0.269492 -8.02838e-22)
(0.066012 -0.309442 -9.04304e-22)
(0.0603875 -0.358664 -9.73851e-22)
(0.0546761 -0.415697 -1.06957e-21)
(0.0475209 -0.479289 -5.80445e-23)
(0.0392966 -0.543662 6.07557e-22)
(0.0294025 -0.600101 1.9296e-21)
(0.0182698 -0.63997 0)
(0.00607339 -0.660277 -1.41784e-21)
(0.0773012 -0.226637 0)
(0.0750667 -0.267281 -3.5298e-21)
(0.07063 -0.30627 6.3395e-21)
(0.0645708 -0.355488 9.75558e-22)
(0.0584115 -0.412235 2.19047e-21)
(0.0507726 -0.475719 3.50284e-21)
(0.042011 -0.539887 -1.22451e-21)
(0.0314362 -0.596209 -1.3056e-21)
(0.019537 -0.636059 2.85607e-21)
(0.0065248 -0.656405 1.41451e-21)
(0.0839976 -0.223567 0)
(0.0805303 -0.264044 -3.55573e-21)
(0.0757238 -0.30201 -1.88278e-21)
(0.0691018 -0.351275 0)
(0.0624847 -0.407733 -6.82529e-21)
(0.0543003 -0.471259 2.29634e-21)
(0.0449504 -0.535436 2.62483e-21)
(0.0336275 -0.591868 8.34131e-21)
(0.0208929 -0.631853 -2.84682e-21)
(0.00700808 -0.652317 6.10506e-21)
(0.0914687 -0.219377 0)
(0.086445 -0.259781 3.58625e-21)
(0.0812921 -0.296743 0)
(0.0739894 -0.346057 8.90166e-21)
(0.0668908 -0.402279 -8.94729e-21)
(0.0581139 -0.465819 -5.19072e-21)
(0.0481548 -0.530158 -7.58625e-23)
(0.0360335 -0.586913 -8.55912e-21)
(0.0223942 -0.627238 -1.42738e-21)
(0.00755275 -0.64793 -7.5938e-21)
(0.0996926 -0.214256 2.77606e-20)
(0.092808 -0.254478 -1.05129e-20)
(0.0872959 -0.290786 6.63515e-22)
(0.0792189 -0.339806 -8.58578e-21)
(0.0716661 -0.39593 0)
(0.0622217 -0.459534 -5.39674e-21)
(0.0515618 -0.524315 -3.56849e-22)
(0.0385778 -0.58159 1.16193e-20)
(0.0239688 -0.622372 1.57214e-21)
(0.00811631 -0.643359 -1.57798e-21)
(0.108634 -0.208383 -1.48841e-21)
(0.0995801 -0.248146 1.89772e-20)
(0.0937643 -0.28396 8.91352e-21)
(0.0848795 -0.332341 -8.90753e-21)
(0.0767944 -0.388459 -5.09413e-21)
(0.0666772 -0.452175 0)
(0.0552826 -0.517477 -1.18891e-20)
(0.0414036 -0.575496 5.96065e-21)
(0.0257401 -0.617013 6.28559e-21)
(0.00876352 -0.638448 6.69162e-21)
(0.118214 -0.202188 -3.81575e-21)
(0.106819 -0.240695 0)
(0.100633 -0.276367 0)
(0.0908932 -0.324359 0)
(0.0821889 -0.380567 -5.7085e-21)
(0.0713403 -0.444644 1.07844e-20)
(0.0591173 -0.510624 1.20917e-20)
(0.0442645 -0.569425 -1.88786e-20)
(0.027497 -0.611603 3.3416e-21)
(0.00937466 -0.633446 -9.93849e-21)
(0.128355 -0.19544 -6.6509e-21)
(0.114651 -0.231823 1.78171e-20)
(0.107831 -0.267746 -1.76472e-20)
(0.0973551 -0.315123 2.08578e-20)
(0.0880391 -0.371103 -2.61363e-20)
(0.0765093 -0.435344 0)
(0.0634819 -0.502059 -6.30713e-21)
(0.0476197 -0.562057 -2.35175e-22)
(0.0296139 -0.605417 -6.92264e-21)
(0.0101513 -0.627909 -7.03166e-21)
(0.138661 -0.18912 -4.07018e-21)
(0.122777 -0.223519 0)
(0.115 -0.260088 -2.25564e-20)
(0.10384 -0.307118 4.15251e-20)
(0.0938197 -0.363259 -1.58648e-20)
(0.0815087 -0.427911 -3.03623e-21)
(0.0675667 -0.49525 6.29373e-21)
(0.0506445 -0.555877 -2.7741e-22)
(0.0314519 -0.59973 1.01286e-20)
(0.0107402 -0.622544 1.04057e-20)
(0.14971 -0.179834 -1.76605e-20)
(0.132627 -0.21146 1.72638e-20)
(0.123452 -0.248267 2.43289e-21)
(0.111646 -0.294447 0)
(0.100889 -0.350308 0)
(0.0878586 -0.415325 2.93916e-21)
(0.0730012 -0.484051 1.30362e-20)
(0.0548804 -0.546745 -1.27164e-20)
(0.0341637 -0.592479 -3.42408e-21)
(0.0117622 -0.616138 3.3641e-21)
(0.160779 -0.181628 0)
(0.153344 -0.206946 0)
(0.139552 -0.245468 0)
(0.126115 -0.290566 0)
(0.113787 -0.345324 0)
(0.0989152 -0.408444 0)
(0.0819389 -0.474832 0)
(0.061426 -0.535176 0)
(0.0380593 -0.579429 0)
(0.0126596 -0.602888 0)
(0.183472 -0.163961 0)
(0.189124 -0.193856 0)
(0.167252 -0.236125 0)
(0.154392 -0.280249 0)
(0.139312 -0.334368 0)
(0.121304 -0.395076 0)
(0.100579 -0.457564 0)
(0.0755736 -0.513166 0)
(0.0471883 -0.552824 0)
(0.0166435 -0.572391 0)
(0.215894 -0.146032 0)
(0.227008 -0.176614 0)
(0.196931 -0.218501 0)
(0.18672 -0.260791 0)
(0.167222 -0.313938 0)
(0.145586 -0.371253 0)
(0.120191 -0.429728 0)
(0.0898331 -0.481807 0)
(0.0554692 -0.519864 0)
(0.0181223 -0.540646 0)
(0.257555 -0.133547 0)
(0.27028 -0.16271 0)
(0.233674 -0.203478 0)
(0.22713 -0.244585 0)
(0.201037 -0.296385 0)
(0.175888 -0.34892 0)
(0.144804 -0.402521 0)
(0.108149 -0.448804 0)
(0.0672724 -0.481091 0)
(0.0239417 -0.496065 0)
(0.307798 -0.117725 0)
(0.318899 -0.144673 0)
(0.277437 -0.182621 0)
(0.27228 -0.220592 0)
(0.236126 -0.26747 0)
(0.207163 -0.313021 0)
(0.168121 -0.36125 0)
(0.124398 -0.402642 0)
(0.0759193 -0.433644 0)
(0.0238345 -0.452232 0)
(0.369551 -0.108046 0)
(0.376764 -0.13228 0)
(0.331939 -0.167175 0)
(0.324577 -0.200532 0)
(0.277553 -0.241748 0)
(0.246386 -0.281072 0)
(0.197789 -0.323987 0)
(0.146483 -0.357912 0)
(0.0903388 -0.381978 0)
(0.0334202 -0.39077 0)
(0.43654 -0.0871825 0)
(0.435427 -0.106807 0)
(0.387899 -0.135997 0)
(0.373537 -0.162338 0)
(0.316405 -0.196308 0)
(0.281743 -0.227896 0)
(0.218128 -0.262426 0)
(0.159592 -0.289323 0)
(0.0938549 -0.314957 0)
(0.0253757 -0.335834 0)
(0.510733 -0.0745423 0)
(0.499295 -0.0893084 0)
(0.452954 -0.112905 0)
(0.428207 -0.132542 0)
(0.367104 -0.159955 0)
(0.32504 -0.183458 0)
(0.249532 -0.210791 0)
(0.187196 -0.233489 0)
(0.113205 -0.255934 0)
(0.0500097 -0.256253 0)
(0.565507 -0.0399134 0)
(0.544872 -0.0474363 0)
(0.492109 -0.0617779 0)
(0.455709 -0.0718659 0)
(0.386552 -0.0883726 0)
(0.332036 -0.0997966 0)
(0.243227 -0.116162 0)
(0.171466 -0.129072 0)
(0.0795026 -0.152871 0)
(-0.0121186 -0.199192 0)
(0.761228 -0.019947 0)
(0.735643 -0.0237216 0)
(0.690021 -0.0294749 0)
(0.648286 -0.0346222 0)
(0.585554 -0.0423149 0)
(0.524708 -0.0494881 0)
(0.439746 -0.0606655 0)
(0.353085 -0.074519 0)
(0.237129 -0.102773 0)
(0.162585 -0.157975 0)
(0.191318 -0.159559 1.89003e-20)
(0.217514 -0.139494 -1.86089e-20)
(0.25082 -0.122877 2.78645e-21)
(0.29155 -0.111569 0)
(0.340811 -0.0978705 0)
(0.39972 -0.0894827 3.742e-21)
(0.464415 -0.0715036 -1.71536e-20)
(0.534057 -0.0616543 1.699e-20)
(0.592319 -0.0318591 4.75973e-21)
(0.782076 -0.0169213 -4.7842e-21)
(0.199926 -0.150248 -1.91011e-20)
(0.225435 -0.129409 0)
(0.258643 -0.113671 1.91454e-20)
(0.299447 -0.102891 -4.53216e-20)
(0.348848 -0.0900229 2.98237e-20)
(0.40757 -0.082149 -3.42966e-21)
(0.472108 -0.0652584 7.3623e-21)
(0.541017 -0.056498 1.6104e-20)
(0.60154 -0.0286331 4.40806e-21)
(0.789629 -0.0156401 4.29211e-21)
(0.207458 -0.13963 2.23011e-20)
(0.231616 -0.118867 -1.92338e-20)
(0.26404 -0.104338 1.90525e-20)
(0.304543 -0.094188 -2.37541e-20)
(0.353915 -0.0822351 1.73642e-20)
(0.412639 -0.0749815 0)
(0.477234 -0.0592704 -7.3804e-21)
(0.546051 -0.051716 -7.0455e-23)
(0.609075 -0.025745 -8.34542e-21)
(0.796151 -0.0144351 -8.61279e-21)
(0.215503 -0.128225 -3.77647e-21)
(0.239059 -0.108045 0)
(0.270699 -0.0948393 0)
(0.310708 -0.0853917 0)
(0.35983 -0.0744493 1.90632e-20)
(0.418317 -0.0679316 -1.28859e-20)
(0.482778 -0.0534964 -3.45702e-22)
(0.55133 -0.0472219 -8.2141e-21)
(0.616277 -0.0231457 -4.20722e-21)
(0.80236 -0.0133191 -4.26457e-21)
(0.223027 -0.11639 2.35702e-21)
(0.246402 -0.0971695 -1.17378e-20)
(0.27738 -0.0852903 -1.03887e-20)
(0.317174 -0.0765966 1.03825e-20)
(0.36616 -0.0667151 -6.0922e-21)
(0.424471 -0.0610139 0)
(0.488785 -0.0478972 -7.31415e-21)
(0.556981 -0.0429077 1.59511e-20)
(0.623398 -0.0207314 -8.03864e-21)
(0.808359 -0.0122724 8.55393e-21)
(0.229698 -0.104195 -2.90507e-20)
(0.252812 -0.0862846 2.44472e-21)
(0.282992 -0.0757437 -1.12646e-21)
(0.322757 -0.0679034 1.02553e-20)
(0.371745 -0.0591153 0)
(0.430074 -0.0542893 0)
(0.494379 -0.0424907 0)
(0.562365 -0.0387458 7.74096e-21)
(0.630129 -0.0184487 0)
(0.813976 -0.0112782 0)
(0.235529 -0.091666 0)
(0.258159 -0.075346 1.31495e-20)
(0.287493 -0.0661704 -8.99743e-21)
(0.327171 -0.0593247 -1.12782e-20)
(0.376145 -0.0516656 1.1337e-20)
(0.434577 -0.0477785 6.83069e-21)
(0.498994 -0.0372907 -6.5666e-21)
(0.566973 -0.0347502 -2.6849e-20)
(0.636106 -0.0162892 1.90854e-21)
(0.819007 -0.0103326 -6.26958e-21)
(0.240442 -0.078824 0)
(0.262406 -0.0643328 -4.16412e-21)
(0.291044 -0.056552 -2.36242e-21)
(0.330515 -0.0508106 0)
(0.379392 -0.0443259 3.24221e-21)
(0.437951 -0.0414512 -9.48876e-21)
(0.502463 -0.032275 1.07915e-20)
(0.570663 -0.0309146 4.00605e-21)
(0.641152 -0.0142514 -4.00654e-21)
(0.823367 -0.00943463 8.38672e-21)
(0.244294 -0.0656796 3.15889e-21)
(0.265522 -0.0532341 4.39357e-21)
(0.293598 -0.0468906 -9.02062e-22)
(0.332816 -0.0423237 1.32255e-21)
(0.381583 -0.0370598 2.94417e-21)
(0.440275 -0.0352479 4.87285e-21)
(0.504853 -0.0274092 -1.7613e-21)
(0.573489 -0.0272238 -1.90188e-21)
(0.645206 -0.012315 4.01978e-21)
(0.827042 -0.00858998 2.06665e-21)
(0.246918 -0.0522278 -9.37809e-22)
(0.267455 -0.0420331 9.49516e-22)
(0.295051 -0.0371797 -1.17233e-21)
(0.334 -0.0338473 -1.3209e-21)
(0.382717 -0.0298381 1.53499e-21)
(0.441533 -0.0291231 -3.16909e-21)
(0.506279 -0.0226552 2.67256e-21)
(0.575425 -0.0236363 9.85371e-22)
(0.648352 -0.0104572 0)
(0.830086 -0.00779898 -2.07114e-21)
(0.248224 -0.0384412 9.36478e-22)
(0.268203 -0.030712 -9.483e-22)
(0.295365 -0.0274041 -1.17206e-21)
(0.334031 -0.0253657 -1.32057e-21)
(0.382749 -0.0226351 -1.53404e-21)
(0.441717 -0.0230495 -6.90851e-23)
(0.506781 -0.017977 8.48693e-22)
(0.576494 -0.0201238 2.80933e-21)
(0.650695 -0.00866386 0)
(0.832501 -0.00705938 -2.05351e-21)
(0.248238 -0.0243 0)
(0.267853 -0.0192516 -4.38805e-21)
(0.294579 -0.0175403 7.95109e-21)
(0.332925 -0.0168532 1.32287e-21)
(0.381648 -0.0154223 2.941e-21)
(0.440794 -0.0169995 4.85779e-21)
(0.50629 -0.0133348 -1.75663e-21)
(0.576637 -0.0166552 -1.89102e-21)
(0.652171 -0.00690553 3.97256e-21)
(0.834283 -0.00634206 2.04868e-21)
(0.247011 -0.00982116 0)
(0.266499 -0.00762322 -4.13564e-21)
(0.292759 -0.00755281 -2.36294e-21)
(0.330741 -0.00827416 0)
(0.379445 -0.00816419 -9.12095e-21)
(0.438802 -0.0109416 2.97528e-21)
(0.50485 -0.00870096 3.41689e-21)
(0.575948 -0.0132209 1.1237e-20)
(0.65287 -0.00517703 -3.9597e-21)
(0.835467 -0.00565336 8.17269e-21)
(0.244521 0.0049567 0)
(0.264127 0.00420294 4.17117e-21)
(0.289912 0.00259224 0)
(0.327493 0.000408361 1.12743e-20)
(0.37612 -0.000818841 -1.1332e-20)
(0.435676 -0.00483143 -6.77543e-21)
(0.502327 -0.004025 -2.3638e-22)
(0.574263 -0.00977177 -1.12829e-20)
(0.652599 -0.00343637 -1.87683e-21)
(0.836049 -0.00495585 -1.01256e-20)
(0.240775 0.0199827 2.80185e-20)
(0.26074 0.0162504 -1.07594e-20)
(0.286099 0.0129132 1.17617e-21)
(0.323261 0.00922128 -1.02603e-20)
(0.371779 0.00664172 0)
(0.431594 0.0013498 -6.82405e-21)
(0.498975 0.000694018 -4.8903e-22)
(0.571881 -0.00632736 1.49123e-20)
(0.651675 -0.00170678 2.00361e-21)
(0.836086 -0.00428723 -2.00223e-21)
(0.235768 0.0351717 -3.04043e-21)
(0.256248 0.0285439 2.00669e-20)
(0.28128 0.0234313 1.03907e-20)
(0.317971 0.0182059 -1.03831e-20)
(0.366264 0.0142703 -6.07881e-21)
(0.426265 0.00767248 0)
(0.494344 0.00555249 -1.45528e-20)
(0.568313 -0.00278625 7.25765e-21)
(0.64961 8.77237e-05 7.76391e-21)
(0.835543 -0.00357856 8.12708e-21)
(0.22981 0.0504049 -3.64313e-21)
(0.250931 0.041063 0)
(0.275805 0.0341045 0)
(0.312024 0.0273365 0)
(0.360114 0.0220299 -6.74945e-21)
(0.420435 0.014075 1.28068e-20)
(0.489363 0.0104443 1.46e-20)
(0.564494 0.00072762 -2.27092e-20)
(0.647282 0.00186263 4.01341e-21)
(0.834513 -0.00292108 -1.20094e-20)
(0.222472 0.0655054 -5.64796e-21)
(0.244109 0.0539258 1.91539e-20)
(0.269046 0.0450609 -1.89692e-20)
(0.304673 0.0367707 2.38959e-20)
(0.352296 0.0301093 -2.99298e-20)
(0.41269 0.0207959 0)
(0.482341 0.0156599 -7.30574e-21)
(0.558865 0.0044865 -9.65108e-23)
(0.643302 0.00378748 -7.99822e-21)
(0.83291 -0.00217103 -8.10923e-21)
(0.21613 0.0799701 -3.82013e-21)
(0.238141 0.0665629 0)
(0.263271 0.0557559 -2.46884e-20)
(0.298396 0.0460371 4.61616e-20)
(0.345759 0.0380411 -1.77387e-20)
(0.406465 0.0273527 -3.44814e-21)
(0.476839 0.0206757 7.29016e-21)
(0.554378 0.00804703 -2.13812e-22)
(0.640109 0.00563489 1.16759e-20)
(0.830878 -0.00152871 1.19511e-20)
(0.204039 0.0952641 -1.69346e-20)
(0.226913 0.0813814 1.66066e-20)
(0.25286 0.0681344 2.59894e-21)
(0.287433 0.0566577 0)
(0.334132 0.0471534 0)
(0.394946 0.034943 3.34714e-21)
(0.46638 0.0266193 1.47154e-20)
(0.546069 0.012259 -1.43221e-20)
(0.633774 0.00780505 -3.81382e-21)
(0.828279 -0.000691232 3.659e-21)
(0.211114 0.11961 0)
(0.22739 0.112886 0)
(0.252777 0.0935771 0)
(0.285956 0.0789061 0)
(0.330957 0.0659705 0)
(0.390128 0.0505788 0)
(0.459566 0.0385361 0)
(0.537921 0.0207839 0)
(0.626418 0.0125717 0)
(0.820917 0.000777359 0)
(0.18927 0.155159 0)
(0.20877 0.160869 0)
(0.239402 0.132714 0)
(0.273593 0.116695 0)
(0.319585 0.0985005 0)
(0.378418 0.0779598 0)
(0.447405 0.0595313 0)
(0.526577 0.0357354 0)
(0.621261 0.0208544 0)
(0.81854 0.00376241 0)
(0.166306 0.199507 0)
(0.18571 0.210197 0)
(0.215958 0.171809 0)
(0.248797 0.156978 0)
(0.295064 0.133272 0)
(0.351893 0.10814 0)
(0.418333 0.0832065 0)
(0.495686 0.052593 0)
(0.592547 0.0298453 0)
(0.7928 0.00602361 0)
(0.149071 0.251027 0)
(0.164112 0.261601 0)
(0.193812 0.213976 0)
(0.227091 0.203743 0)
(0.274044 0.172371 0)
(0.328224 0.14264 0)
(0.393565 0.110022 0)
(0.471652 0.0715503 0)
(0.57561 0.0399487 0)
(0.782315 0.00947334 0)
(0.125928 0.310418 0)
(0.137151 0.318158 0)
(0.16768 0.266354 0)
(0.197478 0.259875 0)
(0.239094 0.216792 0)
(0.286419 0.18385 0)
(0.346842 0.142446 0)
(0.420889 0.0951963 0)
(0.525456 0.052656 0)
(0.738104 0.0122807 0)
(0.10825 0.379445 0)
(0.118392 0.384092 0)
(0.148144 0.329928 0)
(0.171342 0.322724 0)
(0.210508 0.267245 0)
(0.253617 0.234978 0)
(0.311605 0.182167 0)
(0.383657 0.125578 0)
(0.494308 0.0698225 0)
(0.716537 0.0180017 0)
(0.0783947 0.462537 0)
(0.0867007 0.461258 0)
(0.109986 0.407609 0)
(0.126784 0.395944 0)
(0.160513 0.333262 0)
(0.192937 0.302473 0)
(0.240749 0.233937 0)
(0.303337 0.170101 0)
(0.410826 0.098434 0)
(0.638574 0.0252904 0)
(0.065688 0.558552 0)
(0.0715097 0.551578 0)
(0.0900624 0.499088 0)
(0.10257 0.48076 0)
(0.129786 0.415869 0)
(0.153353 0.382142 0)
(0.19731 0.300293 0)
(0.255182 0.23845 0)
(0.364341 0.148124 0)
(0.590658 0.0435309 0)
(0.0198084 0.691013 0)
(0.0208565 0.678609 0)
(0.0291345 0.632175 0)
(0.0336987 0.609358 0)
(0.0471255 0.55115 0)
(0.0590105 0.514035 0)
(0.0874655 0.435715 0)
(0.126424 0.374831 0)
(0.214246 0.253962 0)
(0.421605 0.0773528 0)
(0.0197081 0.866983 0)
(0.0236759 0.849782 0)
(0.0290434 0.819991 0)
(0.035749 0.795959 0)
(0.0453893 0.754591 0)
(0.0581004 0.715955 0)
(0.0783436 0.651295 0)
(0.108889 0.576363 0)
(0.167416 0.426077 0)
(0.302752 0.151428 0)
(0.182055 0.152102 1.64425e-20)
(0.168225 0.196401 -1.62628e-20)
(0.14819 0.241391 2.48011e-21)
(0.132281 0.291665 0)
(0.111215 0.349023 0)
(0.0949568 0.414555 3.32833e-21)
(0.0683773 0.495659 -1.49853e-20)
(0.05707 0.588453 1.48899e-20)
(0.0172091 0.716162 4.0383e-21)
(0.0185129 0.882717 -4.05852e-21)
(0.17024 0.160794 -1.61761e-20)
(0.159612 0.207276 0)
(0.14121 0.251913 1.69825e-20)
(0.125933 0.30233 -4.02386e-20)
(0.105564 0.359877 2.644e-20)
(0.0898863 0.425244 -3.04364e-21)
(0.0644798 0.506238 6.29779e-21)
(0.0536633 0.598551 1.36032e-20)
(0.0162197 0.725175 3.52154e-21)
(0.0180179 0.886628 3.4844e-21)
(0.157622 0.166951 1.88036e-20)
(0.150664 0.215311 -1.66874e-20)
(0.134327 0.25978 1.65282e-20)
(0.119897 0.309953 -2.08115e-20)
(0.100285 0.367791 1.51851e-20)
(0.0852161 0.433574 0)
(0.0608905 0.514602 -6.3133e-21)
(0.0505809 0.607064 -1.66793e-22)
(0.0151016 0.732935 -6.91835e-21)
(0.0172739 0.888959 -7.06279e-21)
(0.144595 0.172101 -3.17141e-21)
(0.141661 0.223487 0)
(0.127579 0.268708 0)
(0.114107 0.318538 0)
(0.0953598 0.376409 1.63046e-20)
(0.0809188 0.442398 -1.10354e-20)
(0.0576078 0.523236 -3.15442e-22)
(0.0478045 0.615801 -6.74271e-21)
(0.0139093 0.740728 -3.41046e-21)
(0.0163327 0.892283 -3.42151e-21)
(0.131468 0.175288 1.87108e-21)
(0.132897 0.230626 -9.80818e-21)
(0.121169 0.277434 -8.82917e-21)
(0.108664 0.327702 8.82347e-21)
(0.0908145 0.385415 -5.19633e-21)
(0.0769954 0.451662 0)
(0.0546291 0.532231 -6.03613e-21)
(0.0453069 0.624812 1.28941e-20)
(0.0127914 0.74871 -6.42968e-21)
(0.0153347 0.896825 6.91323e-21)
(0.118317 0.176141 -2.42374e-20)
(0.124445 0.235903 1.97122e-21)
(0.115265 0.284831 -9.71065e-22)
(0.103686 0.336174 8.54781e-21)
(0.0866997 0.393951 0)
(0.0735222 0.460431 0)
(0.0519758 0.540862 0)
(0.0431041 0.633538 6.03741e-21)
(0.0118671 0.756468 0)
(0.0143919 0.901812 0)
(0.105212 0.174587 0)
(0.116288 0.239172 1.07082e-20)
(0.109857 0.290779 -7.34555e-21)
(0.0992758 0.343365 -9.15529e-21)
(0.0830376 0.401647 9.20289e-21)
(0.0704734 0.468362 5.38604e-21)
(0.0496926 0.548615 -5.14538e-21)
(0.0412078 0.641542 -2.06597e-20)
(0.0111707 0.763606 1.46733e-21)
(0.0135462 0.90658 -4.64818e-21)
(0.0922805 0.170537 0)
(0.108415 0.240349 -3.37209e-21)
(0.104905 0.295349 -1.87112e-21)
(0.0954236 0.349354 0)
(0.079895 0.408291 2.54977e-21)
(0.0678192 0.475446 -7.36259e-21)
(0.0477424 0.555346 8.24262e-21)
(0.0396237 0.648689 3.06175e-21)
(0.0106811 0.76991 -2.87838e-21)
(0.0128003 0.910765 6.24679e-21)
(0.0797169 0.163961 2.72859e-21)
(0.100821 0.239272 3.46072e-21)
(0.100396 0.298467 -7.16201e-22)
(0.0921033 0.354262 1.01129e-21)
(0.0772631 0.413933 2.28642e-21)
(0.0655551 0.48156 3.68828e-21)
(0.0460987 0.561315 -1.27598e-21)
(0.0382964 0.655046 -1.35661e-21)
(0.0103361 0.77539 2.8879e-21)
(0.0121367 0.914467 1.44386e-21)
(0.0678236 0.154978 -7.52218e-22)
(0.0934936 0.235766 7.61539e-22)
(0.0963234 0.29998 -9.07381e-22)
(0.0893024 0.358066 -1.01004e-21)
(0.075108 0.418623 1.12856e-21)
(0.0636916 0.48667 -2.33944e-21)
(0.044763 0.566501 1.91992e-21)
(0.0371707 0.660504 7.09048e-22)
(0.0101184 0.780083 0)
(0.0115656 0.917716 -1.44701e-21)
(0.00778888 -0.00225375 0)
(0.0315388 -0.00698058 0)
(0.0580794 -0.00552091 -5.12289e-20)
(0.0814388 -0.00153534 0)
(0.100549 0.00441973 2.24303e-20)
(0.115269 0.0117593 -2.07856e-20)
(0.126012 0.0200747 0)
(0.133434 0.0291497 0)
(0.138448 0.039096 -3.23496e-20)
(0.143167 0.0508923 6.01543e-20)
(0.0121687 -0.00396315 0)
(0.041747 -0.00912055 -4.02754e-20)
(0.0719568 -0.00689022 -1.20894e-20)
(0.0970099 -0.00219018 -4.72302e-20)
(0.116306 0.00415071 -2.16904e-20)
(0.130241 0.0114595 -6.05089e-20)
(0.139706 0.0193249 0)
(0.145734 0.0275231 0)
(0.149477 0.0360522 0)
(0.153006 0.0457389 -1.7225e-21)
(0.0173361 -0.00541457 0)
(0.0527974 -0.0105659 -1.31558e-20)
(0.0858934 -0.00754376 2.5634e-20)
(0.111561 -0.00238964 3.55581e-20)
(0.129946 0.00387468 7.39301e-22)
(0.14215 0.0105814 9.01016e-22)
(0.149586 0.0173908 3.5722e-20)
(0.153612 0.0241479 -3.23894e-20)
(0.155496 0.0309363 5.86611e-20)
(0.156893 0.0386319 -5.42516e-20)
(0.0231332 -0.00641422 -6.62466e-21)
(0.0642059 -0.0110909 4.01121e-20)
(0.0991795 -0.00740254 6.26807e-20)
(0.124327 -0.00220569 -6.93127e-20)
(0.140829 0.003431 4.31742e-20)
(0.150614 0.00897045 3.96545e-20)
(0.155622 0.0142323 -1.78871e-20)
(0.157477 0.0192062 6.36625e-20)
(0.157497 0.0241364 -2.2017e-21)
(0.156973 0.0297837 -2.67319e-20)
(0.0293211 -0.00680028 -6.80659e-21)
(0.0754002 -0.0105693 6.46629e-21)
(0.111126 -0.00649757 0)
(0.134722 -0.00177803 5.76332e-20)
(0.148636 0.00266438 -1.0569e-20)
(0.155667 0.00654673 -1.64548e-22)
(0.15822 0.00990709 -1.74899e-20)
(0.158088 0.0129014 -4.56731e-20)
(0.156561 0.0159001 1.49722e-22)
(0.154641 0.0194622 3.67201e-20)
(0.0355914 -0.00646296 0)
(0.0857775 -0.00899078 -4.01645e-20)
(0.121148 -0.00495718 1.23643e-20)
(0.142391 -0.00128021 -3.43002e-20)
(0.153348 0.00145669 1.05082e-20)
(0.157633 0.003315 4.2184e-22)
(0.157983 0.00456669 3.65609e-22)
(0.156238 0.0055088 3.01754e-20)
(0.153576 0.00656432 -4.03362e-20)
(0.150754 0.00808196 3.64286e-20)
(0.0415898 -0.00536148 3.37685e-21)
(0.0947683 -0.00646085 2.67547e-20)
(0.128815 -0.00297965 0)
(0.147208 -0.000887425 3.43016e-20)
(0.15517 -0.000260686 -3.14018e-20)
(0.156976 -0.000654454 -9.21636e-21)
(0.155532 -0.00158975 2.54585e-20)
(0.152602 -0.00268329 0)
(0.149184 -0.00353319 0)
(0.145834 -0.00396913 0)
(0.0469435 -0.00353331 -3.51521e-21)
(0.101889 -0.00318512 -1.04076e-20)
(0.133881 -0.000802243 1.27461e-20)
(0.149241 -0.000757012 1.73783e-20)
(0.154432 -0.00251447 1.56002e-20)
(0.154183 -0.00526 9.45712e-21)
(0.151404 -0.00836318 0)
(0.147682 -0.0114187 1.46051e-20)
(0.143805 -0.0141006 -7.00334e-21)
(0.140158 -0.0163784 0)
(0.0512944 -0.00109559 0)
(0.106781 0.000553919 2.078e-20)
(0.136263 0.00132324 -1.27442e-20)
(0.148687 -0.00102294 -1.16501e-20)
(0.15151 -0.00530709 1.33731e-22)
(0.149697 -0.0103995 -4.62313e-21)
(0.146018 -0.0155842 4.27184e-21)
(0.141833 -0.0204905 0)
(0.137717 -0.0248942 -6.67587e-21)
(0.133912 -0.028901 -5.85533e-21)
(0.0543672 0.00175985 4.61595e-22)
(0.10925 0.00442294 -7.92423e-21)
(0.136032 0.00314808 -8.12601e-22)
(0.145819 -0.00179955 2.79316e-23)
(0.146784 -0.00863431 -3.98112e-21)
(0.143892 -0.0159876 0)
(0.139695 -0.0231245 -4.27109e-21)
(0.135303 -0.0297503 0)
(0.131109 -0.0357524 0)
(0.127242 -0.0413388 0)
(0.056078 0.0047961 -9.62579e-22)
(0.109292 0.00808272 0)
(0.133383 0.00444979 0)
(0.140965 -0.00318456 -4.72087e-21)
(0.140598 -0.0124946 1.31316e-21)
(0.137076 -0.0219566 -9.84552e-23)
(0.132681 -0.0308894 -2.24728e-21)
(0.128287 -0.0390879 0)
(0.124135 -0.0465401 0)
(0.120273 -0.053523 0)
(0.0563547 0.00778538 0)
(0.10701 0.0112519 -3.80209e-21)
(0.128578 0.00503966 3.50652e-21)
(0.134446 -0.00526046 6.23715e-21)
(0.133237 -0.0168984 0)
(0.129481 -0.0282868 4.95757e-21)
(0.125154 -0.038837 -4.61043e-21)
(0.120925 -0.0484464 0)
(0.116924 -0.0571835 6.91921e-21)
(0.113144 -0.0653783 -6.72034e-21)
(0.0550732 0.0104633 0)
(0.102494 0.0136176 3.2323e-20)
(0.121874 0.00472693 0)
(0.126562 -0.0081094 2.65442e-20)
(0.124987 -0.0218616 0)
(0.121331 -0.03496 -2.1147e-20)
(0.117287 -0.0469354 0)
(0.113361 -0.0577878 1.60809e-20)
(0.109604 -0.067644 -1.50612e-20)
(0.105985 -0.0768789 -1.37397e-20)
(0.0522901 0.0125607 -8.77448e-21)
(0.095994 0.0148898 -1.58001e-20)
(0.1136 0.003345 -7.55025e-21)
(0.117628 -0.0118048 -1.32793e-20)
(0.116103 -0.0274053 -1.22557e-20)
(0.112818 -0.0419717 1.06483e-20)
(0.109224 -0.0551699 9.76466e-21)
(0.105714 -0.0670936 6.68478e-22)
(0.102284 -0.0779055 1.55363e-20)
(0.0988978 -0.0880142 1.37668e-20)
(0.0481647 0.0138361 -9.29154e-21)
(0.0878436 0.0148285 -1.69799e-20)
(0.104115 0.000760986 -3.12071e-20)
(0.107959 -0.0164067 1.41178e-20)
(0.10683 -0.0335505 0)
(0.104124 -0.0493236 0)
(0.101105 -0.0635323 -1.92216e-20)
(0.0980929 -0.076352 -1.71006e-20)
(0.0950594 -0.0879594 1.59016e-20)
(0.0919672 -0.0987793 -1.34583e-20)
(0.0429224 0.0140896 9.52404e-21)
(0.0784239 0.0132493 8.52069e-21)
(0.0937902 -0.00312411 -4.97223e-20)
(0.0978676 -0.0219615 7.21747e-20)
(0.0974117 -0.0403161 -1.30044e-20)
(0.0954362 -0.0570185 0)
(0.0930676 -0.0720137 0)
(0.0906048 -0.0855471 8.96945e-20)
(0.0880118 -0.0977892 -8.05479e-20)
(0.0852584 -0.109158 -4.39246e-20)
(0.0368402 0.0131747 8.19309e-20)
(0.0681489 0.0100288 0)
(0.0830051 -0.00837348 6.50793e-20)
(0.087665 -0.0285009 -5.81031e-20)
(0.0880987 -0.0477197 0)
(0.0869551 -0.0650632 2.28161e-20)
(0.0852705 -0.0806062 -6.32398e-20)
(0.0833627 -0.0946562 -7.29573e-20)
(0.0812198 -0.107362 3.40462e-20)
(0.078842 -0.119105 3.06859e-20)
(0.0302288 0.0110063 -1.66287e-19)
(0.057447 0.0051092 -1.86038e-20)
(0.0721342 -0.0150124 -3.45831e-20)
(0.0776599 -0.0360425 -7.61666e-20)
(0.0791546 -0.0557824 -2.62522e-20)
(0.0789177 -0.0734794 -2.37983e-20)
(0.0779193 -0.0893206 -9.46914e-22)
(0.076526 -0.103674 0)
(0.0747976 -0.116668 0)
(0.0728062 -0.128588 6.4114e-20)
(0.0234133 0.00756478 8.43579e-20)
(0.0467418 -0.00150004 -7.77219e-20)
(0.0615341 -0.0230262 5.14191e-20)
(0.0681461 -0.0445898 1.06609e-19)
(0.0708511 -0.0645366 -2.78359e-20)
(0.071613 -0.0823254 2.29597e-20)
(0.071337 -0.0982215 2.08142e-20)
(0.07044 -0.112651 0)
(0.0690744 -0.125735 0)
(0.0673289 -0.137597 -3.26777e-20)
(0.0167158 0.00289665 -1.08843e-20)
(0.0364346 -0.00972 9.70428e-20)
(0.051527 -0.0323557 -1.78075e-20)
(0.0593772 -0.0541295 0)
(0.0634274 -0.0740379 0)
(0.065345 -0.0917498 4.90086e-20)
(0.065994 -0.107559 0)
(0.0658512 -0.121905 -3.90074e-20)
(0.0650854 -0.134868 1.24063e-21)
(0.0634323 -0.146121 3.45367e-20)
(0.0104343 -0.00289147 0)
(0.0268832 -0.0194064 0)
(0.0423802 -0.0428896 -7.09105e-20)
(0.0515271 -0.0646073 0)
(0.0569878 -0.0843343 2.75307e-20)
(0.0601885 -0.102023 -2.55147e-20)
(0.0620036 -0.118084 0)
(0.0630219 -0.133147 0)
(0.0634797 -0.147661 -3.6388e-20)
(0.06271 -0.161394 7.13068e-20)
(0.00484151 -0.00963353 0)
(0.0184084 -0.030345 -5.96508e-20)
(0.0343167 -0.0544418 -1.81095e-20)
(0.044695 -0.0758505 -6.33196e-20)
(0.0514688 -0.0952084 -2.8798e-20)
(0.0558146 -0.112752 -7.65458e-20)
(0.0585572 -0.128917 0)
(0.0602717 -0.144233 0)
(0.0611343 -0.158962 0)
(0.0604333 -0.172413 2.18502e-22)
(0.000181348 -0.0170902 0)
(0.0112977 -0.0422347 -1.89357e-20)
(0.0275356 -0.0667472 3.57927e-20)
(0.0389801 -0.087594 4.72303e-20)
(0.0468716 -0.106319 -7.96399e-23)
(0.0521392 -0.12341 -2.49609e-22)
(0.0555442 -0.139245 4.62413e-20)
(0.0576456 -0.154155 -4.2092e-20)
(0.0586611 -0.168219 7.64069e-20)
(0.0581374 -0.180826 -7.36376e-20)
(-0.00335703 -0.0249769 -1.08468e-20)
(0.00577664 -0.0547307 5.93354e-20)
(0.0222034 -0.0795101 8.8512e-20)
(0.0344921 -0.0995621 -9.39186e-20)
(0.0432766 -0.117368 5.74569e-20)
(0.0492626 -0.133658 5.17126e-20)
(0.0531643 -0.148748 -2.27491e-20)
(0.0555584 -0.16282 8.39887e-20)
(0.0567594 -0.17589 -1.70943e-22)
(0.0565445 -0.187575 -3.76839e-20)
(-0.00565003 -0.0329824 -1.03771e-20)
(0.00200686 -0.0674578 9.86154e-21)
(0.0184547 -0.0924207 0)
(0.0313406 -0.111495 7.82602e-20)
(0.0407911 -0.128131 -1.42756e-20)
(0.04732 -0.143333 -2.12874e-22)
(0.0516077 -0.157395 -2.35449e-20)
(0.0542613 -0.17043 -6.37822e-20)
(0.0556885 -0.182477 5.95731e-22)
(0.0558209 -0.193358 5.69722e-20)
(-0.00664485 -0.0407879 0)
(8.04427e-05 -0.080029 -5.56503e-20)
(0.0163846 -0.105168 1.71908e-20)
(0.0296175 -0.123157 -4.58827e-20)
(0.0395143 -0.138441 1.41238e-20)
(0.0464296 -0.152353 2.26904e-22)
(0.0510114 -0.165226 1.80446e-22)
(0.0538889 -0.177158 4.27968e-20)
(0.0555354 -0.188236 -5.96392e-20)
(0.0559898 -0.198445 5.80143e-20)
(-0.00635999 -0.0480863 4.98345e-21)
(1.62894e-05 -0.0920624 3.70093e-20)
(0.016041 -0.117448 0)
(0.0293852 -0.134329 4.56637e-20)
(0.0395215 -0.148162 -4.14092e-20)
(0.0466783 -0.160666 -1.2615e-20)
(0.0514673 -0.172267 3.50789e-20)
(0.054521 -0.183084 0)
(0.0563469 -0.193246 0)
(0.0570651 -0.202846 0)
(-0.00488109 -0.0545949 -4.70778e-21)
(0.00175975 -0.103196 -1.27957e-20)
(0.0174209 -0.128969 1.59562e-20)
(0.0306702 -0.144807 2.20981e-20)
(0.0408566 -0.157167 2.06347e-20)
(0.0481194 -0.168214 1.25278e-20)
(0.053029 -0.178513 0)
(0.0562031 -0.188224 2.16808e-20)
(0.0581558 -0.1975 -1.01157e-20)
(0.0590697 -0.206491 0)
(-0.00235387 -0.0600642 0)
(0.00518447 -0.113097 2.55503e-20)
(0.0204687 -0.139458 -1.5952e-20)
(0.0334603 -0.154398 -1.46862e-20)
(0.0435303 -0.165339 -6.20573e-23)
(0.0507738 -0.174934 -6.29455e-21)
(0.0557188 -0.183933 5.8038e-21)
(0.058954 -0.19255 0)
(0.0609803 -0.200948 -1.0188e-20)
(0.0620242 -0.209299 -1.00374e-20)
(0.00102274 -0.0643191 5.40798e-22)
(0.0100928 -0.121486 -9.30264e-21)
(0.025075 -0.148665 -9.66152e-22)
(0.0377034 -0.162917 -1.89365e-23)
(0.0475214 -0.172556 -5.0157e-21)
(0.0546335 -0.18075 0)
(0.0595331 -0.188473 -5.80181e-21)
(0.0627722 -0.196009 0)
(0.0648251 -0.203523 0)
(0.0659423 -0.211184 0)
(0.00502386 -0.0674018 -1.02572e-21)
(0.0162388 -0.128248 0)
(0.0310866 -0.156431 0)
(0.0433154 -0.17023 -5.05849e-21)
(0.0527835 -0.178724 1.66316e-21)
(0.0596694 -0.185604 4.98133e-23)
(0.0644496 -0.192091 -2.86359e-21)
(0.0676404 -0.198556 0)
(0.0696839 -0.205168 0)
(0.0708344 -0.212071 0)
(0.00945419 -0.0692917 0)
(0.0233915 -0.133229 -3.75491e-21)
(0.0383168 -0.16257 3.46306e-21)
(0.0501648 -0.176178 6.79595e-21)
(0.0592275 -0.183728 0)
(0.0658185 -0.189411 6.11408e-21)
(0.0704215 -0.19472 -5.68577e-21)
(0.0735249 -0.200132 0)
(0.0755431 -0.205824 1.06061e-20)
(0.0767153 -0.211901 -1.02612e-20)
(0.0141028 -0.0698954 0)
(0.0312829 -0.13629 2.74505e-20)
(0.0465564 -0.166927 0)
(0.0581039 -0.180625 2.5685e-20)
(0.06675 -0.187465 0)
(0.0730036 -0.192099 -2.37903e-20)
(0.0773866 -0.19631 0)
(0.080374 -0.200698 2.22929e-20)
(0.0823677 -0.20546 -2.08787e-20)
(0.0835793 -0.210657 -2.11191e-20)
(0.0187562 -0.0692492 -6.96213e-21)
(0.0396088 -0.137363 -1.39599e-20)
(0.0555572 -0.169393 -6.33988e-21)
(0.0669498 -0.183459 -1.27286e-20)
(0.075219 -0.189842 -1.19671e-20)
(0.0811236 -0.193603 1.17386e-20)
(0.0852607 -0.196816 1.12056e-20)
(0.0881119 -0.20023 -3.31388e-22)
(0.0900915 -0.20407 2.09797e-20)
(0.0913869 -0.208356 2.10926e-20)
(0.0232211 -0.0674349 -6.49243e-21)
(0.0480603 -0.136451 -1.3162e-20)
(0.0650516 -0.169932 -2.53932e-20)
(0.076496 -0.184597 1.19218e-20)
(0.0844781 -0.190784 0)
(0.090056 -0.193864 0)
(0.0939396 -0.196203 -2.31982e-20)
(0.0966393 -0.198713 -2.25212e-20)
(0.0986137 -0.201665 2.15216e-20)
(0.100059 -0.205041 -2.21825e-20)
(0.0273246 -0.0645852 6.26845e-21)
(0.0563375 -0.133679 6.66168e-21)
(0.0747426 -0.168516 -3.44287e-20)
(0.0865298 -0.183984 5.95711e-20)
(0.0943523 -0.190227 -1.14179e-20)
(0.0996581 -0.192833 0)
(0.103299 -0.194439 0)
(0.105832 -0.196134 1.11507e-19)
(0.107787 -0.198255 -1.07816e-19)
(0.109459 -0.200761 -6.67006e-20)
(0.0309238 -0.0608755 4.54678e-20)
(0.0641846 -0.129186 0)
(0.0843413 -0.165158 4.73923e-20)
(0.0967844 -0.181592 -4.72108e-20)
(0.104648 -0.188126 0)
(0.109772 -0.190468 2.35622e-20)
(0.113204 -0.191492 -6.68877e-20)
(0.115557 -0.19248 -8.95295e-20)
(0.117432 -0.193868 4.24047e-20)
(0.119391 -0.195616 4.33419e-20)
(0.0339139 -0.0564811 -8.89037e-20)
(0.0713499 -0.123132 -1.16773e-20)
(0.0935859 -0.15997 -2.17317e-20)
(0.107001 -0.177429 -5.56566e-20)
(0.115146 -0.184456 -2.35863e-20)
(0.120221 -0.186734 -2.32038e-20)
(0.123498 -0.187324 2.33221e-22)
(0.125662 -0.187714 0)
(0.127308 -0.188499 0)
(0.12941 -0.189499 8.87029e-20)
(0.0362274 -0.0515806 4.34368e-20)
(0.0776179 -0.115729 -4.24862e-20)
(0.102212 -0.153086 3.28287e-20)
(0.116931 -0.171556 7.85047e-20)
(0.125629 -0.179226 -2.13827e-20)
(0.130833 -0.181616 2.36897e-20)
(0.134049 -0.181916 2.31818e-20)
(0.13606 -0.181816 0)
(0.137469 -0.182064 0)
(0.139469 -0.182423 -4.37922e-20)
(0.0378357 -0.0463548 -5.12146e-21)
(0.0828214 -0.107222 5.3445e-20)
(0.109975 -0.144678 -1.01006e-20)
(0.126323 -0.164071 0)
(0.13587 -0.172476 0)
(0.14141 -0.175123 4.4563e-20)
(0.144662 -0.175236 0)
(0.146469 -0.174618 -4.54821e-20)
(0.147235 -0.174074 -2.3351e-21)
(0.148116 -0.173608 4.31791e-20)
(0.0387477 -0.0409732 0)
(0.086845 -0.0978663 0)
(0.116662 -0.134954 -4.08031e-20)
(0.134932 -0.155101 0)
(0.145649 -0.164275 2.2595e-20)
(0.151812 -0.167278 -2.09402e-20)
(0.155415 -0.167243 0)
(0.157649 -0.165925 0)
(0.159246 -0.164302 -4.54368e-20)
(0.161951 -0.163418 8.85987e-20)
(0.0389603 -0.0355573 0)
(0.0895887 -0.0878922 -2.90976e-20)
(0.12208 -0.124129 -8.8173e-21)
(0.142523 -0.144812 -4.10815e-20)
(0.15473 -0.154754 -1.98803e-20)
(0.161825 -0.158255 -6.35753e-20)
(0.16606 -0.158338 0)
(0.169002 -0.156862 0)
(0.171744 -0.155236 0)
(0.175633 -0.155043 6.68158e-22)
(0.0384773 -0.0302256 0)
(0.0909877 -0.077564 -9.74856e-21)
(0.126069 -0.112465 2.05751e-20)
(0.148869 -0.133411 3.14415e-20)
(0.16285 -0.144071 6.76817e-22)
(0.171152 -0.148184 6.02065e-22)
(0.176218 -0.148625 4.28845e-20)
(0.179874 -0.147333 -4.3136e-20)
(0.183439 -0.145893 8.79417e-20)
(0.187999 -0.145635 -8.81554e-20)
(0.0373555 -0.0251092 -4.71655e-21)
(0.0910384 -0.0671502 2.88913e-20)
(0.12852 -0.10024 4.87253e-20)
(0.153777 -0.121119 -6.09258e-20)
(0.169764 -0.13237 3.93952e-20)
(0.179511 -0.137122 4.04221e-20)
(0.185567 -0.138024 -2.24719e-20)
(0.189921 -0.137011 8.7527e-20)
(0.194001 -0.135696 2.31717e-21)
(0.198794 -0.135132 -4.25239e-20)
(0.0356742 -0.0203205 -4.88538e-21)
(0.0897871 -0.0569027 4.64137e-21)
(0.129375 -0.0877314 0)
(0.157098 -0.10817 5.02121e-20)
(0.175265 -0.11981 -9.62384e-21)
(0.186669 -0.125144 1.07519e-21)
(0.193877 -0.126531 -2.01435e-20)
(0.198983 -0.125831 -6.50188e-20)
(0.203478 -0.124629 -1.64669e-21)
(0.208307 -0.123808 6.60335e-20)
(0.0335201 -0.0159451 0)
(0.0873196 -0.0470463 -2.93892e-20)
(0.128632 -0.0752114 9.2529e-21)
(0.158733 -0.0948102 -2.97596e-20)
(0.179187 -0.106574 9.50714e-21)
(0.192432 -0.112368 -7.89488e-22)
(0.200963 -0.114213 -7.61529e-22)
(0.206919 -0.113836 4.28171e-20)
(0.211853 -0.112752 -6.38292e-20)
(0.216695 -0.111738 6.41328e-20)
(0.0309847 -0.0120449 2.37083e-21)
(0.0837557 -0.0377753 1.93538e-20)
(0.126338 -0.06294 0)
(0.158635 -0.0812942 2.96557e-20)
(0.181409 -0.0928692 -2.90918e-20)
(0.19664 -0.0989409 -1.05496e-20)
(0.206653 -0.101166 3.04479e-20)
(0.213581 -0.101091 0)
(0.219024 -0.100119 0)
(0.223933 -0.0989701 0)
(0.0281598 -0.00865987 -2.48302e-21)
(0.0792417 -0.0292507 -7.47244e-21)
(0.122586 -0.0511572 9.63422e-21)
(0.156809 -0.0678766 1.46891e-20)
(0.181853 -0.0789166 1.50051e-20)
(0.19916 -0.0850291 9.91683e-21)
(0.210797 -0.087503 0)
(0.218824 -0.0876723 2.12448e-20)
(0.224873 -0.086797 -9.63714e-21)
(0.229931 -0.0855661 0)
(0.025132 -0.00581074 0)
(0.073939 -0.0215985 1.48072e-20)
(0.117511 -0.0400772 -9.63214e-21)
(0.153307 -0.0548043 -9.63099e-21)
(0.180487 -0.0649457 -2.41142e-22)
(0.199899 -0.0708184 -5.20186e-21)
(0.213269 -0.0733613 4.97879e-21)
(0.222522 -0.0736779 0)
(0.229286 -0.0728637 -1.02594e-20)
(0.234584 -0.0715833 -1.07234e-20)
(0.0219975 -0.00350197 3.10048e-22)
(0.0680325 -0.014912 -5.61877e-21)
(0.111283 -0.0298883 -6.67045e-22)
(0.148232 -0.0423153 -9.28131e-23)
(0.177322 -0.0511937 -3.68431e-21)
(0.198792 -0.0565118 0)
(0.213963 -0.0588974 -4.97731e-21)
(0.224555 -0.0592221 0)
(0.232148 -0.0584005 0)
(0.237779 -0.0570661 0)
(0.0189177 -0.00171889 -6.34263e-22)
(0.0618018 -0.0092459 0)
(0.104199 -0.0207488 0)
(0.141823 -0.0306401 -3.58917e-21)
(0.172508 -0.0379122 1.35207e-21)
(0.195895 -0.0423405 2.02852e-22)
(0.212862 -0.0443 -2.3524e-21)
(0.224867 -0.0444464 0)
(0.233387 -0.0435025 0)
(0.239431 -0.0420515 0)
(0.015959 -0.000416107 0)
(0.0554038 -0.00457658 -2.64757e-21)
(0.0964453 -0.0127183 2.44139e-21)
(0.134236 -0.0199193 4.84329e-21)
(0.166129 -0.0252904 0)
(0.19122 -0.0285047 5.02352e-21)
(0.209922 -0.0297519 -4.67159e-21)
(0.223382 -0.0295013 0)
(0.232917 -0.0282823 1.02677e-20)
(0.239466 -0.0265991 -9.80453e-21)
(0.0131257 0.00044982 0)
(0.0489562 -0.000873024 2.13763e-20)
(0.0882099 -0.00584066 0)
(0.125668 -0.0102788 1.96664e-20)
(0.158343 -0.0135122 0)
(0.184856 -0.0152118 -1.91887e-20)
(0.205167 -0.0154543 0)
(0.220079 -0.0145653 2.02316e-20)
(0.230696 -0.0128917 -1.89486e-20)
(0.237833 -0.0108253 -2.00518e-20)
(0.0104583 0.000923131 -5.55699e-21)
(0.0425994 0.00191254 -1.06184e-20)
(0.0797035 -0.000128733 -5.05168e-21)
(0.116352 -0.00181257 -9.50294e-21)
(0.149351 -0.00274019 -9.38773e-21)
(0.176945 -0.00266366 9.24091e-21)
(0.19867 -0.00161868 9.25035e-21)
(0.214975 0.000162665 -7.9995e-22)
(0.226702 0.00249311 1.87957e-20)
(0.234482 0.00512517 2.00482e-20)
(0.00800083 0.00105344 -5.57312e-21)
(0.0364679 0.0038509 -1.11569e-20)
(0.0711334 0.00444378 -2.13712e-20)
(0.106528 0.00542898 9.7949e-21)
(0.139383 0.00689827 0)
(0.167664 0.00895658 0)
(0.190544 0.0115445 -1.98285e-20)
(0.208123 0.0144698 -1.98989e-20)
(0.220948 0.0176746 1.92605e-20)
(0.229389 0.0210863 -2.14568e-20)
(0.00578659 0.000893746 5.80843e-21)
(0.0306738 0.00503146 5.84665e-21)
(0.0626868 0.00793818 -3.22291e-20)
(0.096435 0.0114393 5.09954e-20)
(0.128681 0.0153165 -9.54276e-21)
(0.157227 0.0194936 0)
(0.180946 0.0238342 0)
(0.19962 0.028133 9.67115e-20)
(0.213482 0.0324267 -9.60223e-20)
(0.222563 0.0368472 -6.17723e-20)
(0.00383819 0.000499566 4.73381e-20)
(0.0253053 0.00555842 0)
(0.0545243 0.0104458 4.27853e-20)
(0.0862917 0.0162533 -4.06666e-20)
(0.117494 0.0224713 0)
(0.145866 0.0288271 1.97922e-20)
(0.170065 0.0350693 -5.63406e-20)
(0.189601 0.0409294 -7.7303e-20)
(0.204398 0.0465004 3.67742e-20)
(0.214086 0.0521583 3.90863e-20)
(0.00216945 -7.14531e-05 -9.58004e-20)
(0.0204268 0.00554738 -1.17951e-20)
(0.0467755 0.0120826 -2.22939e-20)
(0.0762927 0.0199428 -5.19975e-20)
(0.106057 0.0283623 -2.02961e-20)
(0.133823 0.0368772 -1.97811e-20)
(0.158113 0.0450982 3.47826e-23)
(0.178223 0.052642 0)
(0.193793 0.0595971 0)
(0.203986 0.0666289 7.85778e-20)
(0.000785946 -0.000759987 4.84633e-20)
(0.0160785 0.00512149 -4.81637e-20)
(0.0395367 0.0129824 3.30005e-20)
(0.0665997 0.0226101 7.35052e-20)
(0.0945863 0.0330297 -1.97149e-20)
(0.121339 0.0436088 1.9656e-20)
(0.145318 0.0538198 1.94471e-20)
(0.165669 0.0631228 0)
(0.181813 0.0714922 0)
(0.192527 0.0799489 -3.83234e-20)
(-0.000314707 -0.00150563 -6.26982e-21)
(0.0122775 0.00440726 6.04089e-20)
(0.0328706 0.0132891 -1.12839e-20)
(0.0573383 0.0243781 0)
(0.0832695 0.0365456 0)
(0.108644 0.0490245 3.8791e-20)
(0.1319 0.0611608 0)
(0.152035 0.0722112 -3.86584e-20)
(0.168203 0.0816769 -2.21855e-21)
(0.178757 0.0906371 3.67334e-20)
(-0.0011435 -0.00224846 0)
(0.00901612 0.00352862 0)
(0.0268023 0.0131458 -4.65861e-20)
(0.0485906 0.0253751 0)
(0.0722573 0.0389991 2.07853e-20)
(0.0959506 0.0531763 -1.92618e-20)
(0.118109 0.067213 0)
(0.137542 0.0804174 0)
(0.153456 0.0921161 -3.85435e-20)
(0.165361 0.103437 7.47583e-20)
(-0.00171944 -0.00293024 0)
(0.00626478 0.00260003 -3.82304e-20)
(0.0213263 0.0126856 -1.24671e-20)
(0.040406 0.0257227 -4.42451e-20)
(0.0616815 0.0404705 -2.06596e-20)
(0.0835109 0.0560701 -5.91249e-20)
(0.10443 0.0718201 0)
(0.123256 0.0871071 0)
(0.139429 0.101296 0)
(0.152895 0.114776 5.6139e-22)
(-0.00206893 -0.00349159 0)
(0.00397884 0.00172952 -1.37875e-20)
(0.0164189 0.0120299 2.31303e-20)
(0.0328088 0.0255318 3.31771e-20)
(0.0516303 0.0410276 -5.36259e-22)
(0.0714738 0.0576876 -3.81894e-22)
(0.0910249 0.0748171 3.84614e-20)
(0.109166 0.0918187 -3.73607e-20)
(0.125368 0.108089 7.45304e-20)
(0.13939 0.123545 -7.41498e-20)
(-0.00222563 -0.00387572 -6.82332e-21)
(0.00210181 0.00101483 3.87012e-20)
(0.012041 0.0112884 6.02673e-20)
(0.0257976 0.0249067 -6.84148e-20)
(0.0421469 0.0407465 4.17996e-20)
(0.0599095 0.0580486 3.95339e-20)
(0.0779307 0.0761506 -1.94631e-20)
(0.0951708 0.0944445 7.56058e-20)
(0.111065 0.112304 1.62548e-21)
(0.125138 0.129378 -3.59176e-20)
(-0.00223121 -0.00403373 -6.97121e-21)
(0.000568441 0.000534441 6.62355e-21)
(0.00814736 0.0105514 0)
(0.0193657 0.0239412 5.71795e-20)
(0.0332692 0.0397123 -1.06892e-20)
(0.0488956 0.0572131 1.40824e-22)
(0.065251 0.0758471 -1.91911e-20)
(0.0813891 0.0950147 -5.71024e-20)
(0.096714 0.114057 -7.53687e-22)
(0.110586 0.13242 5.55284e-20)
(-0.0021341 -0.00392933 0)
(-0.000688816 0.000341498 -4.06985e-20)
(0.00469979 0.00988545 1.24788e-20)
(0.0135191 0.0227153 -3.52324e-20)
(0.0250546 0.0380128 1.08459e-20)
(0.0385415 0.0552646 -3.72598e-22)
(0.0531439 0.0739715 -3.45361e-22)
(0.0680197 0.093575 3.80277e-20)
(0.0825536 0.11341 -5.53329e-20)
(0.096017 0.132771 5.45512e-20)
(-0.00198668 -0.00354412 3.59726e-21)
(-0.00173109 0.00046043 2.71654e-20)
(0.00167848 0.00933135 0)
(0.00829173 0.0212958 3.54015e-20)
(0.0175951 0.0357387 -3.33238e-20)
(0.0289961 0.0523064 -1.05629e-20)
(0.0418087 0.0706218 2.95741e-20)
(0.0553015 0.0902012 0)
(0.0688562 0.110413 0)
(0.0817277 0.130472 0)
(-0.00184042 -0.00288256 -3.64723e-21)
(-0.00260525 0.000882251 -1.04701e-20)
(-0.000908196 0.00890349 1.29501e-20)
(0.00375756 0.0197371 1.81136e-20)
(0.0110316 0.0329875 1.67381e-20)
(0.0204633 0.0484698 1.06679e-20)
(0.0315047 0.0659451 0)
(0.0435386 0.0850341 1.94665e-20)
(0.0559659 0.10518 -8.9575e-21)
(0.0680774 0.125596 0)
(-0.00174071 -0.00197673 0)
(-0.00333601 0.0015607 2.09714e-20)
(-0.0030151 0.00858999 -1.29474e-20)
(3.84285e-05 0.0180844 -1.20717e-20)
(0.00556278 0.0298689 -1.2301e-23)
(0.0132146 0.0439231 -5.34273e-21)
(0.0225673 0.060151 5.1238e-21)
(0.0331187 0.0782997 0)
(0.0443131 0.0979246 -9.27286e-21)
(0.0555027 0.118319 -9.25913e-21)
(-0.00172018 -0.000885556 4.65603e-22)
(-0.00391788 0.00241681 -7.92419e-21)
(-0.0045562 0.0083571 -8.36681e-22)
(-0.00269328 0.0163783 -2.20197e-23)
(0.00144874 0.0265119 -4.30002e-21)
(0.00759422 0.0388818 0)
(0.015416 0.0535257 -5.1224e-21)
(0.0245241 0.070328 0)
(0.0344291 0.0889872 0)
(0.0445445 0.108954 0)
)
;

boundaryField
{
    inlet
    {
        type            uniformFixedValue;
        uniformValue    constant (1 0 0);
        value           uniform (1 0 0);
    }
    outlet
    {
        type            pressureInletOutletVelocity;
        value           nonuniform List<vector> 
40
(
(-0.00565743 0.127479 0)
(-0.0133247 0.197022 0)
(-0.0172034 0.267282 0)
(-0.014224 0.353425 0)
(-0.00494731 0.457894 0)
(0.0057313 0.567606 0)
(0.00862483 0.670393 0)
(0.00848774 0.774302 0)
(0.00203989 0.891291 0)
(0.00178379 0.998871 0)
(-0.00327284 0.0800572 1.22193e-22)
(-0.00226319 0.0591072 -8.64561e-24)
(-0.00133871 0.0373406 1.27319e-22)
(-0.00050228 0.0149404 8.1685e-24)
(0 -0.00786548 0)
(0 -0.030827 0)
(0 -0.0536433 0)
(0 -0.0759891 0)
(0 -0.0975386 0)
(0 -0.117991 0)
(0 -0.137097 0)
(0 -0.154679 0)
(0 -0.170645 0)
(0 -0.184987 0)
(0 -0.197774 0)
(0 -0.209139 0)
(0 -0.219256 0)
(0 -0.228332 0)
(0 -0.236582 0)
(0 -0.244225 0)
(0 -0.2614 0)
(0 -0.288685 0)
(0 -0.320711 0)
(0 -0.361539 0)
(0 -0.415518 0)
(0 -0.484417 0)
(0 -0.562288 0)
(0 -0.633525 0)
(0 -0.682988 0)
(0 -0.708069 0)
)
;
    }
    cylinder
    {
        type            fixedValue;
        value           uniform (0 0 0);
    }
    top
    {
        type            symmetryPlane;
    }
    bottom
    {
        type            symmetryPlane;
    }
    defaultFaces
    {
        type            empty;
    }
}


// ************************************************************************* //
