/*--------------------------------*- C++ -*----------------------------------*\
  =========                 |
  \\      /  F ield         | OpenFOAM: The Open Source CFD Toolbox
   \\    /   O peration     | Website:  https://openfoam.org
    \\  /    A nd           | Version:  7
     \\/     M anipulation  |
\*---------------------------------------------------------------------------*/
FoamFile
{
    version     2.0;
    format      ascii;
    class       volVectorField;
    location    "30";
    object      U;
}
// * * * * * * * * * * * * * * * * * * * * * * * * * * * * * * * * * * * * * //

dimensions      [0 1 -1 0 0 0 0];

internalField   nonuniform List<vector> 
2000
(
(0.000911501 -0.00882006 1.43964e-22)
(0.00333517 0.00400191 0)
(0.00735463 0.0322332 0)
(0.0110888 0.0672878 4.12001e-22)
(0.0138235 0.104297 -1.06935e-22)
(0.015306 0.140874 5.71954e-23)
(0.0157365 0.176112 1.72912e-22)
(0.0154974 0.209581 0)
(0.0148298 0.240634 0)
(0.0138323 0.268281 0)
(0.0017112 -0.00964205 0)
(0.00380863 0.00157698 3.34971e-22)
(0.00706852 0.0286937 -3.08897e-22)
(0.0101296 0.063348 -5.80207e-22)
(0.012442 0.100601 0)
(0.0136888 0.137745 -1.13293e-22)
(0.0139514 0.173563 1.05354e-22)
(0.0135371 0.207492 0)
(0.0126825 0.238951 5.89385e-22)
(0.0114623 0.267103 -1.43428e-21)
(0.00260592 -0.0104761 0)
(0.00455624 -0.00122168 -1.24615e-21)
(0.00714757 0.0242047 0)
(0.00960178 0.0578406 -2.13665e-22)
(0.0115819 0.094837 0)
(0.0127348 0.132245 -7.18904e-22)
(0.0130106 0.168519 0)
(0.01261 0.202907 1.47962e-21)
(0.0117468 0.234847 -1.38575e-21)
(0.0104584 0.263629 -2.40573e-21)
(0.00357443 -0.0112474 2.6868e-22)
(0.00557025 -0.00424732 8.71249e-22)
(0.00759554 0.0189279 1.10296e-22)
(0.00949086 0.0508681 4.84017e-22)
(0.0111785 0.0869927 -2.49733e-22)
(0.0123228 0.124246 1.10864e-25)
(0.0127579 0.160789 6.68356e-22)
(0.0125532 0.195621 9.25182e-23)
(0.011865 0.228118 2.09619e-21)
(0.0106707 0.257631 2.39992e-21)
(0.00458311 -0.0118794 8.88682e-23)
(0.00683347 -0.00731905 -2.69384e-22)
(0.0084252 0.0131122 -1.48413e-21)
(0.00981109 0.0426639 4.79406e-22)
(0.011203 0.0771865 0)
(0.012351 0.113699 0)
(0.0130242 0.150169 -2.61594e-21)
(0.0131639 0.185342 -2.88372e-21)
(0.0128305 0.218444 3.23368e-21)
(0.0118861 0.248764 1.03647e-20)
(0.00559145 -0.0122972 2.30773e-22)
(0.00832895 -0.010235 5.26052e-22)
(0.00967019 0.00708465 -3.63143e-21)
(0.010624 0.0336123 6.18853e-21)
(0.011696 0.0657355 -1.10004e-21)
(0.0127866 0.10073 0)
(0.0136785 0.136547 0)
(0.0142338 0.171749 1.72054e-20)
(0.0144083 0.205381 -1.72058e-20)
(0.013839 0.2365 3.5588e-21)
(0.00656361 -0.0124477 3.84176e-21)
(0.0100555 -0.012797 0)
(0.0113993 0.0012309 4.15683e-21)
(0.0120548 0.0242533 -4.99782e-21)
(0.0127978 0.0532186 0)
(0.0137216 0.0857887 3.73468e-21)
(0.0147067 0.120088 -1.14374e-20)
(0.0156287 0.154664 -1.52601e-20)
(0.0163945 0.18846 7.57867e-21)
(0.016213 0.220129 7.69803e-21)
(0.00748488 -0.0123088 -9.2358e-21)
(0.0120456 -0.0148263 -1.58827e-21)
(0.0137293 -0.0040295 -3.92804e-21)
(0.0143012 0.0152645 -9.56673e-21)
(0.0147634 0.0405017 -4.18239e-21)
(0.015414 0.0697653 -4.93607e-21)
(0.0162958 0.101488 -1.05188e-21)
(0.0174104 0.134394 0)
(0.0187529 0.167522 0)
(0.0188382 0.198968 -9.18127e-23)
(0.00837898 -0.0118948 5.39424e-21)
(0.0143798 -0.016181 -7.73064e-21)
(0.0168276 -0.00828418 5.04557e-21)
(0.0176253 0.0073999 1.44784e-20)
(0.0179479 0.0286863 -4.2401e-21)
(0.0182825 0.0540119 3.85498e-21)
(0.0188658 0.0821395 4.46538e-21)
(0.0199283 0.11208 0)
(0.0217775 0.143131 0)
(0.0220764 0.172653 4.351e-22)
(0.00931529 -0.0112484 -9.22994e-22)
(0.017193 -0.0167737 1.00021e-20)
(0.0208975 -0.0111816 -2.09334e-21)
(0.0223189 0.00138515 0)
(0.0227499 0.0189601 0)
(0.0228287 0.040201 9.85454e-21)
(0.0229647 0.064104 0)
(0.023631 0.0898867 -1.04606e-20)
(0.025733 0.116943 -1.23495e-22)
(0.0274864 0.14182 9.40708e-21)
(0.0125829 0.320326 1.4007e-22)
(-0.00405729 0.382404 -1.41703e-22)
(-0.00507438 0.42075 -2.98646e-22)
(-0.00826187 0.441144 -4.01108e-22)
(-0.00940189 0.454479 -5.29047e-22)
(-0.00743725 0.471381 -2.77725e-23)
(-0.01068 0.509469 2.85016e-22)
(-0.00161219 0.594753 1.00363e-21)
(-0.0131762 0.75122 0)
(0.00531272 0.929106 -7.35577e-22)
(0.00935317 0.320804 2.56933e-22)
(-0.00564038 0.382969 -1.01219e-21)
(-0.00646373 0.420452 1.91835e-21)
(-0.00916596 0.44078 4.01837e-22)
(-0.0102289 0.45397 9.36141e-22)
(-0.00837291 0.470795 1.64338e-21)
(-0.0116027 0.508159 -6.114e-22)
(-0.00274729 0.593812 -6.73532e-22)
(-0.0134479 0.749764 1.31663e-21)
(0.00458972 0.927213 7.33825e-22)
(0.00759992 0.319563 0)
(-0.00612225 0.382437 -8.81014e-22)
(-0.00711787 0.419763 -6.01274e-22)
(-0.00953231 0.440238 0)
(-0.0106896 0.453384 -2.91547e-21)
(-0.00904792 0.469929 9.08913e-22)
(-0.0123327 0.50649 1.06204e-21)
(-0.00378483 0.592074 3.68092e-21)
(-0.0136934 0.747865 -1.31237e-21)
(0.00394025 0.925321 2.67326e-21)
(0.0071762 0.316462 0)
(-0.00562652 0.380818 8.88696e-22)
(-0.00710738 0.418585 0)
(-0.00941797 0.439443 3.3034e-21)
(-0.0108036 0.452684 -3.31987e-21)
(-0.00943738 0.468826 -2.12844e-21)
(-0.0128596 0.504425 -1.23224e-22)
(-0.00469071 0.589337 -3.61391e-21)
(-0.0138642 0.744989 -5.91731e-22)
(0.00335133 0.922541 -3.28996e-21)
(0.00789453 0.311377 1.0056e-21)
(-0.00428196 0.378388 -1.95777e-21)
(-0.00650115 0.417211 5.60184e-22)
(-0.00889472 0.438631 -2.68755e-21)
(-0.0106262 0.452003 0)
(-0.00958878 0.467653 -2.05322e-21)
(-0.013243 0.502084 -1.6242e-22)
(-0.00551719 0.586102 4.58533e-21)
(-0.0140416 0.742127 6.03048e-22)
(0.0027954 0.920184 -6.05194e-22)
(0.00958004 0.303964 -5.68424e-21)
(-0.00220253 0.374498 4.23646e-21)
(-0.00535117 0.414974 2.64946e-21)
(-0.00795425 0.437402 -2.64709e-21)
(-0.010107 0.451145 -1.65841e-21)
(-0.00944042 0.466319 0)
(-0.0134091 0.499284 -4.15157e-21)
(-0.0061626 0.581784 2.07778e-21)
(-0.0141246 0.737695 2.23483e-21)
(0.00226173 0.916394 2.31691e-21)
(0.0119104 0.294195 -7.62302e-22)
(0.000460862 0.37024 0)
(-0.00373918 0.413093 0)
(-0.00673567 0.436539 0)
(-0.00939981 0.450544 -1.82674e-21)
(-0.00914325 0.465148 3.47867e-21)
(-0.013493 0.496588 4.06808e-21)
(-0.00679019 0.577753 -6.30347e-21)
(-0.0143001 0.734266 1.10197e-21)
(0.00175092 0.91398 -3.38595e-21)
(0.0147733 0.280526 4.48421e-21)
(0.00363525 0.362623 4.3189e-21)
(-0.00161591 0.408975 -4.27729e-21)
(-0.00502487 0.434524 6.02694e-21)
(-0.00825409 0.449412 -7.53716e-21)
(-0.0084427 0.463615 0)
(-0.0132424 0.493128 -1.86722e-21)
(-0.00712752 0.571775 7.31046e-23)
(-0.0143014 0.727802 -2.0218e-21)
(0.00123301 0.908935 -2.10742e-21)
(0.0174795 0.265915 -3.93242e-21)
(0.00699606 0.357693 0)
(0.000641182 0.407525 -5.72914e-21)
(-0.00339926 0.43421 1.09891e-20)
(-0.00722327 0.449312 -4.24659e-21)
(-0.0078494 0.462928 -8.48324e-22)
(-0.0130886 0.490952 1.86326e-21)
(-0.00763817 0.56826 1.60697e-23)
(-0.0145583 0.724969 2.93869e-21)
(0.000772734 0.907193 3.07005e-21)
(0.0216133 0.237955 -3.62176e-21)
(0.0109881 0.340818 3.51486e-21)
(0.00385822 0.398861 5.64974e-22)
(-0.000693836 0.430244 0)
(-0.00529642 0.447338 0)
(-0.00644376 0.46081 8.16034e-22)
(-0.0122606 0.486115 3.50116e-21)
(-0.0075297 0.559318 -3.41065e-21)
(-0.0144131 0.715157 -8.97628e-22)
(0.00023118 0.900228 8.65394e-22)
(0.023808 0.229284 0)
(0.0205167 0.34416 0)
(0.00930671 0.404166 0)
(0.00274439 0.434792 0)
(-0.00307467 0.450827 0)
(-0.00529646 0.463296 0)
(-0.0118814 0.4873 0)
(-0.00912256 0.559996 0)
(-0.0155751 0.715523 0)
(-0.000617235 0.90051 0)
(0.027653 0.236306 0)
(0.0341123 0.350415 0)
(0.0235383 0.411788 0)
(0.0139161 0.441632 0)
(0.00460289 0.456775 0)
(-7.24001e-05 0.468936 0)
(-0.00771674 0.490974 0)
(-0.00704349 0.559318 0)
(-0.013801 0.705921 0)
(-0.00150999 0.881111 0)
(0.0312532 0.245689 0)
(0.0390737 0.358922 0)
(0.0294981 0.423525 0)
(0.019906 0.452456 0)
(0.00945406 0.464789 0)
(0.00261319 0.474421 0)
(-0.00639924 0.495101 0)
(-0.00745294 0.564177 0)
(-0.0134579 0.71144 0)
(-0.00140242 0.884326 0)
(0.0327012 0.247192 0)
(0.0440154 0.358929 0)
(0.0367802 0.429337 0)
(0.0265938 0.461452 0)
(0.0155305 0.474832 0)
(0.0078405 0.483859 0)
(-0.00168027 0.502211 0)
(-0.00425337 0.565888 0)
(-0.0121814 0.703562 0)
(-0.0027182 0.86752 0)
(0.0316888 0.250657 0)
(0.0396057 0.360128 0)
(0.03689 0.437597 0)
(0.0284514 0.471015 0)
(0.017875 0.482581 0)
(0.0101245 0.489437 0)
(0.00104223 0.507103 0)
(-0.0015372 0.571518 0)
(-0.00751795 0.70869 0)
(-0.00121611 0.867777 0)
(0.0312279 0.247855 0)
(0.0385767 0.357041 0)
(0.0367279 0.4413 0)
(0.0293838 0.480552 0)
(0.0193104 0.49388 0)
(0.0113237 0.500302 0)
(0.00211961 0.516363 0)
(-0.00237957 0.576983 0)
(-0.01012 0.707098 0)
(-0.00264616 0.859153 0)
(0.0236515 0.245072 0)
(0.030174 0.355397 0)
(0.031298 0.444927 0)
(0.0274457 0.487395 0)
(0.0206331 0.500955 0)
(0.0151761 0.505572 0)
(0.00847575 0.520301 0)
(0.00556643 0.580488 0)
(-0.00242704 0.708869 0)
(-0.00139173 0.855971 0)
(0.0203945 0.245459 0)
(0.02169 0.35385 0)
(0.0226505 0.446277 0)
(0.0192069 0.491258 0)
(0.013948 0.5067 0)
(0.00951796 0.512434 0)
(0.00345607 0.528163 0)
(-0.000204796 0.587828 0)
(-0.00524276 0.713223 0)
(-0.00161317 0.853207 0)
(0.0098864 0.23967 0)
(0.0125219 0.35139 0)
(0.0159679 0.447629 0)
(0.0158863 0.495635 0)
(0.0142078 0.511036 0)
(0.0135585 0.515668 0)
(0.0108802 0.53094 0)
(0.0075069 0.589904 0)
(-0.00158785 0.713165 0)
(-0.000746768 0.851166 0)
(0.000651012 0.244964 0)
(-0.00139916 0.349595 0)
(0.00163211 0.442249 0)
(0.00413968 0.491512 0)
(0.00531527 0.508434 0)
(0.0065766 0.514841 0)
(0.00590884 0.533793 0)
(0.00487624 0.597155 0)
(-0.000453799 0.719418 0)
(-0.000591585 0.849784 0)
(0.0346215 0.140229 3.42096e-21)
(0.0419483 0.167345 -3.36677e-21)
(0.045809 0.191885 2.11281e-22)
(0.0436696 0.205345 0)
(0.0382765 0.213958 0)
(0.0325027 0.211609 -8.16225e-23)
(0.0239272 0.20774 4.28735e-22)
(0.0187334 0.203649 -4.2122e-22)
(0.00927387 0.196554 -6.26302e-23)
(0.00352358 0.201695 6.10292e-23)
(0.0454571 0.117332 -4.30504e-21)
(0.0498213 0.148937 0)
(0.0502119 0.17611 7.39905e-22)
(0.0450812 0.190976 -1.00099e-21)
(0.0376165 0.199361 -3.21146e-23)
(0.0304411 0.196259 7.97685e-23)
(0.0220317 0.191901 -2.36707e-22)
(0.016799 0.186073 -4.20632e-22)
(0.00868962 0.179155 -3.55408e-23)
(0.00426941 0.183274 -5.05142e-24)
(0.0568373 0.107948 4.77397e-21)
(0.0579215 0.140541 -1.62388e-21)
(0.0547457 0.165727 1.60831e-21)
(0.0465777 0.178579 2.27699e-22)
(0.0368556 0.184715 -1.23634e-22)
(0.028227 0.180146 0)
(0.0198246 0.17512 2.37253e-22)
(0.0146991 0.16773 -5.88e-24)
(0.00810286 0.16152 1.7268e-22)
(0.00490898 0.163866 6.48164e-23)
(0.0680273 0.105338 -7.23472e-22)
(0.0651727 0.135245 0)
(0.0584645 0.155532 0)
(0.0474886 0.16477 0)
(0.0357883 0.16797 -6.79029e-22)
(0.025971 0.162019 4.56226e-22)
(0.0176087 0.156452 -2.44848e-23)
(0.0126905 0.147943 2.17537e-22)
(0.00750284 0.142632 5.75636e-23)
(0.00537635 0.142692 4.1142e-24)
(0.0780993 0.10344 -8.2839e-22)
(0.070698 0.127486 -1.5839e-21)
(0.060735 0.141567 5.24838e-23)
(0.0473977 0.14699 -5.24445e-23)
(0.0341837 0.147521 2.19605e-22)
(0.0235664 0.14079 0)
(0.0153495 0.135036 2.7694e-22)
(0.0107576 0.126028 -4.39309e-22)
(0.00679602 0.121532 2.01635e-22)
(0.00553826 0.119206 -6.20169e-23)
(0.0858235 0.0974676 -3.86589e-21)
(0.0740938 0.113989 9.59316e-22)
(0.0615939 0.121875 4.37262e-22)
(0.046519 0.124145 -2.01522e-22)
(0.0322885 0.12273 0)
(0.021189 0.115968 0)
(0.0131529 0.110425 0)
(0.00893223 0.101543 -2.42912e-22)
(0.00594067 0.0976642 0)
(0.00536117 0.0933096 0)
(0.0905621 0.0847654 0)
(0.0754372 0.0938535 1.97537e-22)
(0.0613279 0.0963935 -7.94582e-23)
(0.0451666 0.0965131 5.856e-22)
(0.0303858 0.0939112 -5.88596e-22)
(0.0190324 0.0877367 -3.30104e-22)
(0.0111506 0.0827228 3.68729e-22)
(0.00725402 0.074487 8.65254e-22)
(0.00495189 0.0710886 -7.34079e-23)
(0.00488963 0.0654317 3.22696e-23)
(0.0923671 0.0650624 0)
(0.075116 0.0680743 -1.17488e-22)
(0.0603026 0.0664032 7.29536e-23)
(0.0436088 0.0653044 0)
(0.0286644 0.0620649 -1.78663e-22)
(0.0172055 0.0568493 5.5406e-22)
(0.00941916 0.0525671 -4.53416e-22)
(0.00575423 0.0453815 -1.03673e-22)
(0.00390082 0.0425042 7.46585e-23)
(0.00423006 0.0364398 -5.98073e-23)
(0.0917086 0.0399147 4.13077e-22)
(0.0735911 0.0387251 -6.40844e-23)
(0.0588215 0.0338325 -5.10102e-23)
(0.0420415 0.0321605 -8.2431e-23)
(0.0271984 0.0285636 -1.85523e-22)
(0.0157454 0.0244542 -2.81788e-22)
(0.00799453 0.0210327 7.97388e-23)
(0.00448194 0.0152148 6.00026e-23)
(0.00289972 0.0130601 -7.49026e-23)
(0.00350587 0.00742942 -1.4415e-23)
(0.0891822 0.0116976 -3.19089e-23)
(0.0712635 0.0081238 3.22761e-23)
(0.0570537 0.000663862 4.28837e-23)
(0.040606 -0.00123829 8.2305e-23)
(0.0259722 -0.00509245 -9.54396e-23)
(0.0146522 -0.00809069 1.91201e-22)
(0.00690688 -0.0105454 -1.14407e-22)
(0.00350541 -0.0147565 -2.51073e-23)
(0.00206423 -0.0159597 0)
(0.00265325 -0.0205348 1.43837e-23)
(0.0854086 -0.0172753 3.10062e-23)
(0.0684901 -0.0217358 -3.13253e-23)
(0.0551608 -0.0314261 4.34581e-23)
(0.0392766 -0.0333933 8.14663e-23)
(0.0249863 -0.037467 9.42218e-23)
(0.0139101 -0.0394179 -2.76077e-24)
(0.0061991 -0.0408145 -4.31326e-23)
(0.00288129 -0.0432998 -9.15206e-23)
(0.00148555 -0.043428 0)
(0.00205149 -0.0466695 1.24813e-23)
(0.0809512 -0.0452059 0)
(0.0655488 -0.0494476 7.71243e-23)
(0.053244 -0.0611443 -1.98248e-22)
(0.0380218 -0.0631182 -8.15851e-23)
(0.0242543 -0.0673724 -1.78767e-22)
(0.0135115 -0.0683554 -2.69666e-22)
(0.00589349 -0.0686646 7.70521e-23)
(0.00262651 -0.069487 5.72021e-23)
(0.0011778 -0.0685966 -6.61324e-23)
(0.0015765 -0.0705797 -1.24466e-23)
(0.076219 -0.0708978 0)
(0.0626006 -0.0742155 -5.42168e-23)
(0.0513046 -0.0876538 7.72652e-23)
(0.0369181 -0.0896534 0)
(0.0237403 -0.0939704 5.24648e-22)
(0.0134502 -0.0941404 -1.70618e-22)
(0.0059631 -0.0934265 -1.57773e-22)
(0.00271109 -0.0928656 -3.39583e-22)
(0.0011027 -0.0911892 6.59163e-23)
(0.00121711 -0.092199 -4.24653e-23)
(0.0715096 -0.0937429 0)
(0.0597509 -0.0958082 5.46641e-23)
(0.0493574 -0.11056 0)
(0.0359999 -0.112697 -5.826e-22)
(0.023424 -0.116887 5.85637e-22)
(0.0136912 -0.116516 3.00315e-22)
(0.00634292 -0.114944 -1.78436e-23)
(0.00305451 -0.113451 3.30716e-22)
(0.00118879 -0.111312 6.24897e-23)
(0.000954067 -0.111688 6.28346e-23)
(0.0670374 -0.113616 3.18307e-21)
(0.0570863 -0.114447 -1.15018e-21)
(0.0474427 -0.129863 -3.42183e-22)
(0.035271 -0.132386 2.91917e-22)
(0.0232826 -0.136214 0)
(0.0141581 -0.135688 2.80831e-22)
(0.00693332 -0.133488 -5.32749e-23)
(0.00354188 -0.131585 -4.30171e-22)
(0.00135453 -0.129293 -1.95755e-23)
(0.000755835 -0.129332 1.95608e-23)
(0.0629325 -0.130721 1.08196e-21)
(0.0546923 -0.130681 1.43807e-21)
(0.0456221 -0.145873 -2.06035e-22)
(0.0347145 -0.149191 2.0592e-22)
(0.0232836 -0.152397 2.42366e-22)
(0.0147479 -0.152174 0)
(0.00762436 -0.149581 4.49893e-22)
(0.00406331 -0.147757 -2.45041e-22)
(0.00153788 -0.145534 -1.49094e-22)
(0.000596997 -0.14545 -3.35107e-23)
(0.0592881 -0.145396 -5.88201e-22)
(0.0526914 -0.145244 0)
(0.0439875 -0.159105 0)
(0.0343039 -0.163749 0)
(0.0233956 -0.166076 2.33994e-22)
(0.0153605 -0.166608 -4.75706e-22)
(0.00832392 -0.163815 -4.35087e-22)
(0.00453894 -0.162454 5.45882e-22)
(0.00170549 -0.160413 -3.47626e-23)
(0.000463643 -0.160347 6.75745e-23)
(0.0560199 -0.157919 -1.67455e-21)
(0.051096 -0.158908 7.33239e-22)
(0.0425717 -0.170162 -7.26388e-22)
(0.0339705 -0.176698 -5.84864e-22)
(0.0235892 -0.177928 7.54516e-22)
(0.0159291 -0.179585 0)
(0.00898686 -0.176724 1.9972e-22)
(0.0049345 -0.17608 -1.09616e-23)
(0.00185221 -0.174251 9.71536e-23)
(0.000351516 -0.174291 2.82362e-23)
(0.0523662 -0.168276 -6.93283e-22)
(0.0493482 -0.172353 0)
(0.0411418 -0.179687 -2.48818e-22)
(0.0334996 -0.188588 -2.5413e-22)
(0.0237898 -0.18857 2.37863e-22)
(0.0164037 -0.191583 9.14463e-23)
(0.00961761 -0.188729 -1.99266e-22)
(0.00527007 -0.188931 -3.28798e-23)
(0.00199973 -0.187296 -1.86273e-22)
(0.000261762 -0.187507 -5.74044e-23)
(0.0488729 -0.175904 -2.6293e-21)
(0.0473735 -0.186096 2.56264e-21)
(0.039845 -0.1884 8.48284e-23)
(0.0328279 -0.199878 0)
(0.0238797 -0.198544 0)
(0.0166511 -0.202967 -9.42666e-23)
(0.0101 -0.200141 -3.1797e-22)
(0.00550646 -0.201211 3.11946e-22)
(0.00213492 -0.199732 2.817e-23)
(0.000190469 -0.200185 -2.75375e-23)
(0.0532554 -0.185338 0)
(0.0490381 -0.218166 0)
(0.0410733 -0.208225 0)
(0.032808 -0.225766 0)
(0.0241204 -0.22168 0)
(0.0164416 -0.229504 0)
(0.0102318 -0.226862 0)
(0.00526796 -0.229918 0)
(0.00210478 -0.228514 0)
(6.8114e-05 -0.229442 0)
(0.0444087 -0.235477 0)
(0.0371558 -0.267608 0)
(0.0329695 -0.255367 0)
(0.0256845 -0.272749 0)
(0.0201772 -0.267298 0)
(0.0138084 -0.276474 0)
(0.00904534 -0.273436 0)
(0.00468602 -0.277476 0)
(0.00218465 -0.275345 0)
(4.5836e-05 -0.276729 0)
(0.0413286 -0.286434 0)
(0.032584 -0.318785 0)
(0.0284195 -0.304577 0)
(0.0213357 -0.323025 0)
(0.0168624 -0.315872 0)
(0.0113564 -0.326287 0)
(0.00781626 -0.321779 0)
(0.00423017 -0.326586 0)
(0.00215473 -0.323255 0)
(0.000102141 -0.325266 0)
(0.0363981 -0.34197 0)
(0.0276578 -0.374518 0)
(0.0241615 -0.358137 0)
(0.0175213 -0.377822 0)
(0.0141363 -0.368548 0)
(0.0094716 -0.38018 0)
(0.00691319 -0.373855 0)
(0.00391529 -0.379674 0)
(0.00217549 -0.37474 0)
(0.000168035 -0.377845 0)
(0.0312413 -0.405655 0)
(0.0233348 -0.438591 0)
(0.0201967 -0.420192 0)
(0.0143913 -0.441194 0)
(0.0118898 -0.429773 0)
(0.00796017 -0.442866 0)
(0.0061691 -0.434691 0)
(0.0036004 -0.44177 0)
(0.00215325 -0.435183 0)
(0.000192667 -0.439683 0)
(0.0262601 -0.482982 0)
(0.0191972 -0.515958 0)
(0.0165987 -0.496439 0)
(0.0116608 -0.51864 0)
(0.00992839 -0.505602 0)
(0.00657857 -0.520157 0)
(0.00540894 -0.510423 0)
(0.00310405 -0.518864 0)
(0.00197884 -0.510876 0)
(0.000122127 -0.517031 0)
(0.0205103 -0.578682 0)
(0.0151541 -0.609353 0)
(0.0130618 -0.59163 0)
(0.00913594 -0.613345 0)
(0.00782912 -0.600522 0)
(0.00504603 -0.615525 0)
(0.00421985 -0.605422 0)
(0.002125 -0.614745 0)
(0.00136564 -0.606292 0)
(-8.50869e-05 -0.613786 0)
(0.0161561 -0.687724 0)
(0.0114431 -0.711724 0)
(0.00949895 -0.699753 0)
(0.00620537 -0.717261 0)
(0.00526575 -0.707887 0)
(0.00300458 -0.720548 0)
(0.00238692 -0.712371 0)
(0.000607722 -0.72059 0)
(0.000349291 -0.713471 0)
(-0.000341629 -0.720755 0)
(0.00887776 -0.784624 0)
(0.00582105 -0.797395 0)
(0.00480952 -0.794422 0)
(0.00312688 -0.804907 0)
(0.00261631 -0.801458 0)
(0.00122431 -0.808637 0)
(0.000693924 -0.804211 0)
(-0.000432641 -0.808691 0)
(-0.000376904 -0.804404 0)
(-0.000372225 -0.808911 0)
(0.00160026 -0.836947 0)
(0.00106618 -0.846394 0)
(0.000998524 -0.848319 0)
(0.000863142 -0.853671 0)
(0.000677622 -0.853235 0)
(0.000307677 -0.856238 0)
(1.71075e-05 -0.854194 0)
(-0.00030745 -0.855651 0)
(-0.00028474 -0.853386 0)
(-0.000142694 -0.855311 0)
(0.0510303 -0.204924 4.16417e-21)
(0.0456157 -0.254899 -4.08776e-21)
(0.043486 -0.305682 6.01962e-22)
(0.0385277 -0.361484 0)
(0.0336169 -0.425358 0)
(0.0285144 -0.50237 8.66069e-22)
(0.0229165 -0.595537 -4.01841e-21)
(0.0174538 -0.696973 4.00109e-21)
(0.0109479 -0.787851 1.2e-21)
(0.00341762 -0.833001 -1.18753e-21)
(0.0506088 -0.212736 -4.94631e-21)
(0.0465134 -0.261753 0)
(0.0445066 -0.311764 4.30772e-21)
(0.0395357 -0.367281 -1.02418e-20)
(0.0347127 -0.431059 6.88529e-21)
(0.0295545 -0.5079 -7.8017e-22)
(0.0239929 -0.60007 1.89333e-21)
(0.018053 -0.699593 4.17573e-21)
(0.0118735 -0.787532 1.26664e-21)
(0.00424286 -0.832624 1.27607e-21)
(0.0507729 -0.220531 5.90061e-21)
(0.0479881 -0.268744 -4.55835e-21)
(0.045901 -0.317577 4.51509e-21)
(0.0408814 -0.372358 -5.87434e-21)
(0.0360742 -0.435755 4.32984e-21)
(0.030802 -0.512197 0)
(0.0251298 -0.603293 -1.89807e-21)
(0.0187772 -0.701193 1.62497e-22)
(0.0124722 -0.78613 -2.22098e-21)
(0.00464558 -0.83258 -2.42273e-21)
(0.0514826 -0.227442 -9.62369e-22)
(0.0499069 -0.275285 0)
(0.047674 -0.323193 0)
(0.0426075 -0.377306 0)
(0.0377435 -0.44031 5.30005e-21)
(0.0322905 -0.516267 -3.56337e-21)
(0.0263957 -0.606277 -5.07411e-23)
(0.0196445 -0.702406 -2.49268e-21)
(0.0128501 -0.784787 -1.28339e-21)
(0.00472569 -0.831397 -1.39201e-21)
(0.0528011 -0.233498 2.9947e-22)
(0.0521856 -0.280787 -3.08344e-21)
(0.0497611 -0.327955 -2.83471e-21)
(0.0446618 -0.381629 2.83298e-21)
(0.0396831 -0.444392 -1.7132e-21)
(0.0339979 -0.519949 0)
(0.0278225 -0.60898 -2.21962e-21)
(0.0206569 -0.70336 5.108e-21)
(0.013231 -0.783584 -2.64101e-21)
(0.00472015 -0.82914 2.70726e-21)
(0.054805 -0.238842 -8.36359e-21)
(0.0548571 -0.285185 6.86074e-22)
(0.0521656 -0.331551 -4.23893e-22)
(0.0470103 -0.384877 2.99029e-21)
(0.0418529 -0.447503 0)
(0.0358912 -0.522765 0)
(0.0294025 -0.610978 0)
(0.0218109 -0.703827 2.78921e-21)
(0.0137585 -0.782234 0)
(0.00478378 -0.826323 0)
(0.0575272 -0.243388 0)
(0.0579762 -0.288525 3.93883e-21)
(0.0549429 -0.333991 -2.68874e-21)
(0.0496694 -0.38694 -3.68975e-21)
(0.044254 -0.449431 3.709e-21)
(0.0379654 -0.524441 2.42982e-21)
(0.0311256 -0.611977 -2.38565e-21)
(0.0230951 -0.703581 -1.00071e-20)
(0.0144571 -0.78051 7.10955e-22)
(0.00495179 -0.823319 -2.55795e-21)
(0.0609816 -0.246959 0)
(0.0615718 -0.290755 -1.25357e-21)
(0.0581412 -0.335303 -7.91166e-22)
(0.0526723 -0.387844 0)
(0.0469157 -0.450164 1.1737e-21)
(0.0402448 -0.524921 -3.54088e-21)
(0.0330058 -0.611876 4.12211e-21)
(0.0245141 -0.702493 1.51753e-21)
(0.0153062 -0.77829 -1.71346e-21)
(0.00520944 -0.820217 3.37986e-21)
(0.0651857 -0.249409 1.0097e-21)
(0.0656584 -0.291787 1.48013e-21)
(0.0617852 -0.335449 -2.8563e-22)
(0.0560408 -0.387591 4.97936e-22)
(0.0498681 -0.449728 1.09282e-21)
(0.0427597 -0.524248 1.92468e-21)
(0.0350643 -0.610735 -7.56198e-22)
(0.0260679 -0.700607 -8.40571e-22)
(0.0162639 -0.775594 1.71913e-21)
(0.00551998 -0.81699 9.56996e-22)
(0.0701613 -0.250626 -3.17555e-22)
(0.0702495 -0.291561 3.20019e-22)
(0.0658875 -0.334372 -4.17803e-22)
(0.0597845 -0.386145 -4.97334e-22)
(0.0531301 -0.448104 6.41473e-22)
(0.0455349 -0.522423 -1.3158e-21)
(0.0373323 -0.608554 1.1663e-21)
(0.0277845 -0.697912 4.28114e-22)
(0.0173352 -0.772397 0)
(0.00588289 -0.813536 -9.59097e-22)
(0.0759308 -0.250531 3.32377e-22)
(0.0753562 -0.290072 -3.3512e-22)
(0.0704562 -0.332052 -4.701e-22)
(0.063909 -0.383481 -5.61466e-22)
(0.0567155 -0.44528 -6.81632e-22)
(0.0485825 -0.519478 -6.65663e-23)
(0.0398138 -0.605427 4.17975e-22)
(0.0296542 -0.694537 1.38535e-21)
(0.018496 -0.768792 0)
(0.00627585 -0.809857 -1.07587e-21)
(0.0825102 -0.249099 0)
(0.0809804 -0.28738 -1.74871e-21)
(0.0754989 -0.328502 3.23115e-21)
(0.0684191 -0.379613 5.6246e-22)
(0.0606322 -0.44124 1.3934e-21)
(0.0519178 -0.51535 2.35391e-21)
(0.042543 -0.60123 -8.52577e-22)
(0.0317268 -0.69034 -9.45797e-22)
(0.0197978 -0.764668 2.16819e-21)
(0.00673465 -0.80587 1.07332e-21)
(0.0898963 -0.246397 0)
(0.0871183 -0.283591 -1.69564e-21)
(0.0810184 -0.323819 -1.0014e-21)
(0.073318 -0.374598 0)
(0.0648978 -0.436046 -4.46656e-21)
(0.0555407 -0.510168 1.49164e-21)
(0.04549 -0.596177 1.87102e-21)
(0.0339501 -0.685549 6.1935e-21)
(0.0211818 -0.760199 -2.16118e-21)
(0.00721103 -0.801676 4.78005e-21)
(0.0980698 -0.242558 0)
(0.093762 -0.278778 1.71023e-21)
(0.0870239 -0.318049 0)
(0.078614 -0.368512 5.62907e-21)
(0.0695145 -0.429699 -5.65792e-21)
(0.0594842 -0.503764 -3.69264e-21)
(0.0487359 -0.589937 -1.05164e-22)
(0.0364269 -0.679761 -6.43017e-21)
(0.0227499 -0.755108 -1.06807e-21)
(0.00778352 -0.797112 -5.94558e-21)
(0.107003 -0.237775 1.09295e-20)
(0.100914 -0.273006 -4.24049e-21)
(0.0934789 -0.311502 9.0446e-22)
(0.0843051 -0.361392 -5.06728e-21)
(0.0745199 -0.422306 0)
(0.0637299 -0.49641 -3.90357e-21)
(0.0521907 -0.583028 -4.31415e-22)
(0.0390111 -0.673614 8.79839e-21)
(0.0243418 -0.749814 1.24948e-21)
(0.00832982 -0.792413 -1.254e-21)
(0.116656 -0.232192 -2.30086e-21)
(0.108547 -0.266327 8.70723e-21)
(0.100429 -0.303947 5.34852e-21)
(0.0904789 -0.352975 -5.34485e-21)
(0.0799254 -0.413626 -3.47991e-21)
(0.0683602 -0.48767 0)
(0.0560169 -0.574662 -9.0423e-21)
(0.0419502 -0.666192 4.52472e-21)
(0.0262163 -0.743685 4.96314e-21)
(0.00903688 -0.787221 5.47337e-21)
(0.126958 -0.226348 -1.52553e-21)
(0.11672 -0.258723 0)
(0.107835 -0.295656 0)
(0.0970215 -0.344083 0)
(0.0856197 -0.404573 -4.18255e-21)
(0.0731974 -0.478794 7.64886e-21)
(0.0599272 -0.566455 9.26696e-21)
(0.0448466 -0.659095 -1.48263e-20)
(0.0279784 -0.737726 2.7327e-21)
(0.00960892 -0.78206 -8.12815e-21)
(0.137826 -0.219678 -1.40581e-21)
(0.125595 -0.24962 9.71418e-21)
(0.115673 -0.286186 -9.6213e-21)
(0.104077 -0.333753 1.40547e-20)
(0.0918605 -0.393652 -1.7765e-20)
(0.0786305 -0.467626 0)
(0.0644802 -0.5557 -4.9008e-21)
(0.0483893 -0.649755 -2.5767e-22)
(0.0302656 -0.730394 -5.73476e-21)
(0.010504 -0.776113 -5.91083e-21)
(0.148791 -0.213946 -1.60339e-21)
(0.134695 -0.241751 0)
(0.123473 -0.278149 -1.3972e-20)
(0.111109 -0.325091 2.71475e-20)
(0.09799 -0.384769 -1.07057e-20)
(0.0838269 -0.458939 -2.28128e-21)
(0.0686508 -0.547632 4.89045e-21)
(0.0514379 -0.642618 -3.39512e-22)
(0.0320851 -0.724168 8.30982e-21)
(0.0110022 -0.77059 8.74469e-21)
(0.161382 -0.203467 -7.78771e-21)
(0.145795 -0.229284 7.62319e-21)
(0.132849 -0.265268 1.42813e-21)
(0.119674 -0.311155 0)
(0.105649 -0.370013 0)
(0.0905842 -0.443867 2.19953e-21)
(0.0743961 -0.533318 1.04294e-20)
(0.0559632 -0.630642 -1.01309e-20)
(0.0350498 -0.715308 -2.86888e-21)
(0.0122403 -0.763626 2.81128e-21)
(0.174923 -0.209376 0)
(0.170063 -0.227011 0)
(0.150605 -0.262794 0)
(0.135301 -0.306859 0)
(0.119159 -0.363815 0)
(0.102013 -0.435828 0)
(0.0835959 -0.523106 0)
(0.0626567 -0.618171 0)
(0.0389531 -0.701364 0)
(0.0127336 -0.749866 0)
(0.204932 -0.189268 0)
(0.212077 -0.211497 0)
(0.180599 -0.250853 0)
(0.165828 -0.293787 0)
(0.146205 -0.350695 0)
(0.125949 -0.421603 0)
(0.10395 -0.506357 0)
(0.0785819 -0.597088 0)
(0.049571 -0.674781 0)
(0.0180565 -0.71789 0)
(0.242278 -0.165182 0)
(0.252269 -0.186004 0)
(0.210673 -0.226171 0)
(0.200387 -0.268722 0)
(0.176345 -0.325632 0)
(0.152844 -0.394787 0)
(0.12616 -0.476559 0)
(0.0950116 -0.563563 0)
(0.0591493 -0.638753 0)
(0.0190121 -0.683158 0)
(0.285999 -0.145409 0)
(0.296583 -0.164744 0)
(0.250811 -0.208349 0)
(0.245505 -0.250764 0)
(0.214499 -0.306443 0)
(0.188088 -0.372826 0)
(0.156116 -0.450352 0)
(0.118392 -0.530946 0)
(0.0747383 -0.598419 0)
(0.0273606 -0.634524 0)
(0.33907 -0.121412 0)
(0.349929 -0.142037 0)
(0.301004 -0.184603 0)
(0.296429 -0.221109 0)
(0.256019 -0.272579 0)
(0.226935 -0.334692 0)
(0.187371 -0.40658 0)
(0.141119 -0.481334 0)
(0.0875492 -0.545071 0)
(0.0273026 -0.583679 0)
(0.408264 -0.10821 0)
(0.416409 -0.12914 0)
(0.363946 -0.166688 0)
(0.36002 -0.198754 0)
(0.310732 -0.249331 0)
(0.2803 -0.306227 0)
(0.230473 -0.370718 0)
(0.173884 -0.435132 0)
(0.109258 -0.487407 0)
(0.0411881 -0.512739 0)
(0.488412 -0.0831506 0)
(0.489846 -0.100829 0)
(0.437468 -0.131596 0)
(0.430525 -0.160006 0)
(0.369279 -0.205348 0)
(0.335977 -0.251241 0)
(0.267831 -0.304162 0)
(0.199668 -0.357638 0)
(0.121753 -0.407249 0)
(0.0343449 -0.440677 0)
(0.589214 -0.0714106 0)
(0.582837 -0.0865517 0)
(0.534766 -0.112451 0)
(0.516095 -0.136433 0)
(0.448026 -0.173223 0)
(0.407392 -0.206727 0)
(0.320479 -0.248961 0)
(0.245518 -0.2918 0)
(0.15197 -0.330962 0)
(0.0643889 -0.340721 0)
(0.681799 -0.0374112 0)
(0.664888 -0.0458006 0)
(0.61224 -0.0616461 0)
(0.576511 -0.0756279 0)
(0.501655 -0.0977767 0)
(0.445074 -0.115065 0)
(0.340326 -0.142136 0)
(0.253059 -0.167931 0)
(0.131418 -0.200109 0)
(0.0116306 -0.245004 0)
(0.865001 -0.0193414 0)
(0.84159 -0.0233204 0)
(0.796662 -0.0295422 0)
(0.75319 -0.0361309 0)
(0.686784 -0.0453102 0)
(0.618761 -0.054188 0)
(0.518619 -0.0683431 0)
(0.413999 -0.0846733 0)
(0.27377 -0.11326 0)
(0.173872 -0.166515 0)
(0.211131 -0.187594 6.56709e-21)
(0.247136 -0.166276 -6.47859e-21)
(0.285473 -0.141822 1.34975e-21)
(0.326278 -0.122936 0)
(0.376921 -0.101567 0)
(0.442984 -0.0901856 2.5082e-21)
(0.521674 -0.0685684 -1.25137e-20)
(0.617046 -0.0589385 1.24398e-20)
(0.70918 -0.0290516 3.74418e-21)
(0.884241 -0.0161135 -3.75648e-21)
(0.222102 -0.178641 -4.28671e-21)
(0.257578 -0.15691 0)
(0.295778 -0.132555 9.95262e-21)
(0.33624 -0.114036 -2.49949e-20)
(0.386714 -0.0937033 1.75649e-20)
(0.452479 -0.083089 -2.28391e-21)
(0.531223 -0.0627927 5.08562e-21)
(0.625377 -0.0539244 1.17909e-20)
(0.717975 -0.0256673 3.43874e-21)
(0.890623 -0.0147477 3.3267e-21)
(0.231509 -0.168362 4.61465e-21)
(0.26573 -0.14694 -8.11886e-21)
(0.302865 -0.123209 8.04239e-21)
(0.342804 -0.105188 -1.37362e-20)
(0.393107 -0.085931 9.85477e-21)
(0.458856 -0.0761305 0)
(0.537703 -0.0571979 -5.09821e-21)
(0.631226 -0.0491899 -9.83394e-23)
(0.724712 -0.0225886 -6.25745e-21)
(0.895641 -0.0134777 -6.62264e-21)
(0.241233 -0.157218 -8.78761e-22)
(0.275833 -0.136511 0)
(0.31161 -0.113654 0)
(0.350685 -0.0962733 0)
(0.400415 -0.0781651 1.1658e-20)
(0.465869 -0.0692353 -8.01134e-21)
(0.544583 -0.0517249 -4.10218e-22)
(0.637395 -0.0446878 -5.98501e-21)
(0.731451 -0.0197863 -3.1499e-21)
(0.90057 -0.0123023 -3.21949e-21)
(0.25028 -0.145566 2.63355e-21)
(0.286198 -0.125853 -2.91622e-21)
(0.320752 -0.103956 -5.03952e-21)
(0.359156 -0.0873416 5.03669e-21)
(0.408284 -0.0704166 -3.59504e-21)
(0.473426 -0.0624122 0)
(0.552025 -0.0463609 -4.93836e-21)
(0.644166 -0.0403601 1.13823e-20)
(0.738513 -0.017177 -5.76635e-21)
(0.905608 -0.0111921 6.43147e-21)
(0.258165 -0.133402 -4.93479e-21)
(0.295453 -0.114985 -9.15272e-22)
(0.329091 -0.0941689 -1.42518e-21)
(0.366805 -0.0784727 4.80468e-21)
(0.415422 -0.0627493 0)
(0.480387 -0.0557245 0)
(0.559054 -0.0411527 0)
(0.650762 -0.03621 5.31858e-21)
(0.745386 -0.0147166 0)
(0.910445 -0.0101276 0)
(0.264772 -0.120619 0)
(0.303369 -0.103848 4.2738e-21)
(0.336447 -0.0842661 -3.14061e-21)
(0.373265 -0.0696272 -5.94002e-21)
(0.421266 -0.0551782 5.97112e-21)
(0.486104 -0.049191 4.28742e-21)
(0.564971 -0.036122 -3.94491e-21)
(0.656505 -0.0322587 -1.82202e-20)
(0.751548 -0.0124053 1.28154e-21)
(0.91473 -0.0091093 -4.50107e-21)
(0.269927 -0.107143 0)
(0.31001 -0.0923735 -1.13998e-21)
(0.342744 -0.0742079 -8.91356e-22)
(0.37869 -0.060733 0)
(0.425849 -0.0476451 1.95061e-21)
(0.490493 -0.0427777 -5.48949e-21)
(0.569582 -0.0312344 6.96655e-21)
(0.661089 -0.0284918 2.79096e-21)
(0.756681 -0.0102379 -2.76398e-21)
(0.918274 -0.00813528 6.01222e-21)
(0.273407 -0.0929 -9.28555e-23)
(0.315278 -0.0804869 1.3471e-21)
(0.347875 -0.0639599 -4.81862e-23)
(0.383063 -0.0517607 6.05934e-22)
(0.429301 -0.0400895 1.58653e-21)
(0.493645 -0.0364216 2.86704e-21)
(0.572896 -0.0264269 -1.09717e-21)
(0.664616 -0.0248689 -1.25378e-21)
(0.760776 -0.00820323 2.77312e-21)
(0.92106 -0.00721034 1.44497e-21)
(0.27497 -0.0777879 -1.21493e-22)
(0.31898 -0.0681137 1.23101e-22)
(0.351709 -0.053472 -4.21351e-22)
(0.386241 -0.0426975 -6.05198e-22)
(0.431621 -0.0324883 8.46254e-22)
(0.495568 -0.0300561 -1.79688e-21)
(0.574979 -0.0216553 1.67851e-21)
(0.667121 -0.021333 6.6917e-22)
(0.763798 -0.00624997 0)
(0.923152 -0.00632777 -1.44809e-21)
(0.27442 -0.0616724 9.60535e-23)
(0.320987 -0.0551817 -9.73314e-23)
(0.354143 -0.0426865 -3.82918e-22)
(0.388167 -0.0335353 -5.73099e-22)
(0.432765 -0.0248324 -8.32423e-22)
(0.496246 -0.0236517 -7.5618e-23)
(0.575937 -0.0168865 4.9766e-22)
(0.668658 -0.0178442 1.80304e-21)
(0.765987 -0.00436376 0)
(0.924624 -0.00550126 -1.41195e-21)
(0.271653 -0.0444313 0)
(0.321283 -0.0416255 -1.08468e-21)
(0.355144 -0.0315374 2.21152e-21)
(0.388855 -0.0242534 5.74118e-22)
(0.432684 -0.0171048 1.47498e-21)
(0.495615 -0.0171839 2.73165e-21)
(0.575652 -0.0120723 -1.07106e-21)
(0.669055 -0.0143484 -1.22313e-21)
(0.767242 -0.00249973 2.65286e-21)
(0.925483 -0.00469593 1.40861e-21)
(0.266609 -0.0260136 0)
(0.31986 -0.0273853 -5.43831e-22)
(0.35471 -0.0199469 -7.37477e-22)
(0.388392 -0.0148198 0)
(0.431455 -0.00929006 -4.74619e-21)
(0.493768 -0.0106434 1.47424e-21)
(0.574239 -0.0071994 1.97846e-21)
(0.66854 -0.0108528 7.12533e-21)
(0.767791 -0.000666697 -2.64429e-21)
(0.925746 -0.00392514 5.57087e-21)
(0.259221 -0.00643104 0)
(0.316582 -0.012413 5.48533e-22)
(0.352687 -0.00783359 0)
(0.38671 -0.00517768 5.11339e-21)
(0.42901 -0.0013399 -5.13933e-21)
(0.490588 -0.00398178 -3.91585e-21)
(0.571427 -0.00219655 -3.02131e-22)
(0.666713 -0.00727601 -7.15975e-21)
(0.767244 0.00120284 -1.1818e-21)
(0.925427 -0.00313586 -6.88472e-21)
(0.249547 0.0142522 -2.84851e-21)
(0.311329 0.00333804 1.26904e-21)
(0.349061 0.00485368 1.75615e-21)
(0.383966 0.00467539 -3.54092e-21)
(0.425586 0.00672537 0)
(0.486425 0.00276518 -3.93143e-21)
(0.567715 0.00289405 -5.96127e-22)
(0.664222 -0.00367677 9.37692e-21)
(0.766169 0.00306425 1.34857e-21)
(0.924549 -0.00237867 -1.34755e-21)
(0.237846 0.0359093 -3.13759e-21)
(0.303773 0.019918 1.96669e-22)
(0.343458 0.0182099 3.49745e-21)
(0.379751 0.0148827 -3.49473e-21)
(0.420776 0.0150344 -2.94601e-21)
(0.480784 0.00971185 0)
(0.562284 0.00822678 -8.86708e-21)
(0.660017 0.00011234 4.39068e-21)
(0.763701 0.00502545 5.06801e-21)
(0.923136 -0.00156615 5.55697e-21)
(0.224666 0.0583953 5.63026e-22)
(0.294206 0.0373412 0)
(0.33665 0.0320987 0)
(0.374902 0.0252565 0)
(0.415561 0.0233831 -3.71039e-21)
(0.474894 0.0166548 6.64377e-21)
(0.55673 0.0135938 8.90904e-21)
(0.655895 0.00388913 -1.44091e-20)
(0.761226 0.00697599 2.71784e-21)
(0.921191 -0.000808892 -8.18508e-21)
(0.210364 0.0814214 2.73021e-21)
(0.281301 0.055834 3.01537e-21)
(0.326876 0.0469929 -2.98663e-21)
(0.367432 0.0364749 1.04221e-20)
(0.408082 0.0322923 -1.33422e-20)
(0.466639 0.0240083 0)
(0.548342 0.0194166 -4.40687e-21)
(0.649006 0.00802893 -8.97413e-23)
(0.756686 0.00910626 -5.40044e-21)
(0.918777 5.9283e-05 -5.60976e-21)
(0.197176 0.104537 6.7989e-22)
(0.26897 0.0745453 0)
(0.319078 0.0614697 -7.57684e-21)
(0.361848 0.0471236 1.74572e-20)
(0.402693 0.0407068 -7.39497e-21)
(0.460714 0.0309815 -1.90568e-21)
(0.542438 0.024979 4.39756e-21)
(0.644302 0.0119797 -2.73736e-22)
(0.753347 0.0111986 7.74498e-21)
(0.915806 0.000814806 8.24466e-21)
(0.179242 0.128896 1.49235e-21)
(0.246719 0.0972834 -1.45058e-21)
(0.302127 0.0796581 6.02747e-22)
(0.34873 0.0609231 0)
(0.391087 0.0509887 0)
(0.448587 0.0391437 1.83578e-21)
(0.529989 0.0315787 9.19064e-21)
(0.633999 0.01667 -8.9199e-21)
(0.746386 0.0135962 -2.60242e-21)
(0.912511 0.00178489 2.50678e-21)
(0.176093 0.157555 0)
(0.238122 0.146597 0)
(0.300745 0.11367 0)
(0.347036 0.0855661 0)
(0.389552 0.0713023 0)
(0.445324 0.0560826 0)
(0.523913 0.0452723 0)
(0.62644 0.0267378 0)
(0.738188 0.0193039 0)
(0.90262 0.00356732 0)
(0.140683 0.225178 0)
(0.205678 0.233196 0)
(0.269543 0.165325 0)
(0.323039 0.1358 0)
(0.37501 0.108223 0)
(0.433871 0.0845243 0)
(0.512157 0.0688011 0)
(0.61509 0.0444087 0)
(0.730783 0.0288529 0)
(0.895016 0.00696794 0)
(0.104182 0.308207 0)
(0.15685 0.308139 0)
(0.220383 0.229155 0)
(0.281871 0.200861 0)
(0.343541 0.153383 0)
(0.408751 0.121302 0)
(0.487084 0.0971971 0)
(0.585293 0.0655926 0)
(0.698385 0.040747 0)
(0.862605 0.0101202 0)
(0.0723664 0.376479 0)
(0.113041 0.3665 0)
(0.172637 0.301905 0)
(0.234181 0.269801 0)
(0.30453 0.210424 0)
(0.378181 0.170191 0)
(0.462291 0.130841 0)
(0.561137 0.0892545 0)
(0.677406 0.0541951 0)
(0.844029 0.0146759 0)
(0.0473276 0.419852 0)
(0.0784075 0.409183 0)
(0.127403 0.365025 0)
(0.180577 0.33253 0)
(0.250231 0.275 0)
(0.322214 0.227832 0)
(0.40804 0.172729 0)
(0.504215 0.118704 0)
(0.617957 0.0704666 0)
(0.789259 0.0187673 0)
(0.037517 0.447118 0)
(0.060921 0.442144 0)
(0.0998934 0.411394 0)
(0.142756 0.384459 0)
(0.205093 0.335058 0)
(0.270211 0.285661 0)
(0.358838 0.221645 0)
(0.454467 0.155255 0)
(0.572215 0.0895375 0)
(0.753049 0.0250005 0)
(0.0210725 0.480171 0)
(0.039067 0.482809 0)
(0.0671302 0.455771 0)
(0.0995741 0.43793 0)
(0.148079 0.3954 0)
(0.201578 0.349534 0)
(0.27996 0.281211 0)
(0.361708 0.20314 0)
(0.473371 0.117192 0)
(0.661989 0.0323017 0)
(0.0291516 0.546306 0)
(0.0430756 0.554956 0)
(0.0646617 0.522782 0)
(0.0893621 0.513169 0)
(0.125588 0.468429 0)
(0.167646 0.427722 0)
(0.228792 0.350694 0)
(0.297368 0.267859 0)
(0.40926 0.162707 0)
(0.60164 0.0493585 0)
(-0.000876313 0.705029 0)
(0.00611165 0.710098 0)
(0.0175722 0.676344 0)
(0.03099 0.665003 0)
(0.0508959 0.614689 0)
(0.0760735 0.572969 0)
(0.112658 0.487454 0)
(0.159699 0.401369 0)
(0.248813 0.264683 0)
(0.426357 0.0819655 0)
(0.0164511 0.919959 0)
(0.0229209 0.915281 0)
(0.0298944 0.892816 0)
(0.0395056 0.874227 0)
(0.0512322 0.831016 0)
(0.0674138 0.783836 0)
(0.0890026 0.702103 0)
(0.120633 0.60236 0)
(0.177252 0.431922 0)
(0.301864 0.151318 0)
(0.132203 0.211289 -1.78267e-21)
(0.0964888 0.289593 1.76831e-21)
(0.067908 0.364209 4.72928e-22)
(0.0448284 0.415731 0)
(0.0280801 0.44497 0)
(0.0229264 0.463713 1.71664e-21)
(0.0112546 0.495249 -8.53831e-21)
(0.0205316 0.564729 8.4545e-21)
(-0.00427437 0.721962 2.43538e-21)
(0.0144559 0.928293 -2.4632e-21)
(0.115423 0.230412 4.29927e-21)
(0.0799644 0.306937 0)
(0.0549599 0.377339 4.73084e-21)
(0.0349893 0.423406 -1.33293e-20)
(0.0210656 0.448905 1.05721e-20)
(0.0174721 0.466379 -1.55721e-21)
(0.00751158 0.498752 3.43825e-21)
(0.0171184 0.570662 7.82809e-21)
(-0.00553626 0.727593 2.10661e-21)
(0.0136825 0.929536 2.11518e-21)
(0.0985163 0.247658 -4.56544e-21)
(0.0640773 0.320924 -2.55844e-21)
(0.0432288 0.385349 2.53402e-21)
(0.0263725 0.426006 -8.54285e-21)
(0.0150783 0.448673 6.04888e-21)
(0.012819 0.466202 0)
(0.00430118 0.50019 -3.44675e-21)
(0.0139978 0.575145 -1.36027e-22)
(-0.00686997 0.732058 -4.02515e-21)
(0.012769 0.929283 -4.24126e-21)
(0.0823516 0.263696 5.76137e-22)
(0.0493613 0.335326 0)
(0.0326564 0.394145 0)
(0.0187927 0.42958 0)
(0.00993257 0.449442 7.87899e-21)
(0.00884074 0.466787 -5.42968e-21)
(0.00155967 0.501976 -2.45782e-22)
(0.0111889 0.579552 -3.84981e-21)
(-0.00822311 0.736491 -1.98583e-21)
(0.0117307 0.929582 -2.03134e-21)
(0.0675211 0.277764 2.45988e-21)
(0.0363987 0.348249 4.04717e-22)
(0.023428 0.402713 -2.9254e-21)
(0.012175 0.43392 2.92405e-21)
(0.00543472 0.451449 -2.41564e-21)
(0.00533039 0.468421 0)
(-0.000864712 0.50434 -3.26548e-21)
(0.00866637 0.583947 7.2198e-21)
(-0.00946367 0.740885 -3.60425e-21)
(0.0106574 0.930598 4.065e-21)
(0.0541832 0.289759 1.42577e-21)
(0.0253738 0.358637 -1.59247e-21)
(0.0156806 0.409401 -1.26812e-21)
(0.00657302 0.437448 2.89117e-21)
(0.00155088 0.453375 0)
(0.00221418 0.470165 0)
(-0.00304883 0.506666 0)
(0.00641299 0.587894 3.31233e-21)
(-0.0104972 0.744797 0)
(0.0096313 0.931697 0)
(0.0424198 0.299792 0)
(0.0162087 0.366731 2.30859e-21)
(0.00933342 0.414045 -1.7115e-21)
(0.00197903 0.439602 -3.94399e-21)
(-0.0017081 0.45451 3.96506e-21)
(-0.000495803 0.471365 2.78982e-21)
(-0.00500357 0.508473 -2.59775e-21)
(0.00441209 0.591048 -1.12465e-20)
(-0.0113125 0.747903 7.86932e-22)
(0.00867646 0.93237 -2.63781e-21)
(0.0323347 0.307873 0)
(0.00878701 0.372948 -6.00965e-22)
(0.0042144 0.417175 -5.84965e-22)
(-0.00170503 0.440698 0)
(-0.00437199 0.454936 1.28372e-21)
(-0.0027901 0.471927 -3.61742e-21)
(-0.00672801 0.509633 4.35884e-21)
(0.00264227 0.593244 1.69768e-21)
(-0.0119424 0.750052 -1.55746e-21)
(0.00778861 0.932326 3.53218e-21)
(0.0239985 0.313997 -8.87024e-23)
(0.00300962 0.377514 9.3238e-22)
(0.000174246 0.419223 -6.18755e-23)
(-0.00458964 0.441181 4.17303e-22)
(-0.00650472 0.454968 1.06038e-21)
(-0.00468722 0.472026 1.85919e-21)
(-0.00823978 0.510172 -6.62236e-22)
(0.00106576 0.594546 -7.32715e-22)
(-0.012443 0.751322 1.56261e-21)
(0.00693407 0.931716 8.03724e-22)
(0.0174338 0.318104 -1.21713e-22)
(-0.00122519 0.380584 1.23046e-22)
(-0.00288755 0.420382 -2.94934e-22)
(-0.00675634 0.441282 -4.16815e-22)
(-0.008163 0.454812 5.47638e-22)
(-0.00622485 0.471785 -1.15737e-21)
(-0.00955111 0.510158 1.00278e-21)
(-0.000336656 0.594967 3.90242e-22)
(-0.0128408 0.751669 0)
(0.00611409 0.93052 -8.05479e-22)
(0.0104035 -0.0104301 0)
(0.0206602 -0.0165816 0)
(0.0261445 -0.0124896 -1.05471e-20)
(0.0286437 -0.00222474 0)
(0.0295264 0.0123484 5.75704e-21)
(0.0295316 0.0299848 -5.33488e-21)
(0.029145 0.0497884 0)
(0.0287883 0.0709905 0)
(0.0293018 0.0928219 -1.08827e-20)
(0.0312275 0.112647 2.08587e-20)
(0.0117793 -0.00950463 0)
(0.0249518 -0.0156324 -8.00314e-21)
(0.0327152 -0.012137 -3.37607e-21)
(0.0367391 -0.00318303 -1.18111e-20)
(0.0384718 0.00941859 -5.89774e-21)
(0.0387478 0.024468 -1.75625e-20)
(0.0381286 0.0411666 0)
(0.0370395 0.0589309 0)
(0.0361492 0.0773178 0)
(0.0365936 0.0945934 -1.32967e-22)
(0.0135817 -0.00852231 0)
(0.0301744 -0.0139941 -3.75598e-21)
(0.0406143 -0.0102415 5.17744e-21)
(0.0465102 -0.00164882 8.94838e-21)
(0.0494368 0.0100283 -4.13655e-22)
(0.0503643 0.0236279 -2.61647e-22)
(0.0499781 0.0384256 1.17422e-20)
(0.0488129 0.0539796 -1.11654e-20)
(0.0475277 0.0699931 2.11284e-20)
(0.047254 0.0850536 -2.00397e-20)
(0.0159299 -0.00750075 -1.32744e-21)
(0.0363456 -0.0117582 8.3984e-21)
(0.0496696 -0.00708608 1.49612e-20)
(0.0575796 0.00183646 -1.93441e-20)
(0.0618452 0.0133368 1.20146e-20)
(0.0636262 0.0263125 1.19342e-20)
(0.0637706 0.0400973 -5.96093e-21)
(0.0629517 0.0543132 2.22222e-20)
(0.0618848 0.068719 -5.76409e-22)
(0.0615541 0.0822986 -9.69096e-21)
(0.0188795 -0.00641055 -1.5262e-21)
(0.0433532 -0.00901574 1.44999e-21)
(0.0595146 -0.00305984 0)
(0.0693042 0.00647869 1.61367e-20)
(0.0747622 0.0180499 -3.08769e-21)
(0.0772866 0.030656 8.67449e-23)
(0.0779056 0.0437109 -5.71754e-21)
(0.0774125 0.0568862 -1.57994e-20)
(0.0765532 0.0700037 -1.55903e-22)
(0.0761743 0.0825462 1.29623e-20)
(0.0223935 -0.00518344 0)
(0.0509354 -0.00584984 -1.03134e-20)
(0.0696117 0.00140437 3.20736e-21)
(0.080863 0.0113945 -1.00807e-20)
(0.0870795 0.022745 3.12668e-21)
(0.0899385 0.0346216 6.11536e-23)
(0.0906556 0.0465651 1.28494e-22)
(0.0901235 0.0583272 1.01926e-20)
(0.0890847 0.0698326 -1.35867e-20)
(0.0882481 0.0810359 1.20091e-20)
(0.0263304 -0.00373557 7.90327e-22)
(0.0586891 -0.00234751 6.83462e-21)
(0.0793107 0.00587462 0)
(0.0913864 0.0157547 1.01123e-20)
(0.0977372 0.026164 -9.54363e-21)
(0.100355 0.0365024 -2.90771e-21)
(0.100646 0.0464932 8.15511e-21)
(0.0995883 0.0560185 0)
(0.097906 0.0651507 0)
(0.096163 0.0741267 0)
(0.030447 -0.00199804 -9.14665e-22)
(0.0661058 0.00137772 -2.97678e-21)
(0.0879335 0.00994777 3.72341e-21)
(0.100095 0.0188871 5.23311e-21)
(0.105919 0.0274135 4.7897e-21)
(0.107735 0.03524 2.87374e-21)
(0.107136 0.0423275 0)
(0.105178 0.0487355 4.31316e-21)
(0.10256 0.0546993 -2.16506e-21)
(0.0997558 0.0605144 0)
(0.0344186 5.24097e-05 0)
(0.0726317 0.0051645 5.9027e-21)
(0.0948695 0.0132698 -3.72268e-21)
(0.106421 0.0203392 -3.50404e-21)
(0.111173 0.0260559 5.17566e-23)
(0.111803 0.0305217 -1.41092e-21)
(0.110071 0.0339762 1.23889e-21)
(0.107088 0.0366773 0)
(0.103534 0.0389887 -1.87457e-21)
(0.0998701 0.0411531 -1.40013e-21)
(0.0379014 0.00236934 1.29139e-22)
(0.0777569 0.00879602 -2.3265e-21)
(0.0996661 0.0155556 -2.53236e-22)
(0.110072 0.0199013 8.92652e-24)
(0.113436 0.0220943 -1.21041e-21)
(0.112752 0.0226768 0)
(0.109912 0.0221762 -1.23868e-21)
(0.106044 0.0210283 0)
(0.101798 0.019654 0)
(0.097633 0.0182398 0)
(0.0406427 0.0048382 -2.87289e-22)
(0.0811105 0.0120233 0)
(0.102088 0.0166117 0)
(0.111042 0.0175895 -1.52086e-21)
(0.112957 0.0158678 3.87612e-22)
(0.111078 0.0124351 -5.90446e-23)
(0.107364 0.00807267 -6.55888e-22)
(0.102915 0.00333236 0)
(0.0983208 -0.00138118 0)
(0.0939799 -0.00592712 0)
(0.0423876 0.0073109 0)
(0.0824535 0.0146282 -1.2464e-21)
(0.102097 0.0163584 1.14944e-21)
(0.10953 0.0135889 1.99414e-21)
(0.110155 0.00788633 0)
(0.107367 0.000636535 1.46652e-21)
(0.103121 -0.0072006 -1.36383e-21)
(0.0984389 -0.0150396 0)
(0.0938151 -0.022549 1.65499e-21)
(0.0895346 -0.0296405 -1.59953e-21)
(0.042859 0.00957352 0)
(0.081623 0.0163569 1.13402e-20)
(0.0997823 0.0147508 0)
(0.105858 0.00813588 9.05008e-21)
(0.105514 -0.00133642 0)
(0.102189 -0.0119776 -6.68297e-21)
(0.0977684 -0.0227469 0)
(0.093159 -0.0331053 4.29271e-21)
(0.0887434 -0.0428283 -4.02054e-21)
(0.0846674 -0.0518742 -3.29201e-21)
(0.041942 0.0113769 -3.16109e-21)
(0.0786586 0.0169671 -5.41686e-21)
(0.0953951 0.0117844 -2.69315e-21)
(0.100431 0.00147354 -4.52491e-21)
(0.0995111 -0.0113629 -4.18103e-21)
(0.0960249 -0.0248539 3.39705e-21)
(0.0917417 -0.0379702 3.05642e-21)
(0.0874423 -0.0502754 4.46725e-22)
(0.083394 -0.0616546 4.30242e-21)
(0.0796114 -0.0721114 3.30217e-21)
(0.0396486 0.0124732 -3.55229e-21)
(0.0737483 0.0162524 -6.30077e-21)
(0.0892795 0.00747754 -1.15748e-20)
(0.093673 -0.00619061 5.13291e-21)
(0.0925835 -0.0218737 0)
(0.0892693 -0.0376377 0)
(0.0853675 -0.0525386 -5.89542e-21)
(0.0815456 -0.0662712 -4.93112e-21)
(0.0779716 -0.0788156 4.53427e-21)
(0.0745556 -0.0902163 -3.13698e-21)
(0.0360955 0.0126385 3.76026e-21)
(0.0671927 0.0140501 3.18198e-21)
(0.0818316 0.00185573 -1.9544e-20)
(0.0860072 -0.0147046 2.68905e-20)
(0.0851226 -0.0326676 -4.72636e-21)
(0.0822502 -0.0501403 0)
(0.078901 -0.0663135 0)
(0.07566 -0.0810241 2.74881e-20)
(0.072626 -0.0943275 -2.34124e-20)
(0.0696381 -0.106295 -1.16725e-20)
(0.0314894 0.0116921 3.4757e-20)
(0.0593726 0.0102471 0)
(0.073474 -0.00505388 2.51359e-20)
(0.0778408 -0.0239711 -2.17768e-20)
(0.0774862 -0.0436428 0)
(0.0752594 -0.0622969 7.82893e-21)
(0.0725637 -0.0792858 -2.15248e-20)
(0.0699415 -0.0945907 -2.28048e-20)
(0.0674666 -0.108329 1.05952e-20)
(0.0649529 -0.120573 8.64e-21)
(0.0261069 0.00951134 -7.15201e-20)
(0.0507185 0.00478494 -7.54467e-21)
(0.0646347 -0.0132204 -1.40674e-20)
(0.0695614 -0.033937 -2.97624e-20)
(0.0700123 -0.0547747 -9.59804e-21)
(0.0685853 -0.0741354 -8.45079e-21)
(0.066587 -0.0915373 -6.08394e-22)
(0.0645521 -0.107104 0)
(0.0625912 -0.121018 0)
(0.0605607 -0.133317 1.92178e-20)
(0.0202687 0.0060406 3.67639e-20)
(0.041681 -0.0023355 -3.25961e-20)
(0.0557264 -0.0226025 2.08036e-20)
(0.0615286 -0.0445809 4.15859e-20)
(0.0630282 -0.0661009 -1.07278e-20)
(0.0625521 -0.085764 7.97458e-21)
(0.061306 -0.103231 6.96669e-21)
(0.0598274 -0.118753 0)
(0.058304 -0.132604 0)
(0.0566229 -0.14475 -9.95708e-21)
(0.0143141 0.00129585 -4.86165e-21)
(0.0327037 -0.0110493 4.06248e-20)
(0.0471263 -0.033138 -7.39941e-21)
(0.0540522 -0.0558998 0)
(0.0568233 -0.0777215 0)
(0.0575118 -0.0974158 1.78582e-20)
(0.0572509 -0.114733 0)
(0.0566028 -0.129979 -1.29388e-20)
(0.0557713 -0.143464 8.32148e-22)
(0.054344 -0.154984 1.10441e-20)
(0.00857367 -0.00463946 0)
(0.0241957 -0.0212286 0)
(0.0391528 -0.04473 -2.88513e-20)
(0.0473517 -0.067879 0)
(0.0515437 -0.089775 1.02901e-20)
(0.0535901 -0.109537 -9.53664e-21)
(0.0546128 -0.127128 0)
(0.0552316 -0.143125 0)
(0.05561 -0.158267 -1.20817e-20)
(0.055085 -0.172935 2.37377e-20)
(0.00336105 -0.0116127 0)
(0.0165302 -0.0326726 -2.46521e-20)
(0.0320709 -0.0572131 -7.01635e-21)
(0.0415524 -0.0803908 -2.45255e-20)
(0.0471331 -0.102128 -1.08702e-20)
(0.0504394 -0.121853 -2.80455e-20)
(0.0525176 -0.139639 0)
(0.0539197 -0.156023 0)
(0.0546963 -0.171486 0)
(0.0542519 -0.185799 1.98249e-22)
(-0.00103582 -0.0193877 0)
(0.0100445 -0.045089 -6.75224e-21)
(0.026112 -0.0703409 1.49178e-20)
(0.0367641 -0.0932056 1.82421e-20)
(0.0435789 -0.114487 3.79383e-22)
(0.0479359 -0.13388 1.79175e-22)
(0.0507915 -0.151445 1.62459e-20)
(0.0526516 -0.167543 -1.45684e-20)
(0.0536068 -0.182414 2.61494e-20)
(0.05337 -0.195763 -2.51426e-20)
(-0.00438513 -0.0276744 -4.59492e-21)
(0.00501051 -0.058135 2.40629e-20)
(0.0214696 -0.0838325 3.45686e-20)
(0.0331024 -0.106072 -3.44422e-20)
(0.0409481 -0.126578 2.13671e-20)
(0.0461527 -0.145288 1.87097e-20)
(0.0496044 -0.162209 -7.97226e-21)
(0.0518158 -0.177553 2.89843e-20)
(0.0529851 -0.19147 -1.25149e-22)
(0.0530742 -0.20384 -1.29271e-20)
(-0.00652413 -0.0361477 -4.05696e-21)
(0.00163143 -0.0714306 3.85542e-21)
(0.0183018 -0.097387 0)
(0.0306817 -0.118747 2.84719e-20)
(0.0393399 -0.138194 -5.06848e-21)
(0.0452128 -0.15592 3.8552e-23)
(0.0491395 -0.171902 -8.10294e-21)
(0.0516639 -0.186269 -2.17124e-20)
(0.0530881 -0.199182 1.69845e-22)
(0.053529 -0.210715 1.9644e-20)
(-0.00736657 -0.0444686 0)
(3.54125e-05 -0.0845782 -1.90126e-20)
(0.0167235 -0.110698 6.01008e-21)
(0.0295992 -0.131006 -1.52616e-20)
(0.0388509 -0.149181 4.77941e-21)
(0.0452308 -0.16571 2.29094e-22)
(0.0495354 -0.180581 1.8616e-22)
(0.0523383 -0.193896 1.44559e-20)
(0.0540167 -0.205863 -2.02649e-20)
(0.0547807 -0.216698 1.99493e-20)
(-0.00690469 -0.0523044 1.72489e-21)
(0.000270981 -0.0971806 1.24956e-20)
(0.0168 -0.123463 0)
(0.0299233 -0.14264 1.48858e-20)
(0.0395568 -0.159413 -1.28887e-20)
(0.0462953 -0.174617 -4.05223e-21)
(0.0508893 -0.188296 1.1435e-20)
(0.0539268 -0.200553 0)
(0.0558277 -0.211636 0)
(0.0568593 -0.22185 0)
(-0.00520591 -0.059345 -1.4e-21)
(0.00230634 -0.108858 -3.27615e-21)
(0.0185423 -0.13539 4.35896e-21)
(0.0316855 -0.153454 6.28101e-21)
(0.0415033 -0.168779 6.4341e-21)
(0.0484625 -0.182603 3.68089e-21)
(0.053261 -0.195064 0)
(0.0564822 -0.206282 7.04227e-21)
(0.0585605 -0.216524 -3.26209e-21)
(0.0597962 -0.226136 0)
(-0.00240587 -0.0653129 0)
(0.00603101 -0.119257 6.44805e-21)
(0.0219056 -0.146201 -4.35782e-21)
(0.0348776 -0.16326 -4.09386e-21)
(0.0447024 -0.17717 -1.39001e-22)
(0.0517564 -0.189618 -1.94185e-21)
(0.0566783 -0.200873 1.67919e-21)
(0.0600307 -0.211078 0)
(0.0622408 -0.220501 -3.33288e-21)
(0.0636214 -0.229492 -3.47039e-21)
(0.00129863 -0.0700076 1.11716e-22)
(0.0112563 -0.12808 -2.05296e-21)
(0.0267879 -0.155643 -2.31593e-22)
(0.0394498 -0.171879 -3.27373e-23)
(0.049133 -0.184472 -1.34253e-21)
(0.0561705 -0.195596 0)
(0.0611425 -0.205683 -1.6786e-21)
(0.0645779 -0.214903 0)
(0.0668827 -0.223515 0)
(0.0683619 -0.231847 0)
(0.00567873 -0.0734593 -1.50635e-22)
(0.0177392 -0.135195 0)
(0.033041 -0.163555 0)
(0.045319 -0.179186 -8.42291e-22)
(0.0547472 -0.19061 4.21564e-22)
(0.0616752 -0.200496 8.26769e-23)
(0.0666341 -0.209466 -7.2754e-22)
(0.0701131 -0.217729 0)
(0.0724901 -0.225525 0)
(0.0740435 -0.233145 0)
(0.0105334 -0.0756335 0)
(0.0252489 -0.140432 -3.93615e-22)
(0.0404779 -0.169743 3.63022e-22)
(0.0523518 -0.18502 1.20308e-21)
(0.061453 -0.195466 0)
(0.0682058 -0.204236 1.43063e-21)
(0.0731077 -0.212162 -1.3304e-21)
(0.0766078 -0.219505 0)
(0.0790579 -0.226482 3.36342e-21)
(0.0806927 -0.233333 -3.25466e-21)
(0.0156413 -0.0764194 0)
(0.0335129 -0.143639 -3.10428e-22)
(0.0488867 -0.174045 0)
(0.0603967 -0.189248 2.4358e-21)
(0.0691418 -0.198943 0)
(0.0756808 -0.206748 -4.33809e-21)
(0.0805006 -0.213725 0)
(0.0840151 -0.220196 6.24196e-21)
(0.0865612 -0.226361 -5.846e-21)
(0.0883191 -0.232402 -6.84667e-21)
(0.0207713 -0.0758391 4.34421e-22)
(0.0422185 -0.144746 -2.09244e-22)
(0.0580136 -0.176351 9.86004e-23)
(0.0692646 -0.191758 -1.16183e-21)
(0.0776737 -0.200954 -1.17668e-21)
(0.0839921 -0.207972 2.04211e-21)
(0.0887258 -0.214113 2.13478e-21)
(0.092263 -0.219781 -6.55737e-22)
(0.0949457 -0.225161 5.63771e-21)
(0.0969035 -0.230369 6.83715e-21)
(0.0257133 -0.0739903 1.06834e-21)
(0.0510415 -0.143755 1.06745e-21)
(0.0675845 -0.176616 9.16406e-22)
(0.0787397 -0.192469 -9.17219e-23)
(0.086882 -0.201426 0)
(0.0930071 -0.207856 0)
(0.097674 -0.213298 -4.95387e-21)
(0.101254 -0.218251 -5.76935e-21)
(0.10412 -0.222894 5.82208e-21)
(0.106391 -0.227282 -7.99172e-21)
(0.0302886 -0.071016 -1.41198e-21)
(0.0596703 -0.140773 -5.39778e-22)
(0.0772942 -0.174822 6.34284e-21)
(0.0885917 -0.191324 -1.90521e-21)
(0.096577 -0.2003 -1.85015e-22)
(0.102569 -0.206354 0)
(0.107212 -0.21125 0)
(0.110865 -0.215596 2.52736e-20)
(0.113941 -0.219574 -2.864e-20)
(0.116668 -0.223185 -2.22403e-20)
(0.0343433 -0.0670918 -1.78765e-20)
(0.0678322 -0.135955 0)
(0.0868433 -0.170989 -6.40922e-21)
(0.0985481 -0.188303 2.10547e-21)
(0.106543 -0.19754 0)
(0.112499 -0.203433 2.72865e-21)
(0.117187 -0.207948 -8.55314e-21)
(0.120964 -0.211823 -1.95572e-20)
(0.124236 -0.215273 9.59627e-21)
(0.127519 -0.218143 1.30427e-20)
(0.0377632 -0.0624042 3.89197e-20)
(0.075267 -0.129477 3.36407e-21)
(0.0959491 -0.165227 6.42293e-21)
(0.108335 -0.183431 8.35285e-21)
(0.116543 -0.193133 -3.44454e-22)
(0.122595 -0.199071 -1.34188e-21)
(0.127411 -0.203369 1.19728e-21)
(0.13136 -0.206902 0)
(0.134845 -0.209906 0)
(0.138632 -0.211944 2.59663e-20)
(0.0404757 -0.0571468 -2.10438e-20)
(0.0817519 -0.121567 1.94505e-20)
(0.104336 -0.15769 -8.93714e-21)
(0.11768 -0.176779 -1.15981e-20)
(0.126332 -0.187098 2.49638e-21)
(0.132649 -0.193264 2.8692e-21)
(0.137724 -0.197503 3.56986e-21)
(0.141948 -0.200818 0)
(0.145769 -0.203481 0)
(0.150129 -0.204937 -1.197e-20)
(0.0424499 -0.0515157 3.14909e-21)
(0.0871142 -0.11249 -2.40846e-20)
(0.111751 -0.148573 4.27102e-21)
(0.126313 -0.16846 0)
(0.135655 -0.179491 0)
(0.14243 -0.186039 1.34695e-22)
(0.14791 -0.19035 0)
(0.152482 -0.193483 -7.49921e-21)
(0.156396 -0.195608 -2.89466e-21)
(0.160872 -0.195925 9.52521e-21)
(0.043696 -0.0456942 0)
(0.0912377 -0.102525 0)
(0.117978 -0.138107 1.80383e-20)
(0.133974 -0.158626 0)
(0.144251 -0.170401 -2.2491e-21)
(0.151705 -0.177448 2.08435e-21)
(0.157838 -0.181943 0)
(0.163245 -0.184927 0)
(0.168131 -0.186896 -9.10463e-21)
(0.174182 -0.188351 1.83296e-20)
(0.0442121 -0.0398134 0)
(0.0940265 -0.0919216 1.98757e-20)
(0.122824 -0.126538 7.04714e-21)
(0.140419 -0.147467 1.42147e-20)
(0.151858 -0.159968 6.00306e-21)
(0.160208 -0.167623 7.61683e-21)
(0.167174 -0.172519 0)
(0.173604 -0.175761 0)
(0.17982 -0.178241 0)
(0.187004 -0.180935 2.73991e-22)
(0.044001 -0.0340006 0)
(0.0954226 -0.0809702 7.67747e-21)
(0.126142 -0.114164 -8.65428e-21)
(0.145432 -0.135226 -9.93237e-21)
(0.158217 -0.148363 1.70017e-21)
(0.167647 -0.156672 1.67557e-21)
(0.175577 -0.162103 -2.52859e-21)
(0.183036 -0.165783 -8.43452e-22)
(0.190493 -0.168749 1.00365e-20)
(0.198783 -0.171877 -1.43738e-20)
(0.0431195 -0.0283959 4.09692e-21)
(0.0954318 -0.0699624 -2.06078e-20)
(0.127843 -0.101301 -2.75028e-20)
(0.148844 -0.122171 2.48488e-20)
(0.163106 -0.135777 -1.27514e-20)
(0.173772 -0.144692 -8.19614e-21)
(0.182788 -0.150666 -3.86941e-24)
(0.191301 -0.15479 2.4847e-21)
(0.199881 -0.158123 1.44945e-21)
(0.209214 -0.161391 -4.38539e-21)
(0.0416451 -0.0231191 4.04269e-21)
(0.0941108 -0.0591727 -3.84076e-21)
(0.127903 -0.0882707 0)
(0.150551 -0.108595 -2.15772e-20)
(0.166361 -0.122436 3.77667e-21)
(0.178386 -0.131829 1.26524e-21)
(0.188609 -0.138281 3.33442e-21)
(0.198253 -0.142805 1.26594e-21)
(0.207957 -0.14643 -2.31301e-21)
(0.218302 -0.149773 7.11029e-21)
(0.0396583 -0.0182619 0)
(0.091555 -0.0488457 2.24113e-20)
(0.126356 -0.0753863 -6.58792e-21)
(0.150511 -0.0948068 1.46174e-20)
(0.167881 -0.108597 -4.13024e-21)
(0.181347 -0.118277 -4.12213e-22)
(0.192877 -0.125085 -3.72334e-22)
(0.203737 -0.129923 -2.10544e-21)
(0.214615 -0.133746 -4.2431e-22)
(0.225998 -0.137092 3.24549e-21)
(0.0372394 -0.0138924 -2.23426e-21)
(0.0878916 -0.039191 -1.52661e-20)
(0.123294 -0.062939 0)
(0.148752 -0.0811118 -1.49733e-20)
(0.167629 -0.0945346 1.29453e-20)
(0.182568 -0.104254 2.63726e-21)
(0.195471 -0.111236 -6.20754e-21)
(0.207608 -0.116247 0)
(0.219699 -0.120132 0)
(0.232162 -0.123383 0)
(0.0344654 -0.010058 2.17978e-21)
(0.0832724 -0.0303791 5.91566e-21)
(0.11886 -0.0511845 -6.81687e-21)
(0.145372 -0.0677944 -8.23781e-21)
(0.16564 -0.0805123 -6.10137e-21)
(0.182028 -0.0899768 -3.58384e-21)
(0.196322 -0.0968942 0)
(0.20976 -0.101883 -2.62048e-21)
(0.223079 -0.105657 1.35133e-21)
(0.236634 -0.108683 0)
(0.0314053 -0.00678902 0)
(0.077863 -0.0225383 -1.20402e-20)
(0.113242 -0.0403297 6.8154e-21)
(0.140527 -0.0550978 5.65728e-21)
(0.16202 -0.0667674 -2.39909e-22)
(0.179774 -0.0756465 1.54241e-21)
(0.195424 -0.0822099 -1.53341e-21)
(0.210144 -0.0869326 0)
(0.224664 -0.090382 1.10286e-21)
(0.239277 -0.0930139 3.14613e-22)
(0.0281393 -0.00410265 -2.89367e-22)
(0.0718514 -0.0157558 4.54959e-21)
(0.10666 -0.0305265 3.95303e-22)
(0.134426 -0.0432115 -6.7841e-23)
(0.156931 -0.0534922 1.77803e-21)
(0.17591 -0.0614306 0)
(0.192821 -0.067311 1.53297e-21)
(0.208751 -0.0714793 0)
(0.224394 -0.0743502 0)
(0.23997 -0.0763724 0)
(0.0248225 -0.0019982 5.80602e-22)
(0.0655111 -0.0100698 0)
(0.0994327 -0.0218654 0)
(0.127382 -0.0322642 2.41798e-21)
(0.150648 -0.0408292 -5.69528e-22)
(0.170649 -0.0474616 1.2924e-22)
(0.18866 -0.0523038 9.67336e-22)
(0.20566 -0.0555978 0)
(0.222279 -0.0576056 0)
(0.238643 -0.0587536 0)
(0.0215188 -0.000438248 0)
(0.0590072 -0.00542265 2.03319e-21)
(0.0917835 -0.0143133 -1.87486e-21)
(0.119634 -0.0222578 -3.1674e-21)
(0.143389 -0.0288083 0)
(0.164169 -0.0337839 -2.24373e-21)
(0.183061 -0.0372351 2.08651e-21)
(0.200929 -0.039331 0)
(0.218314 -0.0401906 -2.20257e-21)
(0.235225 -0.040181 2.09953e-21)
(0.0182344 0.00061118 0)
(0.0524704 -0.00174356 -1.66248e-20)
(0.0839212 -0.00780129 0)
(0.111425 -0.0131462 -1.33007e-20)
(0.135394 -0.0174138 0)
(0.156675 -0.0204107 1.02208e-20)
(0.176182 -0.0221421 0)
(0.194663 -0.0227369 -6.55842e-21)
(0.212543 -0.0221897 6.14245e-21)
(0.229685 -0.0207707 4.69155e-21)
(0.0150264 0.00118796 4.48888e-21)
(0.0460527 0.00106105 8.24929e-21)
(0.076053 -0.00222065 3.79063e-21)
(0.102988 -0.00483865 6.71601e-21)
(0.126892 -0.00659299 6.08229e-21)
(0.148375 -0.00733615 -5.17832e-21)
(0.168192 -0.00706826 -4.68913e-21)
(0.186982 -0.00590746 -7.00268e-22)
(0.20504 -0.0037458 -6.72628e-21)
(0.222046 -0.000724105 -4.69426e-21)
(0.0119666 0.00134219 4.54758e-21)
(0.0398991 0.00311154 8.21482e-21)
(0.0683621 0.00257053 1.49072e-20)
(0.0945222 0.00278728 -6.87004e-21)
(0.118084 0.00372836 0)
(0.139452 0.0054483 0)
(0.15925 0.0079205 9.09715e-21)
(0.178021 0.0110152 7.71886e-21)
(0.195922 0.0149249 -7.05242e-21)
(0.212418 0.0196734 3.87768e-21)
(0.00912242 0.00113524 -4.39679e-21)
(0.0341308 0.0045456 -3.99144e-21)
(0.0609937 0.00672972 2.24189e-20)
(0.0861867 0.00986432 -3.41858e-20)
(0.10913 0.0136251 6.26692e-21)
(0.130064 0.017938 0)
(0.149505 0.0227277 0)
(0.167925 0.0278362 -4.19523e-20)
(0.185352 0.0335284 3.6015e-20)
(0.201022 0.0400469 1.6186e-20)
(0.00655318 0.000638161 -3.46029e-20)
(0.0288407 0.00550833 0)
(0.0540529 0.0104135 -2.99182e-20)
(0.0780944 0.0165177 2.74031e-20)
(0.100151 0.0231599 0)
(0.120334 0.0301119 -1.10462e-20)
(0.139086 0.0372363 3.0464e-20)
(0.156839 0.0443335 3.42537e-20)
(0.173526 0.051725 -1.58543e-20)
(0.188187 0.0599654 -1.2683e-20)
(0.00430702 -7.08384e-05 6.81805e-20)
(0.0240919 0.00614268 7.93679e-21)
(0.0476064 0.0137648 1.43766e-20)
(0.0703194 0.0228545 3.37365e-20)
(0.0912298 0.0323804 1.2352e-20)
(0.110356 0.0419429 1.11212e-20)
(0.128094 0.0513343 6.02059e-23)
(0.144867 0.0602917 0)
(0.160581 0.0691349 0)
(0.174167 0.0788635 -2.60572e-20)
(0.00241719 -0.000910835 -3.35782e-20)
(0.0199172 0.00657995 3.02641e-20)
(0.0416883 0.0169032 -2.18401e-20)
(0.0629049 0.0289584 -4.69643e-20)
(0.0824244 0.0413248 1.23371e-20)
(0.100201 0.053424 -1.13689e-20)
(0.11661 0.0649837 -9.97269e-21)
(0.132112 0.0756756 0)
(0.1467 0.0856571 0)
(0.159423 0.0963617 1.38414e-20)
(0.000899502 -0.00180379 3.96279e-21)
(0.0163219 0.00693112 -3.77634e-20)
(0.0363075 0.019919 6.91061e-21)
(0.0558752 0.0348902 0)
(0.0737746 0.0500291 0)
(0.0898991 0.0645655 -2.22625e-20)
(0.104565 0.0781163 0)
(0.118165 0.0901909 1.70216e-20)
(0.130767 0.100319 -1.1125e-21)
(0.142095 0.109735 -1.42389e-20)
(-0.000249703 -0.00268197 0)
(0.0132848 0.00727808 0)
(0.031454 0.0228681 2.61045e-20)
(0.0492497 0.0406923 0)
(0.0653351 0.058582 -1.15679e-20)
(0.0795128 0.0756729 1.07205e-20)
(0.0919237 0.0917149 0)
(0.102616 0.106767 0)
(0.111657 0.121297 1.33073e-20)
(0.120099 0.138039 -2.43862e-20)
(-0.00105218 -0.00349592 0)
(0.0107636 0.0076613 1.93458e-20)
(0.0271085 0.0257573 4.86287e-21)
(0.0430694 0.0463549 2.31855e-20)
(0.0572694 0.0669882 1.05043e-20)
(0.069475 0.0867969 2.99487e-20)
(0.0798042 0.105793 0)
(0.0884102 0.124584 0)
(0.096005 0.144162 0)
(0.104094 0.16605 7.40107e-22)
(-0.00154451 -0.00421565 0)
(0.00870371 0.00807952 4.65851e-21)
(0.0232506 0.0285391 -1.35857e-20)
(0.0373799 0.051796 -1.76255e-20)
(0.0497213 0.0751203 -1.44125e-21)
(0.0600702 0.0976918 -1.34034e-21)
(0.0686185 0.11973 -1.65239e-20)
(0.0756994 0.142066 1.45464e-20)
(0.0821601 0.165563 -2.45664e-20)
(0.0888977 0.190283 2.19688e-20)
(-0.00177091 -0.00483216 3.08744e-21)
(0.00704727 0.00849737 -1.84843e-20)
(0.0198563 0.0311265 -2.85333e-20)
(0.0322039 0.0568821 3.03456e-20)
(0.0427657 0.0827814 -2.01532e-20)
(0.0513843 0.108018 -1.86044e-20)
(0.0583222 0.132899 8.45676e-21)
(0.0640133 0.158189 -2.78575e-20)
(0.0691912 0.184294 2.59857e-21)
(0.0743333 0.210276 1.07436e-20)
(-0.00177909 -0.00535972 2.82902e-21)
(0.00573714 0.00884476 -2.68794e-21)
(0.0168982 0.0333994 0)
(0.0275564 0.0614418 -2.46582e-20)
(0.0364571 0.0897428 4.38717e-21)
(0.0434823 0.117442 -3.0997e-22)
(0.0489511 0.144826 7.27745e-21)
(0.0533436 0.172445 1.75879e-20)
(0.0572474 0.200229 1.14042e-22)
(0.0609616 0.22669 -1.18197e-20)
(-0.00161415 -0.00583239 0)
(0.00472389 0.00902383 1.40363e-20)
(0.0143522 0.0352127 -4.51014e-21)
(0.0234506 0.0652847 1.21802e-20)
(0.0308453 0.0957629 -3.91009e-21)
(0.0364436 0.125656 -6.43676e-22)
(0.0406065 0.155148 -6.52957e-22)
(0.0438278 0.18454 -1.08282e-20)
(0.0465608 0.213402 1.2872e-20)
(0.0490428 0.240033 -1.02152e-20)
(-0.00131297 -0.00629633 -1.13946e-21)
(0.00397108 0.00892284 -9.14518e-21)
(0.0121976 0.0364024 0)
(0.0198959 0.0682165 -1.16282e-20)
(0.0259694 0.100606 9.60931e-21)
(0.0303306 0.132394 2.92078e-21)
(0.0333662 0.163601 -8.45328e-21)
(0.0355652 0.194306 0)
(0.0372747 0.223861 0)
(0.0387064 0.250586 0)
(-0.000900749 -0.00679851 9.89628e-22)
(0.00345642 0.00843536 2.49599e-21)
(0.0104254 0.03681 -3.15037e-21)
(0.0168952 0.0700436 -4.41479e-21)
(0.0218443 0.104058 -4.7727e-21)
(0.0251742 0.137437 -2.21485e-21)
(0.0272691 0.170011 0)
(0.0286064 0.20168 -3.14964e-21)
(0.0294642 0.231702 1.85211e-21)
(0.030028 0.258543 0)
(-0.000390515 -0.00737975 0)
(0.0031744 0.00747058 -4.86386e-21)
(0.00902942 0.036299 3.14964e-21)
(0.0144387 0.0705803 2.86109e-21)
(0.0184639 0.105922 9.70515e-23)
(0.0209734 0.140616 1.20139e-21)
(0.0223202 0.174276 -6.68465e-22)
(0.0229635 0.206672 0)
(0.0231507 0.23705 1.09768e-21)
(0.0230269 0.26407 3.02595e-22)
(0.000213504 -0.00805503 -8.94192e-23)
(0.00313069 0.00598354 1.58552e-21)
(0.00800671 0.034772 1.33329e-22)
(0.0125109 0.0696761 -1.57606e-23)
(0.0158042 0.106026 7.72755e-22)
(0.0177011 0.141781 0)
(0.018493 0.176312 6.68236e-22)
(0.0186104 0.209287 0)
(0.0182944 0.239994 0)
(0.0176602 0.267273 0)
)
;

boundaryField
{
    inlet
    {
        type            uniformFixedValue;
        uniformValue    constant (1 0 0);
        value           uniform (1 0 0);
    }
    outlet
    {
        type            pressureInletOutletVelocity;
        value           nonuniform List<vector> 
40
(
(0.000651012 0.244964 0)
(-0.00139916 0.349595 0)
(0.00163211 0.442249 0)
(0.00413968 0.491512 0)
(0.00531527 0.508434 0)
(0.0065766 0.514841 0)
(0.00590884 0.533793 0)
(0.00487624 0.597155 0)
(-0.000453799 0.719418 0)
(-0.000591585 0.849784 0)
(0.00352358 0.201695 6.10292e-23)
(0.00426941 0.183274 -5.05142e-24)
(0.00490898 0.163866 6.48164e-23)
(0.00537635 0.142692 4.1142e-24)
(0.00553826 0.119206 -6.20169e-23)
(0.00536117 0.0933096 0)
(0.00488963 0.0654317 3.22696e-23)
(0.00423006 0.0364398 -5.98073e-23)
(0.00350587 0.00742942 -1.4415e-23)
(0 -0.0205348 0)
(0 -0.0466695 0)
(0 -0.0705797 0)
(0 -0.092199 0)
(0 -0.111688 0)
(0 -0.129332 0)
(0 -0.14545 0)
(0 -0.160347 0)
(0 -0.174291 0)
(0 -0.187507 0)
(0 -0.200185 0)
(0 -0.229442 0)
(0 -0.276729 0)
(0 -0.325266 0)
(0 -0.377845 0)
(0 -0.439683 0)
(0 -0.517031 0)
(0 -0.613786 0)
(0 -0.720755 0)
(0 -0.808911 0)
(0 -0.855311 0)
)
;
    }
    cylinder
    {
        type            fixedValue;
        value           uniform (0 0 0);
    }
    top
    {
        type            symmetryPlane;
    }
    bottom
    {
        type            symmetryPlane;
    }
    defaultFaces
    {
        type            empty;
    }
}


// ************************************************************************* //
