/*--------------------------------*- C++ -*----------------------------------*\
  =========                 |
  \\      /  F ield         | OpenFOAM: The Open Source CFD Toolbox
   \\    /   O peration     | Website:  https://openfoam.org
    \\  /    A nd           | Version:  7
     \\/     M anipulation  |
\*---------------------------------------------------------------------------*/
FoamFile
{
    version     2.0;
    format      ascii;
    class       surfaceScalarField;
    location    "76.7";
    object      phi;
}
// * * * * * * * * * * * * * * * * * * * * * * * * * * * * * * * * * * * * * //

dimensions      [0 3 -1 0 0 0 0];

internalField   nonuniform List<scalar> 
3880
(
-2.18469e-05
-0.000589651
0.000611498
-1.64975e-05
-0.00137555
0.0013702
3.2354e-05
-0.00180458
0.00175573
0.000134797
-0.00193003
0.00182758
0.000299707
-0.00178639
0.00162148
0.0005369
-0.00139623
0.00115904
0.000855409
-0.00077637
0.00045786
0.00126084
5.75769e-05
-0.000463009
0.0017522
0.00108714
-0.0015785
0.00228881
0.00231837
-0.00285498
-1.20792e-05
-0.000577572
1.34977e-05
-0.00140112
8.71511e-05
-0.00187823
0.000214914
-0.00205779
0.000403574
-0.00197505
0.000662299
-0.00165496
0.00100116
-0.00111523
0.00142823
-0.000369491
0.0019458
0.000569569
0.00168857
0.00254604
3.26804e-06
-0.00058084
5.80522e-05
-0.00145591
0.000168246
-0.00198843
0.000334326
-0.00222387
0.000559538
-0.00220026
0.000851078
-0.0019465
0.00121883
-0.00148298
0.00167255
-0.000823211
0.00221786
2.42574e-05
0.00105515
0.00285128
2.29475e-05
-0.000603788
0.000116423
-0.00154938
0.000274566
-0.00214657
0.000491847
-0.00244115
0.000767084
-0.0024755
0.00110443
-0.00228384
0.00151241
-0.00189096
0.00200139
-0.00131219
0.00257992
-0.000554279
0.000385843
0.00324923
4.72607e-05
-0.000651048
0.000186774
-0.0016889
0.000402459
-0.00236225
0.000682076
-0.00272077
0.00101956
-0.00281298
0.00141544
-0.00267972
0.00187603
-0.00235156
0.00241136
-0.00184752
0.00303187
-0.00117479
-0.000325809
0.00374352
7.49903e-05
-0.000726039
0.000265823
-0.00187973
0.000545441
-0.00264187
0.000894745
-0.00307007
0.00130282
-0.00322105
0.00176653
-0.00314344
0.00228971
-0.00287473
0.00288142
-0.00243923
0.0035531
-0.00184648
-0.00108708
0.00431438
0.000104718
-0.000830757
0.000349005
-0.00212402
0.000694339
-0.00298721
0.00111488
-0.00349061
0.00159524
-0.00370142
0.00212904
-0.00367724
0.00271783
-0.00346352
0.00336966
-0.00309106
0.00409659
-0.00257341
-0.00190065
0.00491016
0.000134723
-0.00096548
0.000430746
-0.00242004
0.000837881
-0.00339434
0.00132385
-0.00397658
0.00186941
-0.00424697
0.00246551
-0.00427334
0.00311186
-0.00410986
0.00381585
-0.00379505
0.00459072
-0.00334828
-0.00275902
0.0054491
0.000163071
-0.00112855
0.000504845
-0.00276181
0.000963626
-0.00385312
0.00150125
-0.00451421
0.00209533
-0.00484105
0.00273486
-0.00491287
0.00341793
-0.00479294
0.00415108
-0.00452821
0.00494951
-0.0041467
-0.00364242
0.00583291
0.000187732
-0.00131628
0.000564924
-0.00313901
0.00105907
-0.00434727
0.00162704
-0.00508218
0.00224439
-0.00545839
0.00289913
-0.00556761
0.00358817
-0.00548199
0.00431595
-0.00525598
0.00509678
-0.00492753
0.00597598
-0.00452162
0.00395393
0.0192872
-0.0209228
0.0053453
0.041915
-0.0433063
0.00575436
0.0636702
-0.0640793
0.00548927
0.0833859
-0.0831208
0.00484899
0.103171
-0.10253
0.00396047
0.124412
-0.123524
0.00289683
0.148211
-0.147147
0.00166511
0.178387
-0.177155
0.000574889
0.222314
-0.221224
0.275
-0.274425
0.0043045
0.0175288
0.00604984
0.0401696
0.00676585
0.0629542
0.0066868
0.083465
0.00612986
0.103728
0.00523427
0.125308
0.00407686
0.149368
0.00266626
0.179797
0.00119923
0.223781
0.276199
0.0046443
0.0157357
0.00670889
0.038105
0.00774978
0.0619133
0.00787563
0.0833391
0.00741164
0.104192
0.006512
0.126208
0.0052607
0.15062
0.00366686
0.181391
0.00182718
0.225621
0.278027
0.00498042
0.0140046
0.00729898
0.0357865
0.0086777
0.0605346
0.00902944
0.0829874
0.0086723
0.104549
0.00777623
0.127104
0.00643499
0.151961
0.00465985
0.183166
0.00244798
0.227833
0.280475
0.00532512
0.012423
0.00780348
0.0333081
0.0095227
0.0588153
0.0101225
0.0823876
0.00988993
0.104781
0.00900915
0.127985
0.00758593
0.153384
0.00563388
0.185119
0.00305707
0.23041
0.283532
0.00568697
0.0110504
0.00821498
0.0307801
0.010261
0.0567694
0.0111302
0.0815183
0.0110428
0.104869
0.0101917
0.128836
0.00869794
0.154878
0.0065774
0.187239
0.00364745
0.23334
0.287179
0.00605966
0.00990087
0.00853347
0.0283063
0.0108734
0.0544294
0.0120307
0.0803611
0.012114
0.104785
0.011312
0.129638
0.00976253
0.156427
0.0074843
0.189517
0.00421786
0.236606
0.291397
0.00640704
0.00894292
0.00875754
0.0259558
0.0113459
0.0518411
0.0128015
0.0789055
0.013076
0.104511
0.012341
0.130373
0.0107543
0.158014
0.0083373
0.191934
0.00475644
0.240187
0.296153
0.00665114
0.00812468
0.00886987
0.0237371
0.0116643
0.0490466
0.0134432
0.0771266
0.013949
0.104005
0.0133051
0.131016
0.0116969
0.159622
0.00914826
0.194483
0.00527061
0.244065
0.301424
0.00674363
0.00735703
0.00891476
0.021566
0.0118225
0.0461389
0.0138755
0.0750735
0.0146282
0.103252
0.0141104
0.131534
0.0125409
0.161192
0.00987198
0.197152
0.00577285
0.248164
0.307197
0.0196104
0.012914
-0.0251673
0.0152281
0.0259483
0.0135565
0.0478105
0.0124171
0.0762129
0.0107947
0.104875
0.00869862
0.13363
0.00611632
0.163774
0.00306791
0.2002
0.000471781
0.25076
0.307669
0.0205475
0.0170562
-0.0246897
0.0157476
0.0307482
0.0131314
0.0504267
0.0117806
0.0775637
0.0102198
0.106435
0.00818725
0.135663
0.00566828
0.166293
0.00277832
0.20309
0.000380808
0.253157
0.308049
0.0203189
0.01956
-0.0228227
0.0161532
0.0349138
0.013006
0.0535739
0.0111958
0.079374
0.00952178
0.108109
0.00755534
0.137629
0.0051868
0.168662
0.00247522
0.205802
0.000287475
0.255345
0.308337
0.019156
0.0208817
-0.0204777
0.0159017
0.0381682
0.0128103
0.0566653
0.0107955
0.0813888
0.00906091
0.109844
0.00714252
0.139548
0.00486481
0.170939
0.00232281
0.208344
0.00027826
0.25739
0.308615
0.0175749
0.0213069
-0.0180001
0.0151641
0.0405789
0.0123931
0.0594363
0.0103239
0.083458
0.00854873
0.111619
0.00667541
0.141421
0.00450737
0.173107
0.00210959
0.210742
0.000214203
0.259285
0.308829
0.0157295
0.0209217
-0.0153443
0.0141052
0.0422033
0.0117292
0.0618124
0.00985688
0.0853303
0.00822657
0.11325
0.00643443
0.143213
0.00433361
0.175208
0.00204869
0.213027
0.000243209
0.261091
0.309073
0.0138075
0.0197369
-0.0126228
0.0130398
0.042971
0.0110733
0.0637789
0.00925291
0.0871506
0.00770404
0.114798
0.00604743
0.14487
0.00408147
0.177174
0.00190366
0.215204
0.000203329
0.262791
0.309276
0.0117294
0.0178686
-0.00986111
0.0117179
0.0429824
0.0103767
0.0651202
0.00890841
0.0886189
0.00749735
0.116209
0.0059076
0.14646
0.00399507
0.179087
0.0019165
0.217283
0.000272905
0.264435
0.309549
0.0102613
0.0151354
-0.0075281
0.0110187
0.0422251
0.00994173
0.0661972
0.00846893
0.0900917
0.00711846
0.11756
0.00564642
0.147932
0.00382988
0.180903
0.00182802
0.219285
0.000251158
0.266011
0.3098
0.00772164
-0.00433757
0.00980832
0.00979959
0.00863744
0.00726159
0.00570555
0.00391252
0.0018997
0.000372109
0.00618861
-0.0255489
-0.00580701
0.0058943
-0.0243954
0.00524481
-0.0221732
0.0044743
-0.0197072
0.00364209
-0.0171679
0.00276506
-0.0144673
0.00184845
-0.0117062
0.000933497
-0.00894616
-0.00016078
-0.00643382
-0.00349763
0.00529191
-0.0255218
-0.00531902
0.00469811
-0.0238016
0.00387602
-0.0213511
0.00298693
-0.0188181
0.00206217
-0.0162432
0.00111315
-0.0135183
0.000141895
-0.0107349
-0.00080689
-0.00799738
-0.00184609
-0.00539462
-0.00268725
0.00419117
-0.0251493
-0.0045637
0.00334823
-0.0229586
0.00239048
-0.0203933
0.0014044
-0.017832
0.000408353
-0.0152471
-0.000585955
-0.012524
-0.00157363
-0.00974724
-0.00252816
-0.00704284
-0.00348593
-0.00443685
-0.00197524
0.00288201
-0.0244939
-0.0035374
0.00185428
-0.0219309
0.000800505
-0.0193395
-0.000251009
-0.0167805
-0.0012849
-0.0142132
-0.0022958
-0.0115131
-0.00326845
-0.00877459
-0.00418209
-0.0061292
-0.00502961
-0.00358934
-0.00138685
0.00138367
-0.0236048
-0.00227279
0.000233647
-0.0207809
-0.000871913
-0.018234
-0.00195206
-0.0157004
-0.0029917
-0.0131736
-0.00398191
-0.0105229
-0.00490536
-0.00785114
-0.00574147
-0.00529309
-0.00645739
-0.00287342
-0.000930033
-0.00024034
-0.0225418
-0.000822622
-0.00146751
-0.0195537
-0.00258966
-0.0171118
-0.00366265
-0.0146274
-0.00467221
-0.012164
-0.00560889
-0.00958619
-0.00645353
-0.0070065
-0.00718496
-0.00456166
-0.00775986
-0.00229851
-0.000601395
-0.00195413
-0.0213316
0.000743927
-0.00319667
-0.0183112
-0.00430082
-0.0160077
-0.00533558
-0.0135926
-0.00628629
-0.0112133
-0.00714318
-0.00872931
-0.00788769
-0.00626199
-0.0084989
-0.00395046
-0.00893457
-0.00186284
-0.000389485
-0.00366945
-0.0200227
0.00236056
-0.00489423
-0.0170864
-0.00595473
-0.0149472
-0.00692669
-0.0126207
-0.0077974
-0.0103426
-0.00855692
-0.00796979
-0.00918991
-0.005629
-0.00967701
-0.00346336
-0.0099844
-0.00155545
-0.000277792
-0.00532774
-0.0186639
0.00396892
-0.00650684
-0.0159073
-0.0075056
-0.0139484
-0.00839771
-0.0117285
-0.00917607
-0.00956427
-0.00983008
-0.00731577
-0.0103501
-0.00510898
-0.0107194
-0.0030941
-0.0109159
-0.00135889
-0.000247202
-0.00687451
-0.0172968
0.00550746
-0.00798956
-0.0147922
-0.00891618
-0.0130218
-0.00971919
-0.0109255
-0.0104016
-0.00888184
-0.010951
-0.00676638
-0.0113653
-0.00469467
-0.0116308
-0.00282864
-0.0117378
-0.00125188
-0.000277747
-0.008267
-0.0159556
0.00692578
-0.00930798
-0.0137513
-0.0101596
-0.0121702
-0.0108716
-0.0102136
-0.0114625
-0.0082909
-0.0119158
-0.00631306
-0.0122385
-0.004372
-0.0124193
-0.00264784
-0.0124597
-0.00121154
-0.00034968
-0.00948153
-0.0146656
0.00819147
-0.0104421
-0.0127907
-0.0112215
-0.0113908
-0.0118465
-0.00958853
-0.0123562
-0.00778121
-0.0127276
-0.00594164
-0.0129769
-0.00412271
-0.0130948
-0.00252993
-0.0130913
-0.00121508
-0.00044401
-0.0105022
-0.0134443
0.0092809
-0.0113807
-0.0119122
-0.0120955
-0.010676
-0.0126431
-0.00904095
-0.013086
-0.00733826
-0.0133937
-0.00563399
-0.0135902
-0.00392612
-0.0136679
-0.00245226
-0.0136423
-0.00124069
-0.000542704
-0.0113253
-0.0123009
0.010182
-0.012123
-0.0111146
-0.012784
-0.0100149
-0.0132675
-0.00855746
-0.0136604
-0.00694534
-0.0139246
-0.00536986
-0.0140897
-0.00376095
-0.0141494
-0.00239259
-0.0141221
-0.00126804
-0.000628719
-0.0119563
-0.0112352
0.0108905
-0.0126765
-0.0103944
-0.0132957
-0.00939574
-0.0137314
-0.00812182
-0.0140914
-0.00658528
-0.0143329
-0.00512836
-0.0144874
-0.00360649
-0.0145501
-0.00232984
-0.0145398
-0.00127838
-0.000685917
-0.0124067
-0.0102353
0.0114069
-0.0130551
-0.00974596
-0.0136433
-0.00880758
-0.0140492
-0.00771593
-0.0143927
-0.00624172
-0.0146321
-0.00488902
-0.0147953
-0.00344331
-0.0148806
-0.00224446
-0.0149046
-0.00125446
-0.000698947
-0.012691
-0.00927722
0.0117328
-0.0132772
-0.00915974
-0.0138417
-0.00824309
-0.0142369
-0.00732071
-0.0145789
-0.00589972
-0.0148353
-0.00463258
-0.0150252
-0.00325348
-0.0151512
-0.0021184
-0.0152254
-0.00118029
-0.000653123
-0.0128151
-0.00833232
0.0118702
-0.0133577
-0.00861712
-0.0139033
-0.00769748
-0.0143083
-0.0069157
-0.0146632
-0.00554482
-0.0149549
-0.00434087
-0.0151881
-0.00302024
-0.0153716
-0.00193494
-0.0155112
-0.00104074
-0.000534266
-0.0127761
-0.00738384
0.0118276
-0.0133115
-0.00808173
-0.0138421
-0.00716688
-0.0142771
-0.00648066
-0.0146591
-0.00516285
-0.0150028
-0.00399723
-0.0152949
-0.00272807
-0.0155513
-0.00167855
-0.0157706
-0.000821431
-0.000328489
-0.0126258
-0.00640859
0.0116506
-0.0131932
-0.00751439
-0.0136916
-0.00666845
-0.0141603
-0.00601195
-0.0145796
-0.00474352
-0.0149871
-0.00358979
-0.0153538
-0.00236139
-0.0156983
-0.00133396
-0.0160137
-0.000506045
-2.30996e-05
-0.0558029
-0.00610815
0.0555024
-0.0572822
-0.00603505
-0.0587921
-0.00515858
-0.0602985
-0.00450549
-0.0615316
-0.00351047
-0.0625007
-0.00262066
-0.0631483
-0.00171379
-0.0635155
-0.000966724
-0.0636483
-0.000373314
-2.83731e-05
-0.0655357
-0.00591885
0.0653463
-0.0664418
-0.00512889
-0.0673046
-0.00429583
-0.0682629
-0.0035471
-0.0690399
-0.00273352
-0.0696562
-0.00200431
-0.0700564
-0.00131366
-0.0702714
-0.000751646
-0.0703371
-0.000307612
-3.52381e-05
-0.0772672
-0.00588869
0.077237
-0.0777296
-0.00466647
-0.0782163
-0.00380911
-0.0787992
-0.00296428
-0.0792641
-0.00226853
-0.0796515
-0.0016169
-0.0798849
-0.00108029
-0.0800076
-0.000628947
-0.0800312
-0.000284023
-3.89508e-05
-0.0919186
-0.00587235
0.0919023
-0.092224
-0.00436113
-0.0925131
-0.00352004
-0.0928922
-0.00258512
-0.0931722
-0.00198851
-0.0934282
-0.00136098
-0.093567
-0.000941463
-0.0936523
-0.000543586
-0.0936618
-0.000274548
-3.67491e-05
-0.109795
-0.00563123
0.109553
-0.110122
-0.0040337
-0.110389
-0.00325269
-0.110705
-0.00226964
-0.110924
-0.00176897
-0.111138
-0.00114714
-0.111256
-0.000823278
-0.111353
-0.000446935
-0.111384
-0.000243751
-1.86698e-05
-0.129884
-0.00505869
0.129312
-0.13037
-0.0035478
-0.130759
-0.00286401
-0.131109
-0.00191984
-0.131365
-0.00151248
-0.131593
-0.000919555
-0.131742
-0.000673596
-0.13188
-0.000309528
-0.13195
-0.000173113
1.13019e-05
-0.14988
-0.00412506
0.148946
-0.150575
-0.00285248
-0.151142
-0.00229745
-0.151566
-0.00149603
-0.151898
-0.00118056
-0.15215
-0.000667679
-0.152343
-0.000480573
-0.152496
-0.000156343
-0.152588
-8.08085e-05
3.97497e-05
-0.166918
-0.00289695
0.165689
-0.16779
-0.00197989
-0.168499
-0.00158866
-0.168981
-0.00101426
-0.169365
-0.00079619
-0.169615
-0.000418001
-0.169811
-0.000284733
-0.169926
-4.04685e-05
-0.169996
-1.1209e-05
4.7571e-05
-0.178871
-0.00149366
0.177468
-0.179847
-0.00100416
-0.180632
-0.000803117
-0.181141
-0.000505533
-0.181541
-0.000396361
-0.181763
-0.00019599
-0.181921
-0.000126052
-0.181967
5.47513e-06
-0.18199
1.17676e-05
3.14586e-05
-0.184946
0.183453
-0.18595
-0.186754
-0.187259
-0.187655
-0.187851
-0.187978
-0.187972
-0.18796
-0.012852
0.0565239
0.0118306
-0.0135253
0.0660196
-0.0140623
0.077774
-0.0143377
0.0921777
-0.0141234
0.109339
-0.0131137
0.128302
-0.0110885
0.146921
-0.00805259
0.162653
-0.00423925
0.173654
0.179213
-0.0121659
0.0572549
0.0114349
-0.0127956
0.0666493
-0.0132688
0.0782472
-0.0134571
0.092366
-0.0131612
0.109043
-0.0121214
0.127262
-0.0101704
0.14497
-0.00734024
0.159823
-0.00384794
0.170162
0.175365
-0.0115277
0.0579214
0.0108611
-0.0120948
0.0672165
-0.0124934
0.0786458
-0.012609
0.0924817
-0.0122622
0.108696
-0.0112297
0.12623
-0.0093771
0.143118
-0.0067442
0.15719
-0.00352783
0.166946
0.171838
-0.0107932
0.0585666
0.010148
-0.0113025
0.0677257
-0.0116207
0.078964
-0.011663
0.092524
-0.0112734
0.108307
-0.0102636
0.12522
-0.00852822
0.141382
-0.00611175
0.154774
-0.00318995
0.164024
0.168648
-0.00994335
0.0591833
0.0093266
-0.0103992
0.0681816
-0.0106459
0.0792107
-0.0106267
0.0925048
-0.0102101
0.10789
-0.00924117
0.124251
-0.00764043
0.139782
-0.00545489
0.152588
-0.00284022
0.161409
0.165807
-0.00899807
0.0597607
0.00842068
-0.0093931
0.0685766
-0.0095723
0.0793899
-0.00950301
0.0924356
-0.00907617
0.107463
-0.00816778
0.123343
-0.00671982
0.138334
-0.00477936
0.150648
-0.00248208
0.159112
0.163325
-0.00797743
0.0602892
0.00744895
-0.00830539
0.0689046
-0.00841769
0.0795022
-0.00830621
0.0923241
-0.00788261
0.10704
-0.00705152
0.122511
-0.0057723
0.137054
-0.00408935
0.148965
-0.00211783
0.15714
0.161208
-0.00689746
0.0607568
0.00642979
-0.00715653
0.0691636
-0.00720345
0.0795491
-0.00705648
0.0921771
-0.00664668
0.10663
-0.00590567
0.12177
-0.00480693
0.135956
-0.0033903
0.147548
-0.00175001
0.1555
0.159458
-0.00577554
0.0611498
0.00538263
-0.0059666
0.0693547
-0.00595025
0.0795328
-0.00577436
0.0920012
-0.00538677
0.106242
-0.00474514
0.121129
-0.00383444
0.135045
-0.00268881
0.146403
-0.00138175
0.154193
0.158076
-0.00463
0.0614519
0.00432783
-0.0047572
0.0694819
-0.00467817
0.0794537
-0.00447963
0.0918027
-0.00412018
0.105883
-0.00358429
0.120593
-0.00286549
0.134326
-0.00199179
0.145529
-0.00101646
0.153218
0.157059
-0.00349154
0.0616525
0.00329096
-0.00355528
0.0695456
-0.00341279
0.0793113
-0.00319567
0.0915856
-0.00286684
0.105554
-0.00243945
0.120166
-0.00191243
0.133799
-0.00130728
0.144924
-0.000658106
0.152568
0.156401
-0.0023846
0.0617533
0.00228375
-0.00237763
0.0695387
-0.00217832
0.0791119
-0.00194177
0.091349
-0.0016447
0.105257
-0.00132263
0.119843
-0.000983121
0.13346
-0.000641639
0.144582
-0.000309915
0.152237
0.156091
-0.00134306
0.0617694
0.00132704
-0.00125237
0.069448
-0.00100978
0.0788694
-0.000751538
0.0910908
-0.000489753
0.104995
-0.000269313
0.119623
-0.0001111
0.133301
-2.27831e-05
0.144494
1.12153e-05
0.152203
0.156103
-0.000399917
0.0617404
0.000428877
-0.000208856
0.0692569
4.29928e-05
0.0786175
0.000365587
0.0907682
0.000614251
0.104747
0.00075141
0.119486
0.000746083
0.133307
0.000598111
0.144642
0.000336288
0.152464
0.156439
0.000500029
0.0616452
-0.000404828
0.000792863
0.0689641
0.00112462
0.0782858
0.0014446
0.0904482
0.00166525
0.104526
0.00171323
0.119438
0.00154754
0.133472
0.00117236
0.145017
0.000635218
0.153002
0.157074
0.00134758
0.0614669
-0.00116925
0.00170806
0.0686036
0.00207846
0.0779154
0.00242128
0.0901054
0.00262368
0.104324
0.00259558
0.119466
0.00228516
0.133783
0.00170137
0.145601
0.000909809
0.153793
0.157984
0.0020914
0.0612473
-0.0018718
0.00252523
0.0681698
0.00293112
0.0775095
0.00329758
0.0897389
0.00348927
0.104132
0.00339814
0.119557
0.00295967
0.134221
0.0021862
0.146375
0.0011608
0.154819
0.159145
0.0027442
0.0610243
-0.00252119
0.00324221
0.0676718
0.00367615
0.0770755
0.00406044
0.0893546
0.00424301
0.103949
0.00409878
0.119701
0.00354982
0.13477
0.00261036
0.147314
0.00137888
0.15605
0.160524
0.00333509
0.0608283
-0.00313914
0.0038822
0.0671247
0.00434349
0.0766142
0.00474583
0.0889523
0.00492641
0.103769
0.00473968
0.119888
0.00409198
0.135418
0.00299951
0.148406
0.00157765
0.157472
0.162101
0.00374403
0.0608135
-0.00372924
0.00429756
0.0665711
0.00478459
0.0761272
0.00519471
0.0885422
0.00537351
0.10359
0.00516332
0.120098
0.00445474
0.136127
0.00326077
0.1496
0.00170681
0.159026
0.163808
-0.0412992
0.0557692
0.0463435
-0.0372871
0.0625591
-0.0346428
0.0734829
-0.0319064
0.0858058
-0.0287218
0.100405
-0.0246902
0.116067
-0.0196306
0.131067
-0.0136356
0.143605
-0.0069737
0.152364
0.156834
-0.050238
0.0514912
0.054516
-0.0466577
0.0589787
-0.0434318
0.070257
-0.0397889
0.0821629
-0.0356408
0.0962571
-0.030466
0.110892
-0.0241237
0.124725
-0.0167352
0.136217
-0.00860402
0.144233
0.14823
-0.0604967
0.0473722
0.0646158
-0.0568507
0.0553327
-0.0529081
0.0663144
-0.0483612
0.077616
-0.0430643
0.0909603
-0.0364755
0.104303
-0.028636
0.116885
-0.0196998
0.127281
-0.00998071
0.134514
0.13825
-0.0729157
0.0434618
0.0768261
-0.0687227
0.0511398
-0.0639171
0.0615088
-0.0583573
0.0720562
-0.0517074
0.0843104
-0.0434895
0.0960853
-0.0339486
0.107344
-0.0232888
0.116621
-0.011907
0.123132
0.126343
-0.0867667
0.0389069
0.0913215
-0.0817499
0.0461231
-0.0758557
0.0556146
-0.0688221
0.0650226
-0.0602872
0.0757755
-0.0500621
0.0858601
-0.0385775
0.0958596
-0.0260266
0.10407
-0.0129321
0.110037
0.11341
-0.10288
0.034297
0.10749
-0.0967026
0.0399457
-0.0894548
0.0483668
-0.080621
0.0561888
-0.0700941
0.0652486
-0.0579242
0.0736903
-0.0444326
0.082368
-0.0299158
0.089553
-0.0151844
0.0953061
0.0982261
-0.118341
0.027862
0.124776
-0.110854
0.0324592
-0.101844
0.0393565
-0.0907366
0.0450816
-0.0779064
0.0524184
-0.0632891
0.059073
-0.0472017
0.0662806
-0.0301863
0.0725376
-0.0136761
0.0787959
0.08455
-0.134866
0.0214384
0.141289
-0.12612
0.0237139
-0.115541
0.0287771
-0.102917
0.0324577
-0.0885819
0.0380832
-0.0722469
0.0427379
-0.0545061
0.0485398
-0.0360472
0.0540787
-0.0189884
0.0617371
0.0655615
-0.148899
0.01036
0.159978
-0.137033
0.0118477
-0.122796
0.01454
-0.106778
0.0164398
-0.0882924
0.0195976
-0.0677494
0.0221949
-0.0450839
0.0258743
-0.0211785
0.0301733
0.00143588
0.0391228
0.0669974
-0.246788
0.257148
-0.23494
-0.2204
-0.20396
-0.184363
-0.162168
-0.136293
-0.10612
-0.0669974
0.00183694
0.047972
-0.00346543
0.000371952
0.055981
-0.000669336
0.0656571
-0.0014286
0.0775854
-0.00190305
0.091796
-0.00207932
0.107666
-0.00185341
0.12455
-0.00141318
0.140849
-0.00187307
0.160437
0.255275
0.00222691
0.0495716
-0.0038265
0.00081091
0.057397
-0.000295324
0.0667633
-0.00108933
0.0783794
-0.00161158
0.0923182
-0.0018226
0.107877
-0.00167911
0.124406
-0.00128414
0.140454
-0.00166393
0.160817
0.253611
0.0026986
0.0510684
-0.00419546
0.0013249
0.0587706
0.000225543
0.0678627
-0.000583649
0.0791886
-0.00112801
0.0928626
-0.00138395
0.108133
-0.00131979
0.124342
-0.00102965
0.140164
-0.00145609
0.161244
0.252155
0.00316807
0.0524679
-0.00456758
0.0018413
0.0600974
0.000786317
0.0689176
-6.21905e-05
0.0800371
-0.000571091
0.0933715
-0.000874402
0.108436
-0.000867334
0.124335
-0.000714226
0.140011
-0.00118768
0.161717
0.250967
0.00362848
0.0537703
-0.00493081
0.00236804
0.0613579
0.00136339
0.0699223
0.000570369
0.0808301
2.86153e-06
0.093939
-0.000323971
0.108763
-0.000356798
0.124368
-0.000351882
0.140006
-0.000872528
0.162238
0.250094
0.00409798
0.0549462
-0.00527393
0.00292777
0.0625281
0.00198135
0.0708687
0.00123541
0.081576
0.000698409
0.094476
0.00031316
0.109148
0.000209214
0.124472
4.92267e-05
0.140166
-0.000516949
0.162804
0.249577
0.00457556
0.0559595
-0.00558884
0.00351869
0.0635849
0.0026409
0.0717465
0.00194441
0.0822725
0.00142062
0.0949998
0.00103073
0.109538
0.00081605
0.124686
0.000581044
0.140401
-0.000117739
0.163503
0.24946
0.00505328
0.0567744
-0.00586814
0.00412982
0.0645084
0.00333169
0.0725446
0.0026916
0.0829126
0.00218576
0.0955056
0.0017799
0.109944
0.00147681
0.12499
0.00111888
0.140759
0.00028416
0.164338
0.249744
0.00552447
0.0573533
-0.00610342
0.00474947
0.0652834
0.00404177
0.0732523
0.00346572
0.0834887
0.00298525
0.0959861
0.00256246
0.110367
0.00217433
0.125378
0.0016848
0.141249
0.00071056
0.165312
0.250454
0.00597622
0.0576619
-0.00628479
0.00536497
0.0658947
0.00475915
0.0738581
0.00425464
0.0839932
0.00380817
0.0964326
0.00336944
0.110806
0.00289804
0.125849
0.00227616
0.14187
0.00116011
0.166428
0.251615
0.0063889
0.0576717
-0.00639873
0.00595786
0.0663257
0.00546732
0.0743487
0.00504078
0.0844197
0.0046354
0.096838
0.0041851
0.111256
0.00363506
0.126399
0.00288292
0.142623
0.00162212
0.167689
0.253237
0.00675399
0.0573646
-0.0064469
0.00652019
0.0665595
0.00615759
0.0747113
0.00581606
0.0847612
0.0054584
0.0971956
0.00500276
0.111712
0.00437992
0.127022
0.00350057
0.143502
0.00209308
0.169096
0.25533
0.00705218
0.0567369
-0.0064245
0.00703202
0.0665797
0.00680794
0.0749354
0.00655893
0.0850102
0.00625636
0.0974982
0.00580433
0.112164
0.00511722
0.127709
0.00411766
0.144501
0.00256559
0.170648
0.257895
0.00727112
0.055801
-0.00633524
0.00747816
0.0663726
0.00740153
0.075012
0.00725184
0.0851599
0.00701237
0.0977377
0.00657445
0.112602
0.00583385
0.12845
0.00472455
0.145611
0.00303269
0.17234
0.260928
0.00740138
0.054588
-0.00618839
0.0078452
0.0659288
0.00792289
0.0749343
0.0078781
0.0852047
0.00771061
0.0979052
0.00729824
0.113014
0.00651786
0.12923
0.00531237
0.146816
0.00348874
0.174164
0.264417
0.00743831
0.0531498
-0.00600011
0.00812279
0.0652443
0.00835743
0.0746997
0.0084223
0.0851398
0.00833553
0.0979919
0.00795972
0.11339
0.00715556
0.130034
0.00587036
0.148101
0.00392462
0.176109
0.268341
0.00738569
0.0515573
-0.00579312
0.00830366
0.0643264
0.00869511
0.0743082
0.00887354
0.0849614
0.00887511
0.0979903
0.00854962
0.113715
0.00774063
0.130843
0.00639406
0.149448
0.00433717
0.178166
0.272679
0.00725934
0.0498896
-0.00559168
0.00838463
0.0632011
0.00892657
0.0737663
0.00921634
0.0846716
0.0093086
0.0978981
0.00904352
0.11398
0.00824829
0.131638
0.00686574
0.150831
0.0047111
0.180321
0.27739
0.0070767
0.0482106
-0.00539771
0.00837947
0.0618983
0.0090737
0.073072
0.00947657
0.0842688
0.00966458
0.0977101
0.00947136
0.114174
0.0087036
0.132406
0.0073025
0.152232
0.0050548
0.182569
0.282444
0.00678391
0.0465355
-0.0051088
0.00814966
0.0605325
0.00899663
0.0722251
0.00950933
0.0837561
0.0098008
0.0974186
0.00969499
0.114279
0.00899977
0.133101
0.00761255
0.153619
0.00535593
0.184825
0.2878
-0.0222417
0.0453969
0.0233803
-0.0193499
0.0576407
-0.016121
0.0689961
-0.012717
0.0803521
-0.00933124
0.0940329
-0.00577407
0.110722
-0.00209478
0.129422
0.000853899
0.15067
0.00111218
0.184567
0.288913
-0.0363932
0.0429845
0.0388057
-0.0328058
0.0540533
-0.0283194
0.0645098
-0.0234506
0.0754832
-0.0184275
0.0890098
-0.0129758
0.105271
-0.00724013
0.123686
-0.00224335
0.145673
-0.000427459
0.182751
0.288485
-0.0517616
0.0398675
0.0548786
-0.0471273
0.049419
-0.0413357
0.0587182
-0.035099
0.0692465
-0.0284558
0.0823665
-0.0209638
0.0977787
-0.0129669
0.115689
-0.00576182
0.138468
-0.0019289
0.178918
0.286556
-0.0686267
0.0360173
0.0724769
-0.0626703
0.0434625
-0.0557818
0.0518297
-0.0482658
0.0617304
-0.0397954
0.0738961
-0.0300135
0.0879968
-0.0195768
0.105253
-0.00996324
0.128855
-0.00376993
0.172725
0.282786
-0.0873649
0.0308526
0.0925296
-0.0803723
0.03647
-0.0726792
0.0441366
-0.0636332
0.0526844
-0.0530421
0.0633051
-0.0408631
0.0758178
-0.0278745
0.0922642
-0.015514
0.116494
-0.00632249
0.163533
0.276464
-0.1088
0.0252793
0.114374
-0.100877
0.0285465
-0.0920057
0.0352655
-0.0810989
0.0417776
-0.0684848
0.050691
-0.0541582
0.0614912
-0.0387654
0.0768714
-0.0235569
0.101286
-0.0108283
0.150805
0.265635
-0.132895
0.0178283
0.140346
-0.124514
0.020166
-0.114676
0.0254271
-0.102613
0.029715
-0.0888958
0.0369737
-0.0729778
0.0455732
-0.0557819
0.0596756
-0.0376276
0.0831313
-0.0195639
0.132741
0.246072
-0.164221
0.0102789
0.17177
-0.155225
0.0111701
-0.1445
0.0147024
-0.131994
0.0172082
-0.117576
0.0225559
-0.100961
0.0289587
-0.082486
0.0412004
-0.0620991
0.0627444
-0.0371359
0.107778
0.208936
-0.21878
0.00315526
0.225904
-0.211347
0.00373728
-0.201956
0.00531164
-0.191568
0.00681987
-0.17883
0.00981767
-0.16391
0.0140386
-0.144837
0.0221276
-0.118443
0.0363506
-0.0755759
0.0649107
0.13336
-0.296474
0.299629
-0.292736
-0.287425
-0.280605
-0.270787
-0.256749
-0.234621
-0.19827
-0.13336
0.00240532
0.024454
-0.003479
0.000558443
0.0406526
-0.00119843
0.0566355
-0.00273801
0.0740164
-0.00396847
0.0937601
-0.00494089
0.115346
-0.00543095
0.140836
-0.00569758
0.172037
-0.00440777
0.224614
0.295221
0.00220024
0.0251708
-0.002917
0.000672361
0.0421804
-0.000965726
0.0582736
-0.00246464
0.0755154
-0.00369736
0.0949928
-0.00465821
0.116307
-0.00518235
0.14136
-0.00546424
0.172319
-0.00422963
0.223379
0.290992
0.00212018
0.0255728
-0.0025222
0.000896621
0.043404
-0.000575436
0.0597457
-0.00196764
0.0769076
-0.00315173
0.0961769
-0.00408708
0.117242
-0.00465375
0.141926
-0.00492521
0.17259
-0.0038638
0.222318
0.287128
0.0021265
0.0257008
-0.00225449
0.0011917
0.0443388
-0.000120151
0.0610575
-0.00137219
0.0781596
-0.00247992
0.0972846
-0.00339717
0.118159
-0.00399393
0.142523
-0.00431146
0.172908
-0.00343661
0.221443
0.283691
0.00221048
0.025571
-0.00208075
0.00157157
0.0449777
0.000478838
0.0621503
-0.000690636
0.0793291
-0.00171819
0.0983122
-0.00261554
0.119057
-0.00324913
0.143157
-0.00363339
0.173292
-0.00295921
0.220769
0.280732
0.00237608
0.0251775
-0.0019825
0.00204363
0.0453102
0.00117385
0.06302
8.25671e-05
0.0804204
-0.000850126
0.0992449
-0.0017373
0.119944
-0.00241663
0.143836
-0.00288835
0.173764
-0.00243977
0.22032
0.278292
0.00261355
0.0245119
-0.00194795
0.00260049
0.0453232
0.00196165
0.0636589
0.00105312
0.0813289
0.000128224
0.10017
-0.000767248
0.120839
-0.00148631
0.144555
-0.00207867
0.174356
-0.0018845
0.220126
0.276408
0.00290805
0.0235721
-0.00196826
0.00322863
0.0450026
0.002831
0.0640565
0.00207514
0.0820848
0.00122042
0.101024
0.000299673
0.12176
-0.000451202
0.145306
-0.00121641
0.175121
-0.00129753
0.220207
0.27511
0.00324224
0.0223671
-0.0020373
0.00391058
0.0443343
0.0037655
0.0642016
0.00316558
0.0826847
0.00237693
0.101813
0.00149465
0.122642
0.000625799
0.146175
-0.000328265
0.176075
-0.000679771
0.220559
0.27443
0.00359734
-0.00215299
0.00462531
0.00474761
0.00431146
0.00359424
0.00271275
0.00174027
0.00066051
-5.04606e-06
0.000207411
-0.00152369
0.000605507
-0.0035371
0.00111261
-0.00485437
0.0016824
-0.00565197
0.00229012
-0.00606612
0.0029247
-0.00620218
0.00358372
-0.00614101
0.00427147
-0.00594373
0.00500164
-0.00565771
-0.00532699
0.000216735
-0.00174043
0.000616748
-0.00393711
0.00111128
-0.00534889
0.00165235
-0.00619305
0.00221648
-0.00663024
0.00279506
-0.00678077
0.00338825
-0.00673419
0.00400135
-0.00655684
0.0046427
-0.00629906
-0.00600331
0.000216266
-0.0019567
0.0005975
-0.00431835
0.00105131
-0.0058027
0.00153065
-0.00667239
0.00201523
-0.00711483
0.00250046
-0.007266
0.00299025
-0.00722398
0.00349247
-0.00705906
0.00401535
-0.00682194
-0.00655166
0.000204605
-0.0021613
0.000545058
-0.0046588
0.000929827
-0.00618747
0.00131581
-0.00705837
0.00168787
-0.00748689
0.00204649
-0.00762462
0.00239997
-0.00757746
0.00275948
-0.00741856
0.00313575
-0.0071982
-0.00695331
0.000180941
-0.00234224
0.00045874
-0.0049366
0.000748104
-0.00647683
0.00101309
-0.00732336
0.00124539
-0.00771919
0.00145124
-0.00783048
0.00164328
-0.00776949
0.00183569
-0.00761098
0.00204157
-0.00740408
-0.00718454
0.000145155
-0.0024874
0.000339996
-0.00513144
0.000511393
-0.00664823
0.000633621
-0.00744559
0.000706446
-0.00779201
0.000741867
-0.0078659
0.000756165
-0.00778379
0.000765622
-0.00762044
0.000784209
-0.00742266
-0.00722295
9.78834e-05
-0.00258528
0.000192333
-0.00522589
0.000228389
-0.00668428
0.000193083
-0.00741028
9.48103e-05
-0.00769374
-4.92685e-05
-0.00772182
-0.000220236
-0.00761282
-0.000401247
-0.00743943
-0.000578854
-0.00724506
-0.00705788
4.05931e-05
-0.00262587
2.11541e-05
-0.00520645
-8.96255e-05
-0.00657351
-0.000289983
-0.00720992
-0.000563096
-0.00742063
-0.000887691
-0.00739722
-0.00124381
-0.0072567
-0.00161533
-0.00706792
-0.00199041
-0.00686997
-0.00668772
-2.52801e-05
-0.00260059
-0.000167168
-0.00506456
-0.000429831
-0.00631084
-0.000795868
-0.00684389
-0.00124069
-0.00697581
-0.00174024
-0.00689767
-0.00227472
-0.00672222
-0.00282973
-0.0065129
-0.00339591
-0.00630379
-0.00611471
-9.62863e-05
-0.00250431
-0.000364968
-0.00479588
-0.000778831
-0.00589698
-0.00130514
-0.00631758
-0.00191276
-0.00636818
-0.0025762
-0.00623423
-0.0032768
-0.00602162
-0.00400244
-0.00578726
-0.00474645
-0.00555979
-0.0053537
-0.000158606
-0.0023457
-0.000548575
-0.00440591
-0.00110713
-0.00533843
-0.00178469
-0.00564002
-0.00254393
-0.00560894
-0.00335851
-0.00541966
-0.00421124
-0.00516889
-0.00509221
-0.00490629
-0.00599693
-0.00465507
-0.00442484
-0.000229581
-0.00211612
-0.000739401
-0.00389609
-0.00143316
-0.00464466
-0.00224718
-0.00482601
-0.00314006
-0.00471605
-0.00408589
-0.00447383
-0.00506947
-0.00418531
-0.00608291
-0.00389285
-0.00712324
-0.00361474
-0.00335661
-0.000297321
-0.0018188
-0.000918201
-0.00327521
-0.00173367
-0.0038292
-0.00266747
-0.00389221
-0.00367541
-0.00370811
-0.00473267
-0.00341657
-0.0058261
-0.00309188
-0.0069495
-0.00276945
-0.00810078
-0.00246346
-0.00217649
-0.000359364
-0.00145943
-0.00107929
-0.00255529
-0.00200034
-0.00290814
-0.00303541
-0.00285714
-0.00413857
-0.00260495
-0.00528655
-0.00226859
-0.00646822
-0.0019102
-0.00767878
-0.00155889
-0.00891656
-0.00122569
-0.000911031
-0.000413579
-0.00104586
-0.00121806
-0.0017508
-0.00222682
-0.00189939
-0.0033436
-0.00174035
-0.00452157
-0.00142699
-0.00573927
-0.00105089
-0.00698761
-0.000661864
-0.00826306
-0.000283438
-0.00956419
7.54394e-05
0.000415323
-0.000458289
-0.000587566
-0.00133112
-0.000877974
-0.00240871
-0.000821793
-0.00358733
-0.00056174
-0.00481967
-0.000194639
-0.00608619
0.000215631
-0.00737987
0.000631813
-0.00869867
0.00103536
-0.0100415
0.0014183
0.00178068
-0.00049233
-9.52358e-05
-0.0014163
4.59941e-05
-0.00254363
0.00030554
-0.00376452
0.000659153
-0.00503133
0.00107217
-0.00632613
0.00151044
-0.00764397
0.00194965
-0.00898471
0.0023761
-0.0103485
0.00278212
0.00316499
-0.000515049
0.000419813
-0.00147262
0.00100356
-0.00263106
0.00146398
-0.00387575
0.00190385
-0.0051584
0.00235481
-0.00646197
0.002814
-0.00778297
0.00327065
-0.00912341
0.00371654
-0.0104862
0.00414493
0.00454894
-0.000526265
0.000946078
-0.00150015
0.00197745
-0.00267214
0.00263596
-0.00392416
0.00315587
-0.00520674
0.00363739
-0.00650253
0.0041098
-0.00780797
0.00457609
-0.00912569
0.00503426
-0.0104618
0.00548107
0.00591475
-0.000526175
0.00147225
-0.00149973
0.00295101
-0.00266923
0.00380546
-0.00391496
0.0044016
-0.00518663
0.00490906
-0.00646641
0.00538958
-0.00774972
0.00585939
-0.0090367
0.00632125
-0.0103331
0.00677743
0.00723225
-0.000516384
0.00198864
-0.00147403
0.00390866
-0.00262586
0.00495729
-0.00385331
0.00562905
-0.0051075
0.00616326
-0.00637442
0.0066565
-0.00765732
0.00714229
-0.00897087
0.00763479
-0.010344
0.0081506
0.0087188
-0.000492853
0.00248149
-0.00141768
0.00483348
-0.00253726
0.00607687
-0.0037353
0.00682709
-0.00496379
0.00739175
-0.00620997
0.00790268
-0.00747731
0.00840963
-0.0087742
0.00893168
-0.0101025
0.0094789
0.0100512
-0.000458887
0.00294038
-0.00133569
0.00571028
-0.00240815
0.00714933
-0.00356291
0.00798185
-0.00475089
0.00857973
-0.00595648
0.00910827
-0.0071776
0.00963074
-0.00841253
0.0101666
-0.0096498
0.0107162
0.0112625
-0.000415454
0.00335583
-0.00122979
0.00652462
-0.00224025
0.00815979
-0.00333691
0.00907852
-0.004468
0.00971081
-0.00561292
0.0102532
-0.00676331
0.0107811
-0.00791136
0.0113147
-0.00904442
0.0118492
0.0123661
-0.00036378
0.00371961
-0.00110238
0.00726322
-0.00203655
0.00909396
-0.0030607
0.0101027
-0.00411976
0.0107699
-0.0051878
0.0113212
-0.00625161
0.0118449
-0.00730132
0.0123644
-0.00832769
0.0128756
0.0133651
-0.000305335
0.00402495
-0.000956494
0.00791438
-0.00180137
0.00993883
-0.00273999
0.0110413
-0.00371431
0.0117442
-0.00469356
0.0123005
-0.0056612
0.0128126
-0.00660734
0.0133105
-0.00752662
0.0137949
0.0142591
-0.000241785
0.00426673
-0.000795807
0.0084684
-0.0015401
0.0106831
-0.0023821
0.0118833
-0.00326168
0.0126238
-0.00414397
0.0131828
-0.00500998
0.0136786
-0.00585014
0.0141507
-0.00666176
0.0146065
0.0150463
-0.00017491
0.00444164
-0.000624412
0.0089179
-0.00125894
0.0113177
-0.00199539
0.0126197
-0.0027728
0.0134012
-0.00355296
0.0139629
-0.00431466
0.0144403
-0.00504817
0.0148842
-0.00575176
0.0153101
0.0157243
-0.000106467
0.00454811
-0.000446598
0.00925803
-0.000964557
0.0118356
-0.0015887
0.0132439
-0.00225879
0.0140713
-0.00293401
0.0146381
-0.00359084
0.0150971
-0.0042185
0.0155119
-0.00481478
0.0159064
0.0162922
-3.80069e-05
0.00458612
-0.000266481
0.00948651
-0.000663605
0.0122327
-0.00117091
0.0137512
-0.00173057
0.0146309
-0.00229993
0.0152075
-0.00285304
0.0156502
-0.00337727
0.0160361
-0.00386873
0.0163978
0.0167513
5.87301e-06
0.00458024
-0.000120779
0.00961316
-0.000397496
0.0125095
-0.000783967
0.0141377
-0.00122839
0.0150753
-0.00168819
0.0156673
-0.00213541
0.0160975
-0.00255513
0.0164558
-0.00294121
0.0167839
0.017101
6.34799e-05
0.00451676
4.21347e-05
0.0096345
-0.000113096
0.0126647
-0.000379377
0.0144039
-0.000710924
0.0154069
-0.00106597
0.0160224
-0.00141444
0.0164459
-0.00173878
0.0167801
-0.00203039
0.0170755
0.0173544
0.000114735
0.00440203
0.000193597
0.00955564
0.000158294
0.0127
1.22884e-05
0.0145499
-0.0002082
0.0156274
-0.000461262
0.0162754
-0.00071572
0.0167004
-0.000951562
0.017016
-0.00115758
0.0172816
0.0175239
0.00015975
0.00424228
0.000332355
0.00938304
0.000411636
0.0126207
0.000382097
0.0145795
0.000271609
0.0157379
0.000117517
0.0164295
-4.79538e-05
0.0168659
-0.000202621
0.0171707
-0.000332815
0.0174117
0.0176199
0.000197736
0.00404454
0.000455348
0.00912543
0.000642858
0.0124332
0.00072625
0.0144961
0.000721977
0.0157421
0.000663237
0.0164882
0.000581995
0.0169471
0.000502086
0.0172506
0.000438856
0.017475
0.0176539
0.000228324
0.00381622
0.000560812
0.00879294
0.000848307
0.0121457
0.0010389
0.0143055
0.00113691
0.0156441
0.0011698
0.0164554
0.00116842
0.0169485
0.00115784
0.0172611
0.00115463
0.0174782
0.0176393
0.00025149
0.00356473
0.000647754
0.00839667
0.0010254
0.0117681
0.00131606
0.0140148
0.00151135
0.0154488
0.00163189
0.0163348
0.0017065
0.0168739
0.00176117
0.0172065
0.00181327
0.0174261
0.0175808
0.000267489
0.00329724
0.000715897
0.00794827
0.0011726
0.0113113
0.00155476
0.0136327
0.00184123
0.0151624
0.00204484
0.0161312
0.00219178
0.0167269
0.00230953
0.0170887
0.00241801
0.0173176
0.0174776
0.00027681
0.00302043
0.000765638
0.00745944
0.00128943
0.0107876
0.00175324
0.0131689
0.00212344
0.0147922
0.0024043
0.0158503
0.00261862
0.0165126
0.00279689
0.0169105
0.00296992
0.0171446
0.0173084
0.000280124
0.00274031
0.000797997
0.00694156
0.00137647
0.0102091
0.0019111
0.0126342
0.00235624
0.014347
0.00270668
0.0154999
0.00298074
0.0162385
0.00321113
0.0166801
0.0034493
0.0169064
0.0170284
0.000277695
0.00246261
0.000815327
0.00640393
0.00143863
0.00958579
0.00203582
0.012037
0.00254891
0.0138339
0.00295931
0.0150895
0.00327037
0.0159275
0.00348626
0.0164642
0.00358007
0.0168126
0.0171431
0.000274886
0.00218773
0.000823547
0.00585527
0.00147875
0.00893059
0.00212509
0.0113907
0.00269449
0.0132646
0.00315586
0.0146281
0.00350061
0.0155827
0.00372654
0.0162382
0.00382738
0.0167118
0.017144
0.000267894
0.00191983
0.000818943
0.00530422
0.0014956
0.00825393
0.00218204
0.0107043
0.00280289
0.0126437
0.00331755
0.0141135
0.00370995
0.0151903
0.00397771
0.0159705
0.00412767
0.0165618
0.0170762
0.000257764
0.00166207
0.000803882
0.00475811
0.00149262
0.00756519
0.00221075
0.00998613
0.00287858
0.0119759
0.00344817
0.0135439
0.00389717
0.0147413
0.00422142
0.0156462
0.00443256
0.0163506
0.0169412
0.000245396
0.00141667
0.000780518
0.00422298
0.00147291
0.0068728
0.00221451
0.00924453
0.00292394
0.0112664
0.00354774
0.0129201
0.00405775
0.0142313
0.00444673
0.0152573
0.00472659
0.0160708
0.0167369
0.00023155
0.00118512
0.000750752
0.00370378
0.00143922
0.00618433
0.00219614
0.00848761
0.00294081
0.0105218
0.00361607
0.0122448
0.00418856
0.0136588
0.00464681
0.014799
0.00499947
0.0157181
0.0164625
0.00021684
0.000968281
0.00071623
0.00320439
0.00139406
0.0055065
0.00215823
0.00772344
0.00293085
0.00974915
0.00365285
0.0115228
0.00428648
0.0130252
0.00481524
0.0142702
0.0052425
0.0152909
0.0161162
0.000201756
0.000766525
0.000678363
0.00272778
0.00133967
0.00484519
0.00210322
0.00695989
0.00289567
0.0089567
0.0036578
0.0107607
0.00434846
0.0123346
0.0049461
0.0136726
0.00544807
0.0147889
0.0156961
0.000186668
0.000579857
0.000638351
0.0022761
0.00127813
0.00420541
0.00203353
0.00620449
0.00283708
0.00815315
0.00363104
0.00996675
0.00437211
0.0115935
0.00503426
0.0130105
0.00560888
0.0142143
0.0152015
0.000171819
0.000408038
0.000597207
0.00185071
0.00121137
0.00359125
0.00195169
0.00546416
0.0027574
0.00734744
0.00357361
0.00915054
0.00435627
0.0108108
0.00507573
0.012291
0.00571803
0.013572
0.0146348
0.000153746
0.000254292
0.000547633
0.00145683
0.00112902
0.00300987
0.00184523
0.00474795
0.00264288
0.0065498
0.00347109
0.00832233
0.00428625
0.00999566
0.00505607
0.0115212
0.00576169
0.0128663
0.0139977
0.000140086
0.000114206
0.000506394
0.00109052
0.00105605
0.00246021
0.00174518
0.00405882
0.00252761
0.00576736
0.0033572
0.00749274
0.00419194
0.00916092
0.00499815
0.010715
0.0057531
0.0121114
0.013304
0.000127393
-1.31868e-05
0.000466516
0.000751395
0.000982913
0.00194381
0.00164064
0.00340109
0.0024005
0.0050075
0.00322145
0.00667179
0.00406396
0.00831841
0.00489396
0.00988497
0.00568575
0.0113196
0.0125652
0.000115634
-0.000128821
0.000428253
0.000438776
0.000910589
0.00146148
0.00153369
0.002778
0.00226487
0.00427632
0.00306833
0.00586833
0.00390763
0.00747912
0.00474908
0.00904352
0.00556476
0.0105039
0.0117947
0.000104734
-0.000233555
0.000391674
0.000151836
0.000839697
0.00101345
0.00142596
0.00219174
0.00212377
0.0035785
0.00290253
0.00508957
0.00372931
0.00665234
0.00457148
0.00820136
0.00539925
0.00967613
0.0110056
9.45501e-05
-0.000328105
0.000356618
-0.000110232
0.000770385
0.000599688
0.00131837
0.00164375
0.00197938
0.00291749
0.00272804
0.00434091
0.00353541
0.00584497
0.0043706
0.00736618
0.00520221
0.00884452
0.0102077
8.48658e-05
-0.000412971
0.000322664
-0.000348029
0.000702232
0.000220119
0.00121081
0.00113518
0.00183235
0.00229595
0.00254683
0.00362642
0.00333023
0.00506157
0.00415484
0.00654157
0.00498855
0.00801081
0.00940312
7.53996e-05
-0.00048837
0.000289169
-0.000561799
0.000634262
-0.000124974
0.00110201
0.000667426
0.00168107
0.00171689
0.00235706
0.00295043
0.00311239
0.00430625
0.00392584
0.00572811
0.00476882
0.00716783
0.00858026
6.58517e-05
-0.000554222
0.000255397
-0.000751344
0.000565167
-0.000434743
0.000989732
0.000242861
0.00152147
0.00118516
0.00215117
0.00232072
0.00286891
0.0035885
0.00366524
0.00493179
0.00452801
0.00630506
0.00771056
5.59756e-05
-0.000610197
0.000220764
-0.000916132
0.000493872
-0.000707851
0.00087181
-0.000135077
0.00134834
0.000708627
0.00191578
0.00175328
0.00256707
0.00293722
0.0033006
0.00419827
0.0041355
0.00547015
0.00673726
4.58646e-05
-0.000656062
0.000185289
-0.00105556
0.000420574
-0.000943136
0.000749047
-0.00046355
0.00116285
0.000294819
0.00164855
0.00126759
0.00218492
0.00240084
0.00273424
0.00364895
0.00321599
0.0049884
0.00647425
3.45003e-05
-0.000690562
0.000148199
-0.00116925
0.0003457
-0.00114064
0.000624661
-0.000742511
0.000975581
-5.61006e-05
0.00138105
0.000862122
0.00181414
0.00196775
0.00223615
0.00322694
0.00260175
0.0046228
0.00615899
2.28324e-05
-0.000713395
0.00011109
-0.00125751
0.00027212
-0.00130167
0.000504754
-0.000975145
0.000799889
-0.000351236
0.00114077
0.000521244
0.00150382
0.0016047
0.00186198
0.00286877
0.0021959
0.00428889
0.00583269
1.11819e-05
-0.000724576
7.50834e-05
-0.00132141
0.000202285
-0.00142887
0.0003938
-0.00116666
0.000642731
-0.000600167
0.000935656
0.000228319
0.0012549
0.00128546
0.00158321
0.00254046
0.00191264
0.00395946
0.00549084
3.49016e-07
-0.000724925
4.14745e-05
-0.00136254
0.000138548
-0.00152594
0.000295152
-0.00132326
0.000507684
-0.0008127
0.00076714
-3.11357e-05
0.00106163
0.000990967
0.00138035
0.00222174
0.00171888
0.00362093
0.00512897
-1.04333e-05
-0.000714492
1.16263e-05
-0.0013846
8.32578e-05
-0.00159757
0.000211597
-0.0014516
0.000396833
-0.000997935
0.000634614
-0.000268917
0.000917975
0.000707606
0.00124
0.00189971
0.00159611
0.00326483
0.00474258
-1.90737e-05
-0.000695418
-1.278e-05
-0.00139089
3.88742e-05
-0.00164923
0.000145852
-0.00155858
0.000311933
-0.00116402
0.000537098
-0.000494082
0.000818568
0.000426136
0.00115191
0.00156637
0.00153144
0.0028853
0.00432606
-2.55579e-05
-0.00066986
-3.01176e-05
-0.00138633
8.12769e-06
-0.00168747
0.000100993
-0.00165145
0.000255315
-0.00131834
0.000474842
-0.000713609
0.000760405
0.000140573
0.00110969
0.00121708
0.00151645
0.00247855
0.00387425
-2.91585e-05
-0.000640702
-3.84647e-05
-0.00137703
-6.03935e-06
-0.0017199
8.06981e-05
-0.00173818
0.000230542
-0.00146818
0.000450259
-0.000933325
0.000743863
-0.000153032
0.00111136
0.000849583
0.00154705
0.00204286
0.003384
-2.92038e-05
-3.60317e-05
-2.00423e-07
8.91979e-05
0.000242495
0.000468208
0.000773037
0.00115961
0.00162397
)
;

boundaryField
{
    inlet
    {
        type            calculated;
        value           uniform 0;
    }
    outlet
    {
        type            calculated;
        value           nonuniform List<scalar> 
40
(
0.0117513
0.0401384
0.0662059
0.0912538
0.118936
0.149488
0.182696
0.221298
0.267539
0.310172
-0.00100073
-0.00265646
-0.00419794
-0.005618
-0.0069142
-0.0080885
-0.00914648
-0.0100961
-0.0109465
-0.0117072
-0.0123877
-0.012997
-0.0135436
-0.0140361
-0.0144826
-0.0148915
-0.0152712
-0.01563
-0.0159764
-0.0163191
-0.063643
-0.0703303
-0.0800275
-0.093664
-0.111402
-0.13198
-0.152617
-0.170004
-0.181974
-0.187929
)
;
    }
    cylinder
    {
        type            calculated;
        value           uniform 0;
    }
    top
    {
        type            symmetryPlane;
        value           uniform 0;
    }
    bottom
    {
        type            symmetryPlane;
        value           uniform 0;
    }
    defaultFaces
    {
        type            empty;
        value           nonuniform 0();
    }
}


// ************************************************************************* //
