/*--------------------------------*- C++ -*----------------------------------*\
  =========                 |
  \\      /  F ield         | OpenFOAM: The Open Source CFD Toolbox
   \\    /   O peration     | Website:  https://openfoam.org
    \\  /    A nd           | Version:  7
     \\/     M anipulation  |
\*---------------------------------------------------------------------------*/
FoamFile
{
    version     2.0;
    format      ascii;
    class       surfaceScalarField;
    location    "79.6";
    object      phi;
}
// * * * * * * * * * * * * * * * * * * * * * * * * * * * * * * * * * * * * * //

dimensions      [0 3 -1 0 0 0 0];

internalField   nonuniform List<scalar> 
3880
(
-2.13157e-05
-0.000555453
0.000576769
-1.77424e-05
-0.00131457
0.001311
2.54955e-05
-0.00174159
0.00169835
0.000116757
-0.00188441
0.00179315
0.000263898
-0.00177439
0.00162725
0.000475681
-0.00143267
0.00122089
0.000760695
-0.000874805
0.000589791
0.00112488
-0.000114741
-0.000249445
0.00156848
0.000831629
-0.00127523
0.00194465
0.0020826
-0.00245877
-1.0637e-05
-0.000544816
1.48543e-05
-0.00134006
8.53245e-05
-0.00181206
0.000205225
-0.00200431
0.00037996
-0.00194912
0.000617299
-0.00167001
0.00092629
-0.0011838
0.00131468
-0.000503128
0.00178546
0.000360845
0.00139729
0.00233282
5.26689e-06
-0.000550083
6.13605e-05
-0.00139616
0.000170436
-0.00192114
0.000331675
-0.00216555
0.000546917
-0.00216436
0.000821774
-0.00194487
0.00116466
-0.00152668
0.00158437
-0.000922832
0.00208656
-0.00014135
0.000814593
0.00266926
2.53474e-05
-0.000575431
0.000120693
-0.0014915
0.000278982
-0.00207943
0.000493656
-0.00238023
0.000762323
-0.00243303
0.0010876
-0.00227015
0.00147633
-0.00191541
0.00193742
-0.00138392
0.00247868
-0.000682606
0.000191092
0.00310218
4.95229e-05
-0.000624954
0.000190696
-0.00163267
0.000406672
-0.0022954
0.00068463
-0.00265818
0.00101767
-0.00276607
0.00140504
-0.00265752
0.00185145
-0.00236182
0.00236518
-0.00189765
0.0029553
-0.00127272
-0.000481237
0.00362762
7.66019e-05
-0.000701555
0.000267913
-0.00182399
0.000546634
-0.00257412
0.000893578
-0.00300513
0.00129746
-0.00316995
0.0017543
-0.00311436
0.00226658
-0.00287411
0.00284165
-0.00247272
0.00348912
-0.00192019
-0.00120949
0.00421738
0.000105163
-0.000806718
0.00034777
-0.00206659
0.00068965
-0.002916
0.00110537
-0.00342085
0.00157964
-0.00364422
0.00210572
-0.00364045
0.00268424
-0.00345263
0.00332181
-0.00311029
0.00402849
-0.00262687
-0.00199465
0.00481364
0.00013353
-0.000940248
0.000424855
-0.00235792
0.000824785
-0.00331593
0.00130192
-0.00389798
0.0018375
-0.0041798
0.00242257
-0.00422552
0.00305641
-0.00408646
0.00374543
-0.00379931
0.00450109
-0.00338253
-0.0028268
0.00533324
0.000159867
-0.00110012
0.000493296
-0.00269135
0.000940296
-0.00376293
0.00146399
-0.00442167
0.0020428
-0.00475861
0.00266611
-0.00484883
0.00333206
-0.00475242
0.00404683
-0.00451407
0.00482458
-0.00416028
-0.00368426
0.00568204
0.000182279
-0.00128239
0.000547177
-0.00305624
0.00102466
-0.00424041
0.00157325
-0.00497027
0.0021695
-0.00535486
0.00280196
-0.00548129
0.00346781
-0.00541827
0.00417166
-0.00521792
0.00492833
-0.00491695
0.00578252
-0.00453845
0.00359897
0.0173078
-0.0188242
0.00500021
0.0389622
-0.0403635
0.00547683
0.060461
-0.0609377
0.00527112
0.0800378
-0.0798321
0.00467163
0.0995353
-0.0989358
0.00381219
0.120343
-0.119484
0.00277384
0.143707
-0.142668
0.00157051
0.173831
-0.172628
0.000522928
0.218182
-0.217135
0.271385
-0.270863
0.00393881
0.0157018
0.00566234
0.0372387
0.00644127
0.0596821
0.00642424
0.0800548
0.00591118
0.100048
0.00504897
0.121205
0.00392442
0.144831
0.00255429
0.175201
0.0011378
0.219599
0.272523
0.00428114
0.01409
0.00628306
0.0352368
0.00737846
0.0585867
0.00756822
0.0798651
0.00715148
0.100465
0.00628976
0.122067
0.0050788
0.146042
0.00353643
0.176744
0.00175707
0.221378
0.27428
0.00463351
0.0125586
0.00684205
0.0330283
0.00826124
0.0571675
0.00867744
0.0794489
0.00837101
0.100772
0.00751706
0.122921
0.00622365
0.147336
0.00451044
0.178457
0.00236943
0.223519
0.27665
0.00500561
0.0111806
0.00732608
0.0307078
0.00906415
0.0554294
0.00972689
0.0787862
0.00954833
0.10095
0.00871378
0.123756
0.00734543
0.148704
0.00546552
0.180337
0.00297007
0.226015
0.27962
0.00540045
0.00999756
0.00773014
0.0283781
0.00976508
0.0533945
0.0106928
0.0778584
0.0106624
0.10098
0.00986153
0.124557
0.00842909
0.150136
0.00639031
0.182376
0.00355182
0.228853
0.283172
0.00580441
0.00900679
0.00805429
0.0261282
0.0103468
0.051102
0.011554
0.0766512
0.0116962
0.100838
0.0109479
0.125305
0.00946597
0.151618
0.00727883
0.184563
0.00411368
0.232018
0.287285
0.00617448
0.00816556
0.00829469
0.024008
0.0107966
0.0486
0.01229
0.0751579
0.0126246
0.100504
0.0119464
0.125983
0.010432
0.153133
0.00811394
0.186881
0.00464353
0.235489
0.291929
0.00642977
0.00741782
0.00842949
0.0220083
0.0111
0.0459296
0.0128979
0.0733599
0.0134629
0.0999387
0.0128796
0.126566
0.0113492
0.154663
0.00890787
0.189322
0.00514961
0.239247
0.297078
0.00652326
0.00667709
0.00849928
0.0200323
0.0112605
0.0431683
0.0133113
0.0713091
0.0141159
0.0991342
0.0136585
0.127024
0.0121682
0.156153
0.00961327
0.191877
0.00564166
0.243219
0.30272
0.0195444
0.0118149
-0.0246822
0.0151561
0.0244205
0.0132948
0.0450297
0.0121244
0.0724794
0.0105402
0.100718
0.00848191
0.129082
0.00591686
0.158718
0.00288619
0.194908
0.000354383
0.24575
0.303074
0.0203999
0.0155543
-0.0241393
0.0157858
0.0290346
0.0130261
0.0477894
0.0115812
0.0739244
0.0100255
0.102274
0.00801286
0.131095
0.00549874
0.161233
0.00261939
0.197787
0.000275242
0.248095
0.30335
0.0200363
0.0177262
-0.0222082
0.0161726
0.0328983
0.0129994
0.0509626
0.0110923
0.0758315
0.00939882
0.103968
0.00744089
0.133053
0.00506387
0.16361
0.00234879
0.200502
0.000197875
0.250245
0.303548
0.0187569
0.0187996
-0.0198303
0.015828
0.0358271
0.0128321
0.0539586
0.0107472
0.0779164
0.00896201
0.105753
0.00703019
0.134985
0.00474463
0.165895
0.00220257
0.203044
0.000194713
0.252253
0.303742
0.0170809
0.019061
-0.0173423
0.0149732
0.0379348
0.0123716
0.0565602
0.0103011
0.0799869
0.00850085
0.107553
0.00660794
0.136877
0.00441657
0.168087
0.00200816
0.205453
0.000140964
0.254121
0.303883
0.0151747
0.0185983
-0.014712
0.0138104
0.0392991
0.0116444
0.0587262
0.00979642
0.0818349
0.00814059
0.109209
0.00633748
0.138681
0.00422804
0.170196
0.00194257
0.207738
0.00017047
0.255893
0.304054
0.0132204
0.0174325
-0.0120546
0.0126287
0.0398908
0.010901
0.0604539
0.00918421
0.0835517
0.00764282
0.11075
0.00597233
0.140351
0.00398873
0.17218
0.00180541
0.209922
0.00013491
0.257563
0.304189
0.0111677
0.0156524
-0.00938762
0.0112459
0.0398126
0.0100942
0.0616057
0.00872812
0.0849177
0.00734901
0.112129
0.00577756
0.141922
0.00387381
0.174083
0.00180533
0.21199
0.000200857
0.259168
0.30439
0.00968138
0.0130684
-0.00709734
0.0104562
0.0390377
0.00958647
0.0624754
0.00828128
0.0862229
0.00698432
0.113426
0.00552439
0.143382
0.00371159
0.175896
0.00171815
0.213983
0.000180329
0.260705
0.30457
0.00720476
-0.00405051
0.00916638
0.00924601
0.00826343
0.00701162
0.00551996
0.00375901
0.00177597
0.000296566
0.00584637
-0.0249772
-0.00555133
0.00548449
-0.0237774
0.0047929
-0.0215166
0.00400008
-0.0190375
0.00316366
-0.0165059
0.00229986
-0.0138482
0.00141306
-0.0111678
0.000538578
-0.00851314
-0.000483648
-0.00607512
-0.00324275
0.00493546
-0.0248823
-0.00503037
0.00429675
-0.0231387
0.00345212
-0.020672
0.00255738
-0.0181427
0.00164279
-0.0155913
0.000718507
-0.0129239
-0.000214439
-0.0102349
-0.00112239
-0.00760519
-0.00210237
-0.00509514
-0.00248138
0.00383966
-0.0244609
-0.00426106
0.00297101
-0.02227
0.00200662
-0.0197076
0.00102882
-0.0171649
5.34097e-05
-0.0146159
-0.000904505
-0.011966
-0.00184872
-0.00929065
-0.00275667
-0.00669724
-0.00366012
-0.00419169
-0.00181615
0.00255553
-0.023774
-0.00324242
0.00151876
-0.0212333
0.000471041
-0.0186599
-0.000559588
-0.0161343
-0.00156269
-0.0136128
-0.0025325
-0.0109962
-0.00345848
-0.00836467
-0.00432441
-0.00583131
-0.00512246
-0.00339364
-0.00126896
0.00110151
-0.022869
-0.0020065
-4.52308e-05
-0.0200865
-0.00113287
-0.0175723
-0.00218521
-0.0150819
-0.00318681
-0.0126112
-0.00413227
-0.0100507
-0.00500866
-0.00748828
-0.00579901
-0.00504096
-0.00647177
-0.00272088
-0.000846243
-0.000463785
-0.0218026
-0.000602685
-0.00167277
-0.0188775
-0.00277121
-0.0164738
-0.00381071
-0.0140424
-0.0047792
-0.0116427
-0.00567069
-0.00915921
-0.00647051
-0.00668847
-0.00716057
-0.0043509
-0.0076997
-0.00218175
-0.000544111
-0.00210053
-0.0206015
0.000899506
-0.00331968
-0.0176584
-0.00439525
-0.0153983
-0.00539356
-0.0130441
-0.00630285
-0.0107334
-0.00711669
-0.00834536
-0.00782075
-0.00598441
-0.00839667
-0.00377498
-0.0088044
-0.00177402
-0.000351421
-0.00373278
-0.0193133
0.00244454
-0.00492918
-0.016462
-0.0059584
-0.0143691
-0.00689322
-0.0121093
-0.00772434
-0.00990233
-0.0084449
-0.0076248
-0.00904321
-0.0053861
-0.009502
-0.0033162
-0.00978901
-0.00148701
-0.000252465
-0.00530422
-0.0179832
0.00397409
-0.00645219
-0.015314
-0.0074188
-0.0134024
-0.00827496
-0.0112532
-0.00901714
-0.00916015
-0.00963751
-0.00700443
-0.0101292
-0.00489436
-0.0104772
-0.00296822
-0.0106602
-0.00130404
-0.000229192
-0.00676484
-0.0166502
0.00543189
-0.0078478
-0.0142311
-0.00874282
-0.0125074
-0.00951246
-0.0104835
-0.010163
-0.00850956
-0.0106846
-0.00648289
-0.011077
-0.00450199
-0.0113276
-0.00271759
-0.0114267
-0.00120497
-0.000262799
-0.00807587
-0.0153461
0.00677169
-0.00908509
-0.0132218
-0.00990662
-0.0116859
-0.0105887
-0.00980143
-0.0111524
-0.0079459
-0.0115835
-0.00605173
-0.0118899
-0.00419559
-0.0120613
-0.0025462
-0.0120981
-0.00116822
-0.000334688
-0.00921649
-0.0140938
0.00796428
-0.0101467
-0.0122916
-0.010898
-0.0109345
-0.0114971
-0.00920241
-0.0119838
-0.0074592
-0.0123381
-0.00569744
-0.0125757
-0.0039579
-0.0126884
-0.00243355
-0.0126843
-0.00117233
-0.000426955
-0.0101731
-0.0129094
0.00898857
-0.0110232
-0.0114415
-0.0117121
-0.0102456
-0.0122375
-0.00867702
-0.0126611
-0.00703559
-0.0129557
-0.00540285
-0.0131441
-0.00376947
-0.0132194
-0.00235832
-0.013195
-0.00119672
-0.000522573
-0.0109431
-0.0118004
0.0098342
-0.011715
-0.0106697
-0.0123521
-0.00960849
-0.0128168
-0.00821229
-0.0131931
-0.00665926
-0.0134471
-0.00514888
-0.0136063
-0.00361026
-0.0136651
-0.00229958
-0.0136396
-0.00122219
-0.000605426
-0.0115326
-0.0107656
0.0104978
-0.0122296
-0.00997269
-0.0128264
-0.00901171
-0.013246
-0.00779264
-0.0135914
-0.00631391
-0.0138244
-0.00491586
-0.0139739
-0.00346073
-0.014036
-0.00223746
-0.0140273
-0.00123096
-0.000660228
-0.0119527
-0.00979312
0.0109802
-0.0125806
-0.0093448
-0.0131474
-0.00844492
-0.0135392
-0.00740088
-0.013869
-0.00598404
-0.0141004
-0.00468454
-0.0142586
-0.0033025
-0.0143426
-0.00215344
-0.0143669
-0.00120665
-0.000672408
-0.0122169
-0.00885923
0.011283
-0.0127854
-0.00877639
-0.0133292
-0.00790112
-0.0137111
-0.00701892
-0.0140398
-0.00565536
-0.0142876
-0.00443671
-0.0144716
-0.0031185
-0.0145946
-0.00203042
-0.0146673
-0.00113398
-0.000627992
-0.0123307
-0.00793656
0.011408
-0.0128578
-0.00824921
-0.0133833
-0.00737564
-0.0137748
-0.00662746
-0.0141161
-0.00531401
-0.0143977
-0.00415517
-0.0146234
-0.00289275
-0.0148014
-0.00185241
-0.0149369
-0.000998467
-0.000513445
-0.0122908
-0.00700945
0.0113637
-0.0128117
-0.00772828
-0.0133228
-0.0068646
-0.0137428
-0.00620747
-0.0141104
-0.00494631
-0.0144416
-0.00382405
-0.014724
-0.00261029
-0.0149719
-0.00160454
-0.0151841
-0.000786282
-0.000315464
-0.0121475
-0.00605626
0.0111943
-0.0126987
-0.00717707
-0.0131794
-0.00638385
-0.013631
-0.00575592
-0.0140349
-0.00454236
-0.014427
-0.00343195
-0.0147811
-0.00225619
-0.0151136
-0.0012721
-0.0154181
-0.000481819
-2.17693e-05
-0.0537812
-0.00579364
0.0535185
-0.0551787
-0.00577951
-0.0566287
-0.0049339
-0.0580722
-0.00431237
-0.0592605
-0.00335414
-0.0601908
-0.00250159
-0.0608158
-0.0016312
-0.0611695
-0.000918452
-0.061299
-0.000352274
-2.67589e-05
-0.0632891
-0.00565398
0.0631494
-0.0641546
-0.00491395
-0.0649841
-0.00410445
-0.0659033
-0.00339318
-0.0666519
-0.0026055
-0.0672429
-0.00191059
-0.0676288
-0.00124531
-0.0678353
-0.000711964
-0.0678999
-0.00028766
-3.32372e-05
-0.0748673
-0.00565694
0.0748702
-0.0753059
-0.00447533
-0.0757646
-0.00364574
-0.0763221
-0.00283563
-0.0767653
-0.00216239
-0.0771357
-0.00154011
-0.0773591
-0.00102191
-0.0774772
-0.000593883
-0.0775007
-0.000264175
-3.67839e-05
-0.0893072
-0.00565774
0.089308
-0.0895914
-0.00419106
-0.0898585
-0.00337862
-0.0902187
-0.00247548
-0.0904822
-0.00189886
-0.090726
-0.00129633
-0.0908573
-0.000890587
-0.0909392
-0.000512054
-0.0909485
-0.000254886
-3.45399e-05
-0.10681
-0.00543607
0.106588
-0.107117
-0.00388416
-0.107366
-0.00312957
-0.107664
-0.00217735
-0.10787
-0.00169325
-0.108072
-0.00109395
-0.108182
-0.000780457
-0.108273
-0.000420862
-0.108301
-0.000226885
-1.76014e-05
-0.12633
-0.0048895
0.125783
-0.126791
-0.00342331
-0.127159
-0.00276119
-0.12749
-0.00184658
-0.127731
-0.00145183
-0.127945
-0.000879969
-0.128084
-0.000641635
-0.128211
-0.000293819
-0.128275
-0.000163145
1.01095e-05
-0.145637
-0.00399165
0.144739
-0.146301
-0.00275885
-0.146842
-0.00222071
-0.147244
-0.00144414
-0.147558
-0.00113771
-0.147795
-0.000643322
-0.147974
-0.000462548
-0.148115
-0.000153045
-0.148199
-7.95164e-05
3.61742e-05
-0.162039
-0.00280821
0.160855
-0.162878
-0.00191957
-0.163559
-0.00153961
-0.164021
-0.000982579
-0.164388
-0.000770705
-0.164625
-0.000406583
-0.164808
-0.00027868
-0.164916
-4.5525e-05
-0.16498
-1.50004e-05
4.3403e-05
-0.173557
-0.00144814
0.172197
-0.1745
-0.000976178
-0.175259
-0.000781166
-0.175749
-0.000492073
-0.176135
-0.000385474
-0.176349
-0.000192573
-0.176502
-0.000125691
-0.176548
4.77259e-07
-0.17657
7.59541e-06
2.878e-05
-0.179412
0.177963
-0.180388
-0.181169
-0.181661
-0.182046
-0.182239
-0.182365
-0.182364
-0.182357
-0.0123822
0.0545299
0.0113709
-0.0130715
0.0638387
-0.0136276
0.0754263
-0.0139183
0.0895986
-0.0137154
0.106385
-0.0127269
0.124795
-0.0107516
0.142764
-0.00780252
0.157906
-0.00410563
0.1685
0.173858
-0.0117299
0.0552666
0.0109932
-0.0123745
0.0644833
-0.012865
0.0759167
-0.0130686
0.0898023
-0.0127864
0.106103
-0.0117707
0.123779
-0.00986925
0.140862
-0.00711928
0.155156
-0.00373095
0.165112
0.170127
-0.0111195
0.0559421
0.010444
-0.0117012
0.065065
-0.0121157
0.0763312
-0.0122453
0.089932
-0.0119118
0.105769
-0.0109035
0.122771
-0.00909854
0.139057
-0.0065406
0.152598
-0.0034204
0.161991
0.166706
-0.0104142
0.0565962
0.00976009
-0.0109373
0.0655882
-0.0112709
0.0766648
-0.0113268
0.0899878
-0.0109507
0.105393
-0.00996477
0.121785
-0.00827451
0.137367
-0.0059271
0.150251
-0.00309279
0.159157
0.163614
-0.00959578
0.0572211
0.00897091
-0.0100641
0.0660565
-0.0103252
0.076926
-0.0103192
0.0899818
-0.00991639
0.104991
-0.00897104
0.12084
-0.00741255
0.135809
-0.00528989
0.148128
-0.00275367
0.156621
0.16086
-0.00868395
0.057806
0.00809906
-0.00909011
0.0664626
-0.00928275
0.0771186
-0.00922608
0.0899251
-0.00881304
0.104578
-0.0079275
0.119954
-0.0065185
0.1344
-0.00463439
0.146244
-0.0024063
0.154393
0.158454
-0.007698
0.0583415
0.00716245
-0.00803618
0.0668008
-0.00816114
0.0772436
-0.00806175
0.0898258
-0.00765181
0.104168
-0.00684237
0.119145
-0.00559831
0.133156
-0.00396476
0.144611
-0.00205294
0.152481
0.156401
-0.00665345
0.0588162
0.00617874
-0.00692208
0.0670694
-0.00698119
0.0773027
-0.00684591
0.0896905
-0.00644958
0.103771
-0.00572868
0.118424
-0.00466089
0.132088
-0.00328637
0.143236
-0.00169612
0.150891
0.154705
-0.00556732
0.0592168
0.00516671
-0.00576733
0.0672695
-0.005763
0.0772983
-0.00559846
0.0895259
-0.00522411
0.103397
-0.00460086
0.117801
-0.00371665
0.131204
-0.00260568
0.142125
-0.0013389
0.149624
0.153366
-0.0044576
0.0595284
0.004146
-0.00459303
0.0674049
-0.00452629
0.0772316
-0.0043386
0.0893382
-0.00399223
0.103051
-0.00347277
0.117281
-0.00277589
0.130507
-0.00192935
0.141279
-0.000984589
0.148679
0.152381
-0.00335426
0.0597414
0.00314132
-0.00342541
0.067476
-0.00329599
0.0771022
-0.00308916
0.0891314
-0.00277336
0.102735
-0.00236032
0.116868
-0.00185065
0.129997
-0.00126522
0.140693
-0.000637077
0.148051
0.151744
-0.00228024
0.0598577
0.0021639
-0.0022806
0.0674764
-0.00209493
0.0769165
-0.00186845
0.0889049
-0.00158427
0.102451
-0.00127485
0.116559
-0.000948322
0.12967
-0.000619289
0.140364
-0.000299356
0.147731
0.151445
-0.00126843
0.0598922
0.00123388
-0.0011859
0.0673939
-0.000956971
0.0766876
-0.000709106
0.0886571
-0.000459714
0.102201
-0.000250507
0.116349
-0.00010112
0.129521
-1.86263e-05
0.140282
1.28561e-05
0.1477
0.151458
-0.000351674
0.0598852
0.000358719
-0.000171148
0.0672133
7.72885e-05
0.0764391
0.000381199
0.0883532
0.000616301
0.101966
0.000742607
0.116223
0.000731781
0.129532
0.000584306
0.140429
0.000327781
0.147956
0.151785
0.000529864
0.0598092
-0.000453856
0.000805775
0.0669374
0.00112412
0.0761208
0.00143125
0.088046
0.00163892
0.101758
0.00167761
0.116184
0.00151006
0.129699
0.00114149
0.140798
0.000617727
0.14848
0.152403
0.00135397
0.0596566
-0.00120136
0.00169634
0.066595
0.00205357
0.0757636
0.00238305
0.0877165
0.00257241
0.101569
0.002536
0.116221
0.00222682
0.130009
0.00165512
0.141369
0.00088422
0.149251
0.153287
0.00207973
0.0594662
-0.00188933
0.00249239
0.0661824
0.00288478
0.0753712
0.00323733
0.087364
0.00341555
0.101391
0.00331662
0.11632
0.00288192
0.130443
0.00212551
0.142126
0.00112759
0.150249
0.154415
0.00271897
0.0592738
-0.00252661
0.00319221
0.0657091
0.00361241
0.074951
0.00398257
0.0869938
0.0041515
0.101222
0.00399975
0.116472
0.00345642
0.130987
0.00253793
0.143044
0.00133954
0.151447
0.155754
0.0032964
0.0591107
-0.00313328
0.00381448
0.0651911
0.00426167
0.0745038
0.00464978
0.0866057
0.0048165
0.101055
0.00462252
0.116666
0.00398241
0.131627
0.00291503
0.144112
0.00153199
0.15283
0.157286
0.00370559
0.0591158
-0.00371067
0.00422583
0.0646708
0.00469796
0.0740317
0.0050938
0.0862099
0.00525845
0.100891
0.00504021
0.116884
0.00433905
0.132328
0.00317137
0.145279
0.00165888
0.154343
0.158945
-0.0398699
0.0542712
0.0447145
-0.0360475
0.0608484
-0.0335305
0.0715147
-0.0309118
0.0835912
-0.0278338
0.0978125
-0.0239207
0.112971
-0.0190117
0.127419
-0.0132032
0.139471
-0.00675353
0.147893
0.152192
-0.0485718
0.0501293
0.0527136
-0.0451372
0.0574138
-0.0420454
0.0684229
-0.0385385
0.0800843
-0.0345145
0.0937885
-0.0294871
0.107943
-0.0233342
0.121266
-0.0161788
0.132315
-0.008313
0.140027
0.143879
-0.0585081
0.0461594
0.062478
-0.0550139
0.0539196
-0.0512309
0.0646399
-0.046835
0.0756884
-0.0416831
0.0886367
-0.0352813
0.101541
-0.0276788
0.113664
-0.0190326
0.123669
-0.00964367
0.130638
0.134235
-0.0705159
0.0423946
0.0742807
-0.0665014
0.0499051
-0.0618709
0.0600095
-0.0564722
0.0702897
-0.0499994
0.0821638
-0.0420209
0.093563
-0.0327741
0.104417
-0.0224663
0.113361
-0.0114761
0.119648
0.122759
-0.083923
0.0380117
0.0883059
-0.0790875
0.0450696
-0.0733728
0.0542947
-0.0665324
0.0634493
-0.0582393
0.0738708
-0.0483218
0.0836455
-0.0371982
0.0932931
-0.0250772
0.10124
-0.0124568
0.107028
0.110302
-0.0994613
0.0335966
0.103876
-0.093478
0.0390863
-0.0864329
0.0472496
-0.0778574
0.0548738
-0.0676429
0.0636563
-0.055844
0.0718466
-0.0427909
0.0802399
-0.0287807
0.0872302
-0.0145951
0.0928421
0.0957071
-0.114328
0.0273453
0.12058
-0.107069
0.0318273
-0.0983217
0.038502
-0.0875404
0.0440926
-0.075082
0.0511978
-0.0609099
0.0576745
-0.0453541
0.0646842
-0.028948
0.0708241
-0.0130648
0.0769589
0.0826423
-0.130189
0.0211361
0.136398
-0.121707
0.0233462
-0.111455
0.0282492
-0.0992162
0.0318541
-0.0853299
0.0373116
-0.0695425
0.0418871
-0.0524271
0.0475688
-0.0346293
0.0530264
-0.018246
0.0605756
0.0643963
-0.144237
0.010237
0.155136
-0.132582
0.0116913
-0.118645
0.0143123
-0.10298
0.0161893
-0.084935
0.0192661
-0.0649024
0.0218545
-0.0428153
0.0254816
-0.019575
0.0297862
0.00228006
0.0387205
0.0666764
-0.243978
0.254215
-0.232287
-0.217975
-0.201785
-0.182519
-0.160665
-0.135183
-0.105397
-0.0666764
0.00187034
0.0462915
-0.00344737
0.000458123
0.0541258
-0.000566799
0.0635029
-0.00129664
0.0750106
-0.00174981
0.0887591
-0.00191513
0.104042
-0.00168778
0.120352
-0.0012803
0.13599
-0.00181568
0.155672
0.252399
0.00224983
0.0478369
-0.00379525
0.000878196
0.0554975
-0.000199568
0.0645807
-0.000960216
0.0757712
-0.00145984
0.0892587
-0.00165881
0.104241
-0.00151297
0.120206
-0.00115251
0.13563
-0.00160939
0.156128
0.25079
0.0027082
0.0492813
-0.00415258
0.00137651
0.0568292
0.000316868
0.0656403
-0.000470707
0.0765588
-0.000990862
0.0897789
-0.00123346
0.104483
-0.00116281
0.120136
-0.000908374
0.135375
-0.00140361
0.156624
0.249386
0.00316633
0.0506285
-0.00451353
0.00187971
0.0581158
0.000858782
0.0666612
3.04874e-05
0.0773871
-0.000452831
0.0902622
-0.000741845
0.104772
-0.000724959
0.120119
-0.000605971
0.135256
-0.00113839
0.157156
0.248248
0.00361667
0.0518774
-0.00486558
0.00239435
0.0593381
0.00142026
0.0676353
0.000656109
0.0781513
0.000122488
0.0907958
-0.000212727
0.105108
-0.00022847
0.120135
-0.000259095
0.135287
-0.000826861
0.157724
0.247421
0.00407587
0.0529991
-0.00519755
0.00294139
0.0604726
0.00202181
0.0685549
0.0012995
0.0788736
0.000782503
0.0913128
0.000418384
0.105472
0.00031292
0.12024
0.000153993
0.135446
-0.000474931
0.158353
0.246946
0.00454285
0.0539576
-0.00550136
0.00351883
0.0614966
0.00266369
0.0694101
0.00198736
0.0795499
0.00148226
0.0918179
0.00110905
0.105845
0.000902215
0.120447
0.00065559
0.135693
-7.8594e-05
0.159087
0.246868
0.00501019
0.0547171
-0.00576969
0.00411605
0.0623907
0.00333613
0.07019
0.00271285
0.0801732
0.0022236
0.0923072
0.00183409
0.106234
0.00154108
0.12074
0.0011768
0.136057
0.000314078
0.15995
0.247182
0.00547076
0.0552406
-0.00599422
0.00472159
0.0631399
0.00402766
0.0708839
0.00346454
0.0807363
0.00299848
0.0927732
0.00259193
0.106641
0.00221575
0.121116
0.00172679
0.136546
0.000736598
0.16094
0.247918
0.00591141
0.0554946
-0.0061654
0.00532293
0.0637284
0.00472647
0.0714804
0.00423057
0.0812322
0.00379605
0.0932078
0.00337318
0.107064
0.00291628
0.121573
0.00230177
0.13716
0.00118162
0.16206
0.2491
0.00631288
0.0554521
-0.00627042
0.00590189
0.0641394
0.00541632
0.071966
0.00499385
0.0816547
0.00459768
0.0936039
0.00416265
0.107499
0.00362986
0.122106
0.00289194
0.137898
0.00163884
0.163313
0.250739
0.00666669
0.0550965
-0.00631111
0.00645058
0.0643555
0.00608865
0.0723279
0.00574649
0.0819968
0.00539505
0.0939554
0.0049539
0.10794
0.00435101
0.122709
0.00349298
0.138756
0.00210485
0.164701
0.252844
0.00695394
0.0544258
-0.00628321
0.00694964
0.0643598
0.00672206
0.0725555
0.00646764
0.0822512
0.00616804
0.094255
0.00572945
0.108379
0.00506475
0.123373
0.00409364
0.139727
0.00257234
0.166223
0.255416
0.0071625
0.0534542
-0.00619092
0.00738387
0.0641384
0.00730004
0.0726393
0.00714032
0.082411
0.00690028
0.094495
0.00647447
0.108804
0.00575852
0.124089
0.00468453
0.140801
0.00303452
0.167873
0.25845
0.00728338
0.0522149
-0.00604401
0.00774
0.0636818
0.00780749
0.0725718
0.00774838
0.0824701
0.00757641
0.094667
0.0071745
0.109206
0.00642054
0.124843
0.00525686
0.141965
0.00348565
0.169644
0.261936
0.00731279
0.050761
-0.0058589
0.00800792
0.0629866
0.00823042
0.0723493
0.00827699
0.0824235
0.00818167
0.0947623
0.00781443
0.109574
0.0070379
0.12562
0.00580052
0.143202
0.00391685
0.171527
0.265853
0.00725556
0.0491631
-0.00565773
0.00818095
0.0620613
0.00855864
0.0719716
0.00871517
0.082267
0.008704
0.0947735
0.00838459
0.109893
0.00760366
0.126401
0.0063106
0.144495
0.00432459
0.173513
0.270178
0.00712805
0.0474975
-0.00546237
0.00825625
0.0609331
0.00878394
0.0714439
0.0090492
0.0820017
0.00912486
0.0946978
0.00886321
0.110155
0.00809566
0.127168
0.00677107
0.14582
0.00469414
0.17559
0.274872
0.00694276
0.0458226
-0.00526788
0.00824235
0.0596335
0.00892298
0.0707633
0.00929966
0.081625
0.00946754
0.0945299
0.00927521
0.110347
0.00853498
0.127909
0.00719679
0.147158
0.00503326
0.177754
0.279905
0.00665311
0.0441339
-0.00496446
0.00801929
0.0582673
0.00885161
0.069931
0.00933683
0.0811398
0.00960438
0.0942624
0.00949557
0.110456
0.00882433
0.12858
0.00750205
0.148481
0.00533162
0.179924
0.285237
-0.0206395
0.0433411
0.0214323
-0.0180595
0.0556873
-0.0150165
0.066888
-0.0117495
0.0778728
-0.00847632
0.0909892
-0.00502615
0.107006
-0.00145945
0.125013
0.00134475
0.145676
0.0013285
0.179941
0.286565
-0.0344894
0.0412451
0.0365855
-0.0311523
0.0523502
-0.0268416
0.0625774
-0.0221194
0.0731505
-0.0172302
0.0861
-0.0119293
0.101705
-0.00638405
0.119468
-0.00166292
0.140955
-8.93086e-05
0.178367
0.286476
-0.0495364
0.038399
0.0523825
-0.0451232
0.047937
-0.0394818
0.0569359
-0.0333852
0.067054
-0.0268896
0.0796044
-0.0195986
0.0944136
-0.0118593
0.111729
-0.00499699
0.134093
-0.00158295
0.174953
0.284893
-0.0660066
0.0347634
0.0696422
-0.0602396
0.0421699
-0.0534763
0.0501727
-0.0461044
0.0596821
-0.0378192
0.0713192
-0.0283042
0.0848987
-0.0182012
0.101626
-0.00901819
0.12491
-0.00334565
0.16928
0.281547
-0.0842408
0.0297883
0.089216
-0.0773787
0.0353078
-0.0698079
0.0426019
-0.0609499
0.050824
-0.0506112
0.0609805
-0.0387781
0.0730655
-0.0262175
0.089065
-0.0144114
0.113104
-0.00584423
0.160713
0.275703
-0.10501
0.024348
0.11045
-0.0972349
0.027533
-0.088546
0.0339129
-0.0778957
0.0401738
-0.0656057
0.0486905
-0.0516925
0.0591523
-0.0368471
0.0742197
-0.0223228
0.0985795
-0.0103011
0.148691
0.265402
-0.128484
0.0170766
0.135755
-0.120251
0.0192998
-0.110647
0.0243097
-0.0989054
0.0284319
-0.0855899
0.035375
-0.0702097
0.0437721
-0.0536734
0.0576834
-0.0363373
0.0812434
-0.0190947
0.131449
0.246307
-0.159584
0.00968067
0.16698
-0.150795
0.0105107
-0.140364
0.0138788
-0.12822
0.0162882
-0.114288
0.0214425
-0.0983041
0.0277886
-0.0805828
0.0399621
-0.0610393
0.0616999
-0.036815
0.107225
0.209492
-0.214789
0.00283533
0.221635
-0.207663
0.00338474
-0.198669
0.00488417
-0.188735
0.00635397
-0.176574
0.00928155
-0.162292
0.0135067
-0.143925
0.0215951
-0.118192
0.035967
-0.0757549
0.0647876
0.133737
-0.293498
0.296333
-0.290113
-0.285229
-0.278875
-0.269594
-0.256087
-0.234492
-0.198525
-0.133737
0.00234245
0.022422
-0.00333214
0.000591672
0.0383363
-0.00111872
0.0540929
-0.00262561
0.0711491
-0.00383692
0.0904273
-0.00480755
0.111421
-0.00533294
0.136281
-0.00565668
0.167303
-0.00443974
0.220418
0.291894
0.00211592
0.0230603
-0.00275427
0.000679322
0.0397728
-0.00090208
0.0556743
-0.00236352
0.0726105
-0.00357375
0.0916375
-0.00453195
0.112379
-0.00508584
0.136835
-0.00542552
0.167643
-0.00424275
0.219235
0.287651
0.00200682
0.0233991
-0.00234563
0.000870875
0.0409088
-0.000539768
0.0570849
-0.00189201
0.0739628
-0.00305138
0.0927969
-0.00398244
0.11331
-0.00457435
0.137426
-0.00489851
0.167967
-0.00387581
0.218212
0.283775
0.0019829
0.0234797
-0.00206353
0.001133
0.0417587
-0.0001125
0.0583304
-0.00132505
0.0751753
-0.00240758
0.0938794
-0.00331806
0.11422
-0.00393621
0.138045
-0.00429747
0.168328
-0.00345051
0.217365
0.280325
0.00203737
0.0233171
-0.00187469
0.00147843
0.0423176
0.000452992
0.0593559
-0.000672211
0.0763005
-0.00167455
0.0948817
-0.0025629
0.115109
-0.00321323
0.138695
-0.00363193
0.168747
-0.00297632
0.21671
0.277348
0.0021711
0.0229074
-0.0017614
0.00191305
0.0425757
0.00111146
0.0601575
6.84324e-05
0.0773435
-0.000837
0.0957872
-0.00171259
0.115984
-0.0024029
0.139385
-0.00289987
0.169244
-0.00246097
0.216271
0.274887
0.00237491
0.0222456
-0.00171316
0.00242967
0.0425209
0.0018601
0.060727
0.00100114
0.0782025
0.00010786
0.0966804
-0.000772194
0.116864
-0.00149682
0.14011
-0.00210409
0.169851
-0.00191066
0.216077
0.272977
0.00263539
0.0213331
-0.00172291
0.00301549
0.0421408
0.00268783
0.0610547
0.00198362
0.0789067
0.00116101
0.0975031
0.000258382
0.117767
-0.000489718
0.140858
-0.00125652
0.170618
-0.00132965
0.216151
0.271647
0.00293704
0.0201828
-0.00178673
0.00365377
0.0414241
0.00357878
0.0611297
0.00303301
0.0794525
0.00227942
0.0982566
0.00141895
0.118627
0.000562675
0.141714
-0.000381606
0.171562
-0.000719366
0.216488
0.270928
0.00326357
-0.00190492
0.00432416
0.00451618
0.00413655
0.00345735
0.00260103
0.00164685
0.000581345
-6.50904e-05
0.000199611
-0.001482
0.000581547
-0.00343818
0.00106741
-0.00472627
0.00161285
-0.00551571
0.00219421
-0.00593621
0.00280086
-0.00608794
0.00343053
-0.00604794
0.00408732
-0.00587471
0.00478393
-0.00561356
-0.00530585
0.000206777
-0.00168878
0.000587283
-0.00381869
0.00105688
-0.00519587
0.00156989
-0.00602873
0.00210392
-0.00647024
0.00265076
-0.00663478
0.00321057
-0.00660775
0.00378848
-0.00645262
0.00439261
-0.00621769
-0.00594362
0.000204482
-0.00189326
0.00056375
-0.00417795
0.000990347
-0.00562247
0.00143975
-0.00647813
0.00189276
-0.00692325
0.00234503
-0.00708705
0.00280037
-0.00706309
0.00326647
-0.00691872
0.00375155
-0.00670277
-0.00645312
0.000191522
-0.00208479
0.000508757
-0.00449519
0.000865787
-0.0059795
0.00122214
-0.00683449
0.00156363
-0.00726474
0.00189084
-0.00741426
0.00221176
-0.00738401
0.00253724
-0.0072442
0.00287787
-0.0070434
-0.00681767
0.000167258
-0.00225204
0.000422005
-0.00474994
0.000684999
-0.00624249
0.000922846
-0.00707233
0.00112799
-0.00746988
0.00130646
-0.00759273
0.00147039
-0.00754794
0.00163343
-0.00740724
0.0018082
-0.00721818
-0.00701596
0.000131696
-0.00238374
0.00030516
-0.0049234
0.000453403
-0.00639073
0.000552972
-0.0071719
0.000604046
-0.00752096
0.00061811
-0.00760679
0.000610759
-0.00754059
0.000597548
-0.00739403
0.000591824
-0.00721245
-0.00702682
8.55543e-05
-0.00246929
0.000161727
-0.00499957
0.000179523
-0.00640853
0.000127613
-0.00711999
1.44406e-05
-0.00740779
-0.000143482
-0.00744887
-0.000328298
-0.00735577
-0.000523921
-0.00719841
-0.000717535
-0.00701884
-0.00684485
3.03343e-05
-0.00249963
-2.45828e-06
-0.00496678
-0.000125808
-0.00628518
-0.000335653
-0.00691015
-0.000615825
-0.00712761
-0.000946113
-0.00711858
-0.00130749
-0.00699439
-0.00168463
-0.00682127
-0.00206624
-0.00663723
-0.00646654
-3.26929e-05
-0.00246694
-0.000182903
-0.00481657
-0.000450667
-0.00601742
-0.000818334
-0.00654248
-0.00126199
-0.00668395
-0.00175869
-0.00662188
-0.00228957
-0.00646352
-0.00284091
-0.00626994
-0.00340377
-0.00607436
-0.00589623
-0.000100179
-0.00236676
-0.000370808
-0.00454594
-0.00078233
-0.00560589
-0.00130228
-0.00602254
-0.00190054
-0.00608569
-0.00255271
-0.00596972
-0.00324096
-0.00577527
-0.00395368
-0.00555721
-0.00468445
-0.00534359
-0.00514879
-0.000159015
-0.00220774
-0.000544396
-0.00416056
-0.001093
-0.00505729
-0.0017563
-0.00535924
-0.00249822
-0.00534377
-0.00329344
-0.0051745
-0.00412546
-0.00494325
-0.00498468
-0.00469799
-0.00586668
-0.00446159
-0.00424378
-0.000225753
-0.00198199
-0.000724193
-0.00366212
-0.00140061
-0.00438087
-0.00219301
-0.00456684
-0.00306131
-0.00447546
-0.0039805
-0.00425531
-0.00493585
-0.0039879
-0.00591964
-0.0037142
-0.00692886
-0.00345237
-0.00320836
-0.000289164
-0.00169282
-0.000892037
-0.00305925
-0.00168323
-0.00358967
-0.00258874
-0.00366133
-0.00356567
-0.00349853
-0.00458989
-0.00323109
-0.00564857
-0.00292922
-0.00673555
-0.00262721
-0.00784864
-0.00233929
-0.00206842
-0.000346984
-0.00134584
-0.00104269
-0.00236354
-0.00193322
-0.00269914
-0.00293416
-0.00266039
-0.0040008
-0.00243189
-0.00511037
-0.00212152
-0.0062519
-0.0017877
-0.00742055
-0.00145856
-0.00861456
-0.00114527
-0.000848789
-0.000397264
-0.000948577
-0.00117193
-0.00158888
-0.00214472
-0.00172635
-0.00322248
-0.00158263
-0.00435945
-0.00129493
-0.00553445
-0.00094651
-0.00673844
-0.000583713
-0.00796784
-0.000229158
-0.00922115
0.000108035
0.000427887
-0.000438485
-0.000510092
-0.00127666
-0.000750699
-0.00231377
-0.000689238
-0.00344946
-0.000446942
-0.00463736
-0.000107028
-0.00585801
0.000274141
-0.00710433
0.000662609
-0.00837425
0.00104075
-0.00966672
0.00140051
0.00174135
-0.000469603
-4.04885e-05
-0.00135496
0.000134653
-0.00243824
0.000394047
-0.0036133
0.000728123
-0.00483328
0.00111295
-0.00608017
0.00152103
-0.00734884
0.00193128
-0.00863914
0.00233105
-0.00995135
0.00271272
0.00307305
-0.000490049
0.00044956
-0.00140596
0.00105057
-0.00251774
0.00150583
-0.00371469
0.00192507
-0.00494916
0.00234742
-0.0062039
0.00277577
-0.00747516
0.00320254
-0.00876485
0.00362074
-0.0100761
0.00402396
0.00440495
-0.000499687
0.000949248
-0.00142981
0.00198069
-0.00255345
0.00262947
-0.0037567
0.00312832
-0.00499072
0.00358144
-0.00623786
0.0040229
-0.00749419
0.00445886
-0.0087622
0.00488875
-0.0100482
0.00530993
0.00572046
-0.000498728
0.00144798
-0.00142731
0.00290927
-0.00254759
0.00374975
-0.00374427
0.004325
-0.00496773
0.00480491
-0.0061998
0.00525497
-0.00743557
0.00569463
-0.00867509
0.00612828
-0.00992388
0.00655871
0.00699088
-0.000488715
0.00193669
-0.001401
0.00382156
-0.00250347
0.00485221
-0.00368214
0.00550367
-0.00488879
0.00601156
-0.00610887
0.00647505
-0.00734493
0.0069307
-0.00861103
0.00739437
-0.00993548
0.00788317
0.00842631
-0.000465723
0.00240241
-0.00134567
0.00470151
-0.0024164
0.00592294
-0.0035664
0.00665368
-0.00474837
0.00719354
-0.00594892
0.00767559
-0.0071708
0.00815258
-0.00842206
0.00864564
-0.00970485
0.00916596
0.00971461
-0.000432958
0.00283537
-0.00126614
0.00553469
-0.00229089
0.00694768
-0.00339888
0.00776167
-0.00454189
0.00833655
-0.00570382
0.00883752
-0.00688204
0.0093308
-0.00807483
0.00983842
-0.00927128
0.0103624
0.0108874
-0.000391325
0.0032267
-0.00116404
0.0063074
-0.00212852
0.00791217
-0.00318017
0.00881332
-0.00426841
0.00942478
-0.00537234
0.00994145
-0.00648324
0.0104417
-0.00759336
0.0109485
-0.0086904
0.0114595
0.011957
-0.000341971
0.00356867
-0.00104159
0.00700702
-0.0019321
0.00880268
-0.00291347
0.00979469
-0.00393224
0.0104436
-0.00496243
0.0109716
-0.00599056
0.0114698
-0.00700668
0.0119647
-0.0080016
0.0124544
0.0129264
-0.000286278
0.00385495
-0.000901698
0.00762244
-0.00170571
0.00960668
-0.00260417
0.0106931
-0.00354106
0.0113804
-0.00448584
0.0119164
-0.0054217
0.0124057
-0.00633849
0.0128814
-0.00723057
0.0133465
0.0137948
-0.000225812
0.00408076
-0.00074783
0.00814446
-0.00145448
0.0103133
-0.00225923
0.0114979
-0.00310441
0.0122256
-0.00395566
0.0127677
-0.0047937
0.0132437
-0.00560854
0.0136963
-0.00639697
0.0141349
0.0145603
-0.000162249
0.00424301
-0.000583876
0.00856609
-0.00118435
0.0109138
-0.00188665
0.0122002
-0.00263273
0.0129717
-0.00338518
0.0135201
-0.00412254
0.0139811
-0.00483451
0.0144083
-0.00551869
0.0148191
0.0152204
-9.72447e-05
0.00434025
-0.000413917
0.00888276
-0.000901675
0.0114016
-0.00149489
0.0127934
-0.0021367
0.0136135
-0.00278736
0.0141708
-0.00342319
0.0146169
-0.0040328
0.0150179
-0.00461321
0.0153995
0.0157739
-3.2287e-05
0.00437254
-0.000241865
0.00909234
-0.000612836
0.0117725
-0.00109251
0.0132731
-0.00162681
0.0141478
-0.0021745
0.0147185
-0.00270965
0.0151521
-0.00321897
0.0155272
-0.00369783
0.0158783
0.0162221
9.45966e-06
0.00436308
-0.000102946
0.00920474
-0.00035774
0.0120273
-0.000719996
0.0136353
-0.001142
0.0145698
-0.00158289
0.0151593
-0.00201493
0.0155841
-0.00242265
0.0159349
-0.00279921
0.0162549
0.0165642
6.37697e-05
0.00429931
5.21568e-05
0.00921635
-8.50855e-05
0.0121646
-0.000330442
0.0138807
-0.000642303
0.0148817
-0.000980742
0.0154978
-0.00131628
0.0159197
-0.00163098
0.0162496
-0.00191552
0.0165394
0.0168125
0.000112381
0.00418693
0.000196709
0.00913203
0.000174802
0.0121865
4.60027e-05
0.0140095
-0.00015687
0.0150846
-0.000395242
0.0157362
-0.000638589
0.016163
-0.000866592
0.0164776
-0.00106741
0.0167403
0.016979
0.000155019
0.00403191
0.000328812
0.00895823
0.000417349
0.012098
0.000402084
0.0140248
0.000306501
0.0151801
0.000165363
0.0158773
9.67639e-06
0.0163187
-0.000138489
0.0166258
-0.000264897
0.0168667
0.0170728
0.000190958
0.00384095
0.00044575
0.00870344
0.000638387
0.0119053
0.000732708
0.0139304
0.000741188
0.0151717
0.000693994
0.0159245
0.000621555
0.0163911
0.000547459
0.0166999
0.000487438
0.0169267
0.0171064
0.000219853
0.0036211
0.00054584
0.00837746
0.000834447
0.0116167
0.00103271
0.0137322
0.00114133
0.0150631
0.00118457
0.0158812
0.0011914
0.0163843
0.00118623
0.016705
0.00118584
0.0169271
0.0170909
0.000241683
0.00337942
0.000628148
0.00799099
0.00100306
0.0112418
0.00129814
0.0134371
0.00150194
0.0148593
0.00163178
0.0157514
0.00171428
0.0163018
0.00177442
0.0166449
0.00182959
0.0168719
0.0170312
0.00025669
0.00312273
0.000692417
0.00755526
0.00114276
0.0107915
0.00152612
0.0130537
0.00181896
0.0145664
0.00203088
0.0155395
0.00218559
0.0161471
0.00230922
0.0165213
0.00242136
0.0167598
0.0169259
0.000265338
0.00285739
0.000739037
0.00708157
0.00125307
0.0102774
0.00171492
0.0125919
0.00208928
0.0141921
0.00237744
0.0152513
0.00259959
0.0159249
0.00278446
0.0163364
0.00296187
0.0165824
0.0167545
0.000268263
0.00258913
0.000768994
0.00658083
0.00133461
0.0097118
0.00186415
0.0120623
0.0023111
0.0137451
0.00266759
0.0148948
0.0029492
0.0156433
0.00318654
0.0160991
0.0034291
0.0163398
0.0164729
0.000265727
0.0023234
0.000784565
0.006062
0.00139212
0.00910424
0.00198102
0.0114735
0.00249331
0.0132328
0.00290817
0.01448
0.00322623
0.0153253
0.00344975
0.0158755
0.00355158
0.016238
0.0165771
0.000262806
0.00206059
0.000791382
0.00553342
0.00142835
0.00846727
0.00206343
0.0108384
0.00262943
0.0126668
0.00309358
0.0140158
0.00344471
0.0149741
0.00367845
0.0156418
0.00378759
0.0161288
0.0165695
0.000255909
0.00180469
0.000785969
0.00500336
0.00144225
0.00781099
0.00211458
0.010166
0.00272932
0.0120521
0.00324475
0.0135004
0.00364247
0.0145764
0.00391781
0.0153665
0.00407625
0.0159704
0.0164932
0.000246033
0.00155865
0.000770612
0.00447878
0.00143719
0.00714442
0.00213856
0.00946466
0.00279748
0.0113932
0.00336559
0.0129323
0.00381854
0.0141235
0.00414997
0.015035
0.0043698
0.0157506
0.0163494
0.000234043
0.00132461
0.000747391
0.00396543
0.00141621
0.0064756
0.00213864
0.00874223
0.00283637
0.0106954
0.00345626
0.0123124
0.00396862
0.0136111
0.0043641
0.0146395
0.00465258
0.0154621
0.0161364
0.000220661
0.00110395
0.000718137
0.00346796
0.001382
0.00581174
0.00211761
0.00800662
0.0028479
0.00996514
0.0035167
0.0116436
0.00408968
0.0130381
0.00455341
0.0141758
0.00491433
0.0151012
0.0158532
0.000206476
0.000897472
0.000684432
0.00299
0.00133698
0.00515919
0.00207805
0.00726555
0.00283377
0.00920942
0.00354669
0.0109307
0.00417868
0.0124061
0.00471156
0.0136429
0.00514644
0.0146663
0.0154983
0.000191957
0.000705515
0.000647632
0.00253433
0.00128334
0.00452349
0.00202236
0.00652652
0.0027956
0.00843618
0.00354604
0.0101802
0.00423272
0.0117195
0.00483279
0.0130429
0.00534141
0.0141577
0.01507
0.000177458
0.000528057
0.00060889
0.00210289
0.00122307
0.0039093
0.00195291
0.00579669
0.00273524
0.00765384
0.00351499
0.00940051
0.00424962
0.0109848
0.0049122
0.0123803
0.00549217
0.0135777
0.014568
0.000163213
0.000364845
0.000569176
0.00169693
0.00115806
0.00332042
0.00187217
0.00508258
0.00265502
0.006871
0.00345469
0.00860084
0.00422839
0.0102111
0.00494611
0.0116626
0.00559213
0.0129317
0.0139947
0.000146077
0.000218768
0.000521801
0.00132121
0.00107874
0.00276348
0.00176862
0.0043927
0.00254218
0.00609744
0.00335173
0.00779129
0.00415538
0.00940746
0.00492098
0.010897
0.0056283
0.0122243
0.0133526
0.000133075
8.56927e-05
0.000482317
0.000971966
0.00100842
0.00223738
0.00167139
0.00372973
0.00242895
0.00533988
0.00323821
0.00698203
0.00405924
0.00858644
0.00485891
0.0100973
0.00561361
0.0114696
0.0126551
0.000121037
-3.53442e-05
0.000444262
0.00064874
0.000938212
0.00174343
0.00157034
0.0030976
0.00230502
0.00460519
0.00310444
0.00618261
0.00393137
0.00775951
0.00475271
0.00927595
0.00554226
0.0106801
0.0119141
0.000109923
-0.000145267
0.000407854
0.000350808
0.000869027
0.00128226
0.00146743
0.0024992
0.00217361
0.00389901
0.00295487
0.00540135
0.00377719
0.00693719
0.00460817
0.00844498
0.00541978
0.00986847
0.011143
9.9641e-05
-0.000244908
0.000373105
7.73445e-05
0.000801358
0.000854003
0.0013641
0.00193646
0.00203754
0.00322556
0.002794
0.00464489
0.00360299
0.0061282
0.00443336
0.00761461
0.00525556
0.00904627
0.0103545
9.00277e-05
-0.000334936
0.000339773
-0.000172401
0.000735188
0.000458589
0.001261
0.00141065
0.00189863
0.00258793
0.00262541
0.00391811
0.00341479
0.00533882
0.00423749
0.00679191
0.00506257
0.0082212
0.00955819
8.08357e-05
-0.000415771
0.000307344
-0.000398909
0.000669889
9.60443e-05
0.00115767
0.00092287
0.00175697
0.00198862
0.00245034
0.00322475
0.00321606
0.00457309
0.00402813
0.00597984
0.004855
0.00739432
0.00875546
7.17545e-05
-0.000487526
0.000275079
-0.000602234
0.000604263
-0.000233139
0.00105239
0.000474743
0.00161025
0.00143076
0.00226585
0.00256915
0.00300392
0.00383503
0.00380501
0.00517875
0.00464121
0.00655812
0.0079343
6.24623e-05
-0.000549988
0.000242167
-0.000781939
0.000536817
-0.000527789
0.000942534
6.90262e-05
0.00145361
0.000919684
0.00206304
0.00195972
0.00276313
0.00313493
0.00354629
0.0043956
0.00440113
0.00570328
0.00706755
5.27066e-05
-0.000602695
0.000207996
-0.000937228
0.000466395
-0.000786187
0.00082574
-0.000290319
0.00128143
0.000463994
0.00182761
0.00141354
0.00245908
0.00250347
0.00317583
0.00367885
0.00399778
0.00488132
0.00610088
4.25925e-05
-0.000645287
0.000172618
-0.00106725
0.000393233
-0.0010068
0.000702849
-0.000599935
0.00109497
7.187e-05
0.00155768
0.000950834
0.00207138
0.00198976
0.00260039
0.00314984
0.00306816
0.00441355
0.0058369
3.11431e-05
-0.00067643
0.000135369
-0.00117148
0.000318013
-0.00118945
0.000577613
-0.000859536
0.000905872
-0.000256389
0.00128684
0.000569868
0.0016954
0.0015812
0.00209533
0.00274991
0.00244503
0.00406385
0.00552766
1.93793e-05
-0.000695809
9.80435e-05
-0.00125014
0.000243957
-0.00133536
0.000456644
-0.00107222
0.000728114
-0.000527859
0.0010431
0.000254886
0.00138003
0.00124427
0.00171444
0.00241551
0.00203009
0.0037482
0.00521212
7.71359e-06
-0.000703523
6.19315e-05
-0.00130436
0.000173852
-0.00144728
0.000344915
-0.00124329
0.000569279
-0.000752222
0.000834976
-1.08115e-05
0.00112651
0.000952735
0.00142906
0.00211295
0.00173723
0.00344003
0.00488582
-3.50303e-06
-0.00070002
2.8474e-05
-0.00133634
0.000110399
-0.0015292
0.000246269
-0.00137916
0.00043347
-0.000939423
0.000664568
-0.000241909
0.000929527
0.000687776
0.00121995
0.00182252
0.0015335
0.00312649
0.00454463
-1.3598e-05
-0.000686422
-2.56419e-07
-0.00134968
5.62625e-05
-0.00158572
0.000163931
-0.00148682
0.000323438
-0.00109893
0.000531708
-0.000450178
0.000783604
0.00043588
0.00107432
0.00153181
0.00140113
0.00279968
0.00418436
-2.18699e-05
-0.000664552
-2.38233e-05
-0.00134773
1.39915e-05
-0.00162354
0.000100944
-0.00157378
0.00024134
-0.00123933
0.000436164
-0.000645003
0.000684219
0.000187825
0.000982969
0.00123306
0.00132854
0.00245411
0.00379974
-2.77313e-05
-0.00063682
-3.92618e-05
-0.0013362
-1.35172e-05
-0.00164928
6.05714e-05
-0.00164786
0.000189899
-0.00136865
0.000378806
-0.00083391
0.000629341
-6.27097e-05
0.00094087
0.000921528
0.00130894
0.00208604
0.00338577
-3.0495e-05
-0.000606325
-4.5219e-05
-0.00132147
-2.34059e-05
-0.0016711
4.64863e-05
-0.00171776
0.000172842
-0.00149501
0.000362498
-0.00102357
0.000620243
-0.000320454
0.000947425
0.000594345
0.00134012
0.00169334
0.00293916
-2.95566e-05
-4.00301e-05
-1.27727e-05
6.26236e-05
0.000194861
0.000392183
0.00066152
0.00100642
0.00142453
)
;

boundaryField
{
    inlet
    {
        type            calculated;
        value           uniform 0;
    }
    outlet
    {
        type            calculated;
        value           nonuniform List<scalar> 
40
(
0.00991414
0.0370761
0.0623958
0.0872055
0.114678
0.144874
0.177657
0.215967
0.262185
0.304866
-0.00129141
-0.00286374
-0.00432534
-0.00566965
-0.00689449
-0.00800183
-0.00899709
-0.00988797
-0.0106835
-0.0113931
-0.0120262
-0.012592
-0.0130994
-0.0135567
-0.0139725
-0.0143547
-0.0147117
-0.0150515
-0.0153821
-0.0157117
-0.061294
-0.0678934
-0.0774972
-0.0909507
-0.108318
-0.128303
-0.148225
-0.164988
-0.176555
-0.182328
)
;
    }
    cylinder
    {
        type            calculated;
        value           uniform 0;
    }
    top
    {
        type            symmetryPlane;
        value           uniform 0;
    }
    bottom
    {
        type            symmetryPlane;
        value           uniform 0;
    }
    defaultFaces
    {
        type            empty;
        value           nonuniform 0();
    }
}


// ************************************************************************* //
