/*--------------------------------*- C++ -*----------------------------------*\
  =========                 |
  \\      /  F ield         | OpenFOAM: The Open Source CFD Toolbox
   \\    /   O peration     | Website:  https://openfoam.org
    \\  /    A nd           | Version:  7
     \\/     M anipulation  |
\*---------------------------------------------------------------------------*/
FoamFile
{
    version     2.0;
    format      ascii;
    class       surfaceScalarField;
    location    "1.6";
    object      phi;
}
// * * * * * * * * * * * * * * * * * * * * * * * * * * * * * * * * * * * * * //

dimensions      [0 3 -1 0 0 0 0];

internalField   nonuniform List<scalar> 
3880
(
0.000230082
0.00253416
-0.00276425
0.000951253
0.00538388
-0.00610505
0.00211768
0.0071946
-0.00836103
0.00365733
0.0084135
-0.00995316
0.00548582
0.00929102
-0.0111195
0.00751619
0.0099765
-0.0120069
0.00966575
0.0105654
-0.0127149
0.0118596
0.0111221
-0.0133159
0.0140304
0.0116919
-0.0138627
0.0123079
0.0161142
-0.0143918
0.000249965
0.0022842
0.00103089
0.00460296
0.00229488
0.00593061
0.00396825
0.00674013
0.00596495
0.00729432
0.00819586
0.00774559
0.0105754
0.0081858
0.0130249
0.00867258
0.0154718
0.00924506
0.00993508
0.0178447
0.000275789
0.00200841
0.00112694
0.00375181
0.00249951
0.00455803
0.00431576
0.00492388
0.00648671
0.00512337
0.00892101
0.00531129
0.0115313
0.00557552
0.0142372
0.00596666
0.0169639
0.00651836
0.00726408
0.0196349
0.000308747
0.00169966
0.00124194
0.00281862
0.00273508
0.00306489
0.00470353
0.00295544
0.00705382
0.00277308
0.00969196
0.00267315
0.0125296
0.00273784
0.0154871
0.00300922
0.0184905
0.00351497
0.00429254
0.021462
0.000349671
0.00134999
0.00137759
0.0017907
0.00300388
0.0014386
0.00513391
0.000825405
0.00766781
0.000239182
0.0105081
-0.000167117
0.0135659
-0.000319987
0.016764
-0.000188908
0.0200335
0.000245511
0.00102601
0.0233
0.000399181
0.000950814
0.00153474
0.000655136
0.00330651
-0.000333161
0.00560665
-0.00147474
0.0083268
-0.00248097
0.0113648
-0.00320509
0.014631
-0.00358619
0.018052
-0.0036099
0.0215673
-0.00326985
-0.00251899
0.0251123
0.000457376
0.00049344
0.00171264
-0.000600129
0.00364041
-0.00226093
0.00611672
-0.00395104
0.00902269
-0.00538694
0.01225
-0.00643242
0.0157073
-0.00704346
0.0193248
-0.00722736
0.0230534
-0.00699848
-0.00631066
0.0268451
0.000523669
-3.02284e-05
0.00190835
-0.0019848
0.00399892
-0.0043515
0.00665272
-0.00660484
0.00973897
-0.00847319
0.013142
-0.00983547
0.0167667
-0.0106682
0.0205445
-0.0110051
0.0244381
-0.0108921
-0.0103017
0.0284291
0.000596645
-0.000626872
0.00211638
-0.00350454
0.00437039
-0.00660551
0.00719565
-0.0094301
0.0104494
-0.011727
0.0140093
-0.0133954
0.0177755
-0.0144344
0.0216741
-0.0149037
0.0256692
-0.0148872
-0.0144393
0.0298068
0.000673984
-0.00130086
0.00232854
-0.00515909
0.00473783
-0.0090148
0.00771793
-0.0124102
0.0111162
-0.0151253
0.0148091
-0.0170882
0.0187006
-0.0183259
0.0227182
-0.0189213
0.0268049
-0.0189739
0.0309664
-0.0186008
0.0177445
0.0529399
-0.0545702
0.0180134
0.0602224
-0.0604913
0.0171269
0.0675948
-0.0667083
0.0154764
0.0743098
-0.0726593
0.0133864
0.08025
-0.07816
0.010924
0.0854516
-0.0829893
0.00835303
0.0894381
-0.0868671
0.0055864
0.0935622
-0.0907956
0.00272224
0.0967293
-0.0938651
0.102829
-0.100107
0.0196564
0.0511282
0.0199809
0.0598979
0.019056
0.0685198
0.0172828
0.0760829
0.0150011
0.0825318
0.0122871
0.0881656
0.00941767
0.0923075
0.00630962
0.0966703
0.00307876
0.0999602
0.105908
0.0215901
0.049173
0.0219616
0.0595264
0.0210093
0.069472
0.019124
0.0779682
0.0166613
0.0849945
0.0136954
0.0911315
0.0105319
0.095471
0.00707199
0.10013
0.00346749
0.103565
0.109376
0.0235199
0.0471151
0.0239289
0.0591174
0.0229639
0.070437
0.0209822
0.0799499
0.0183546
0.0876222
0.0151408
0.0943453
0.0116921
0.0989196
0.00787219
0.10395
0.00388873
0.107548
0.113264
0.0254207
0.0449945
0.0258556
0.0586824
0.0248935
0.0713992
0.0228357
0.0820077
0.0200645
0.0903934
0.0166115
0.0977983
0.0128913
0.10264
0.00870595
0.108135
0.00434112
0.111913
0.117605
0.0272624
0.0428444
0.0277125
0.0582323
0.0267691
0.0723427
0.0246583
0.0841184
0.0217702
0.0932816
0.0180915
0.101477
0.0141185
0.106613
0.00956577
0.112688
0.00482165
0.116657
0.122427
0.0289983
0.0406911
0.0294613
0.0577693
0.0285553
0.0732487
0.0264189
0.0862548
0.0234452
0.0962552
0.0195599
0.105362
0.0153584
0.110814
0.0104405
0.117606
0.00532514
0.121772
0.127752
0.030544
0.0385762
0.031039
0.0572742
0.030203
0.0740848
0.0280768
0.0883811
0.0250554
0.0992766
0.0209898
0.109428
0.0165905
0.115213
0.0113147
0.122882
0.00584394
0.127243
0.133596
0.0318161
0.0365669
0.0323951
0.0566953
0.0316766
0.0748033
0.0296011
0.0904566
0.0265703
0.102307
0.0223531
0.113645
0.017792
0.119775
0.0121692
0.128505
0.00636859
0.133044
0.139965
0.0328323
0.0347011
0.033608
0.0559195
0.0330077
0.0754036
0.0310062
0.092458
0.0279609
0.105353
0.0236327
0.117973
0.0189091
0.124498
0.0129886
0.134425
0.00687284
0.13916
0.146838
0.128651
0.0507199
-0.14467
0.114769
0.0698016
0.101572
0.0886008
0.0887318
0.105298
0.0752013
0.118883
0.0617313
0.131443
0.0469489
0.13928
0.0320299
0.149344
0.0165761
0.154613
0.163414
0.146076
0.0660228
-0.161379
0.13164
0.0842373
0.117596
0.102644
0.103264
0.119631
0.0879761
0.134171
0.0721798
0.14724
0.0549172
0.156543
0.0375239
0.166738
0.0195339
0.172603
0.182948
0.162719
0.0805284
-0.177225
0.148291
0.098665
0.133668
0.117268
0.11829
0.135009
0.101555
0.150905
0.083728
0.165067
0.0641354
0.176136
0.0439885
0.186885
0.0227746
0.193817
0.205722
0.180816
0.09418
-0.194468
0.166287
0.113194
0.150877
0.132678
0.13421
0.151676
0.115859
0.169256
0.0958656
0.18506
0.0738195
0.198182
0.0505651
0.210139
0.0259341
0.218448
0.231656
0.200435
0.107419
-0.213674
0.185734
0.127896
0.169592
0.148819
0.151685
0.169584
0.131637
0.189304
0.109369
0.207328
0.0847547
0.222796
0.0584455
0.236448
0.0303526
0.246541
0.262009
0.221246
0.120289
-0.234116
0.206586
0.142556
0.190038
0.165367
0.171172
0.188449
0.149551
0.210926
0.12496
0.231919
0.0972086
0.250548
0.0666483
0.267009
0.0339742
0.279215
0.295983
0.245005
0.132993
-0.25771
0.230303
0.157259
0.213347
0.182323
0.193563
0.208233
0.170227
0.234262
0.142818
0.259328
0.111138
0.282227
0.0757601
0.302387
0.0384663
0.316509
0.334449
0.267081
0.144653
-0.27874
0.253758
0.170582
0.238176
0.197905
0.219229
0.22718
0.196239
0.257252
0.169052
0.286514
0.137456
0.313823
0.101343
0.3385
0.0563913
0.361461
0.390841
0.297103
0.149819
-0.30227
0.286005
0.18168
0.269497
0.214413
0.247679
0.248997
0.219624
0.285307
0.184259
0.321879
0.140595
0.357488
0.0913028
0.387792
0.0420948
0.410669
0.432935
0.295583
-0.270367
0.306409
0.305598
0.29523
0.276263
0.247447
0.208051
0.152687
0.0826895
0.0381515
-0.149857
-0.0329648
0.0414103
-0.164637
0.0437224
-0.179537
0.0454384
-0.196184
0.0465028
-0.214739
0.0471063
-0.23472
0.0464944
-0.257098
0.0455662
-0.277812
0.0389162
-0.29562
-0.256884
0.036974
-0.154209
-0.0326215
0.0398757
-0.167539
0.0419842
-0.181645
0.0435317
-0.197731
0.0444709
-0.215678
0.044964
-0.235213
0.0443187
-0.256452
0.0431806
-0.276673
0.0360586
-0.288498
-0.242693
0.0354353
-0.157975
-0.031669
0.037992
-0.170096
0.0398888
-0.183542
0.0412722
-0.199115
0.0421159
-0.216522
0.0425197
-0.235617
0.0419066
-0.255839
0.040543
-0.27531
0.0330774
-0.281032
-0.227854
0.0333944
-0.161225
-0.0301446
0.0356223
-0.172324
0.0373156
-0.185235
0.0385591
-0.200358
0.039347
-0.21731
0.0397173
-0.235987
0.039189
-0.255311
0.0376496
-0.27377
0.0299282
-0.273311
-0.212511
0.0308149
-0.163984
-0.0280565
0.032721
-0.17423
0.0342316
-0.186746
0.0353738
-0.201501
0.0361551
-0.218091
0.0365552
-0.236387
0.0361635
-0.254919
0.0345026
-0.27211
0.0266457
-0.265454
-0.196803
0.0276901
-0.16626
-0.025414
0.0292879
-0.175828
0.0306466
-0.188104
0.0317331
-0.202587
0.0325597
-0.218918
0.0330512
-0.236879
0.0328395
-0.254708
0.031108
-0.270378
0.0232898
-0.257636
-0.180853
0.0240442
-0.168062
-0.0222417
0.0253551
-0.177139
0.0265974
-0.189347
0.027675
-0.203665
0.028596
-0.219839
0.0292346
-0.237517
0.0292325
-0.254706
0.0274608
-0.268606
0.0199189
-0.250094
-0.164813
0.0199234
-0.169404
-0.0185818
0.0209754
-0.178191
0.0221371
-0.190509
0.0232499
-0.204777
0.0243095
-0.220898
0.0251444
-0.238352
0.0253695
-0.254931
0.0235622
-0.266799
0.016486
-0.243018
-0.149123
0.0153916
-0.170302
-0.0144933
0.0162182
-0.179017
0.0173319
-0.191622
0.0185189
-0.205964
0.0197548
-0.222134
0.0208291
-0.239426
0.0213005
-0.255402
0.0195047
-0.265003
0.0127352
-0.236248
-0.13488
0.0105279
-0.17078
-0.0100498
0.0111665
-0.179656
0.0122587
-0.192715
0.0135516
-0.207257
0.0149934
-0.223576
0.0163435
-0.240777
0.0170919
-0.256151
0.0154338
-0.263345
0.00896083
-0.229775
-0.122601
0.00543567
-0.170866
-0.00535017
0.0059242
-0.180144
0.00701301
-0.193803
0.00843255
-0.208677
0.0100992
-0.225242
0.0117522
-0.24243
0.0128157
-0.257214
0.0114204
-0.26195
0.00534509
-0.2237
-0.112089
0.000125074
-0.170519
-0.000471827
0.000574893
-0.180594
0.00166211
-0.194891
0.00322009
-0.210235
0.00512131
-0.227144
0.00709635
-0.244405
0.00851856
-0.258636
0.00748366
-0.260915
0.00171389
-0.21793
-0.103231
-0.00507812
-0.1699
0.004459
-0.00477723
-0.180895
-0.003688
-0.19598
-0.0019996
-0.211923
0.000131099
-0.229274
0.00244288
-0.246716
0.00424432
-0.260438
0.00367101
-0.260342
-0.00146446
-0.212795
-0.095491
-0.0102562
-0.168966
0.00932238
-0.0100208
-0.181131
-0.00895404
-0.197047
-0.00715302
-0.213724
-0.00480768
-0.23162
-0.00218686
-0.249337
-3.23695e-05
-0.262592
0.000132252
-0.260506
-0.00423417
-0.208428
-0.0883895
-0.0152302
-0.16773
0.013994
-0.0150733
-0.181287
-0.0140567
-0.198063
-0.0121761
-0.215605
-0.00964618
-0.23415
-0.0067165
-0.252267
-0.00406084
-0.265248
-0.00368985
-0.260877
-0.00715972
-0.204959
-0.0820054
-0.0199006
-0.166182
0.0183531
-0.0198592
-0.181329
-0.0189257
-0.198997
-0.0170081
-0.217522
-0.0143306
-0.236827
-0.0111175
-0.25548
-0.00806173
-0.268304
-0.00718219
-0.261757
-0.0100826
-0.202058
-0.07629
-0.0241606
-0.164318
0.0222964
-0.0242816
-0.181208
-0.0234656
-0.199813
-0.0215628
-0.219425
-0.0187861
-0.239604
-0.0153316
-0.258934
-0.0119048
-0.27173
-0.0105298
-0.263132
-0.0129471
-0.199641
-0.0711675
-0.0278491
-0.162212
0.0257432
-0.0281928
-0.180864
-0.0275435
-0.200462
-0.0257259
-0.221243
-0.0229203
-0.24241
-0.0192919
-0.262563
-0.0155467
-0.275476
-0.013727
-0.264951
-0.0157311
-0.197637
-0.0665579
-0.0309436
-0.159916
0.0286472
-0.0316178
-0.18019
-0.0312019
-0.200878
-0.0295445
-0.2229
-0.026782
-0.245172
-0.0230427
-0.266302
-0.0190229
-0.279495
-0.0167977
-0.267177
-0.0184418
-0.195993
-0.0623974
-0.0337581
-0.157147
0.0309892
-0.0348612
-0.179087
-0.0347222
-0.201017
-0.0332889
-0.224333
-0.0306045
-0.247856
-0.026765
-0.270142
-0.0223778
-0.283882
-0.0197561
-0.269798
-0.0208576
-0.194891
-0.0583571
-0.0255051
-0.150933
0.0192913
-0.0301909
-0.174401
-0.0330542
-0.198154
-0.0342677
-0.22312
-0.0339861
-0.248138
-0.0342973
-0.269831
-0.0401696
-0.27801
-0.0592752
-0.250693
-0.0896704
-0.164496
-0.0355216
-0.0512201
-0.145211
0.045498
-0.055752
-0.169869
-0.0590371
-0.194869
-0.0607709
-0.221386
-0.0614795
-0.247429
-0.0640097
-0.2673
-0.0747482
-0.267272
-0.099882
-0.225559
-0.133776
-0.130602
-0.0170114
-0.0749374
-0.138956
0.0686822
-0.0809609
-0.163846
-0.0856885
-0.190141
-0.0888538
-0.218221
-0.0914245
-0.244859
-0.0973076
-0.261417
-0.11355
-0.251029
-0.143922
-0.195187
-0.178104
-0.0964203
-0.00330308
-0.0994109
-0.13092
0.0913753
-0.107663
-0.155593
-0.114628
-0.183176
-0.120005
-0.212844
-0.125255
-0.239608
-0.135495
-0.251177
-0.157916
-0.228608
-0.192784
-0.160319
-0.225196
-0.0640083
0.00530659
-0.124023
-0.119756
0.112858
-0.135506
-0.14411
-0.145965
-0.172717
-0.155037
-0.203772
-0.164729
-0.229916
-0.181025
-0.234881
-0.209891
-0.199743
-0.247061
-0.123149
-0.275101
-0.0359686
0.00910037
-0.148079
-0.105237
0.13356
-0.164282
-0.127907
-0.180171
-0.156827
-0.195364
-0.18858
-0.212154
-0.213126
-0.236213
-0.210822
-0.270509
-0.165446
-0.30649
-0.0871678
-0.327446
-0.0150126
0.00881203
-0.171455
-0.0839595
0.150177
-0.193942
-0.10542
-0.217469
-0.1333
-0.241832
-0.164216
-0.268744
-0.186215
-0.301656
-0.17791
-0.33912
-0.127982
-0.370097
-0.0561907
-0.382576
-0.00253406
0.00593452
-0.192101
-0.0608209
0.168963
-0.220802
-0.0767199
-0.253759
-0.100343
-0.29038
-0.127595
-0.331066
-0.145529
-0.375232
-0.133744
-0.415886
-0.0873286
-0.440954
-0.0311229
-0.446197
0.00270921
0.00229946
-0.199082
-0.0311876
0.169449
-0.234854
-0.0409482
-0.279143
-0.0560528
-0.333069
-0.0736695
-0.394806
-0.0837918
-0.455771
-0.0727789
-0.500988
-0.0421107
-0.520319
-0.0117924
-0.519908
0.00229853
-4.02341e-05
-0.196318
0.16513
-0.237266
-0.293319
-0.366988
-0.45078
-0.523559
-0.56567
-0.577462
-0.575163
-0.0374264
0.0239285
0.0327892
-0.0400512
0.0481228
-0.0411534
0.0697845
-0.0406326
0.0908546
-0.0382733
0.110499
-0.0341255
0.129412
-0.0280883
0.14414
-0.0196616
0.160536
-0.0103427
0.16013
0.154787
-0.0371455
0.0275844
0.0334895
-0.0391002
0.0500775
-0.0397353
0.0704196
-0.0387901
0.0899093
-0.0361831
0.107892
-0.0318625
0.125092
-0.0260627
0.13834
-0.0179202
0.152393
-0.0094643
0.151674
0.145323
-0.0367461
0.0307324
0.0335981
-0.0381404
0.0514717
-0.038298
0.0705773
-0.0369481
0.0885594
-0.0340958
0.10504
-0.0296977
0.120694
-0.024014
0.132656
-0.0163699
0.144749
-0.00854689
0.143851
0.136776
-0.0359176
0.0334892
0.0331608
-0.0368844
0.0524384
-0.0366387
0.0703316
-0.0349644
0.0868851
-0.0319403
0.102016
-0.0275334
0.116287
-0.0220252
0.127148
-0.0148769
0.137601
-0.00766649
0.13664
0.12911
-0.0346654
0.0358936
0.032261
-0.0353085
0.0530816
-0.0347438
0.0697668
-0.0328392
0.0849805
-0.0297235
0.0989
-0.0253797
0.111943
-0.0200912
0.121859
-0.013447
0.130957
-0.00681737
0.130011
0.122292
-0.0330702
0.0379892
0.0309745
-0.0334672
0.0534786
-0.0326551
0.0689547
-0.0306041
0.0829295
-0.0274685
0.0957644
-0.0232494
0.107724
-0.0182191
0.116829
-0.0120793
0.124817
-0.00600483
0.123936
0.116287
-0.0312018
0.0398194
0.0293717
-0.0314172
0.053694
-0.0304238
0.0679613
-0.0282991
0.0808048
-0.0252048
0.0926701
-0.0211594
0.103678
-0.0164192
0.112089
-0.0107774
0.119175
-0.00523805
0.118397
0.111049
-0.0291219
0.0414187
0.0275225
-0.0292092
0.0537814
-0.0280964
0.0668484
-0.025961
0.0786694
-0.0229599
0.089669
-0.019127
0.0998456
-0.0147019
0.107664
-0.00954837
0.114022
-0.0045257
0.113374
0.106524
-0.0268925
0.0428145
0.0254967
-0.0268946
0.0537835
-0.0257184
0.0656722
-0.0236247
0.0765757
-0.0207597
0.086804
-0.0171689
0.0962548
-0.013077
0.103572
-0.00839916
0.109344
-0.00387382
0.108849
0.10265
-0.0245753
0.044028
0.0233618
-0.0245256
0.0537337
-0.0233342
0.0644808
-0.0213237
0.0745652
-0.0186284
0.0841087
-0.0153001
0.0929265
-0.0115529
0.0998248
-0.00733465
0.105126
-0.00328487
0.104799
0.0993649
-0.0222312
0.045075
0.0211842
-0.0221542
0.0536567
-0.0209876
0.0633142
-0.0190909
0.0726685
-0.01659
0.0816078
-0.0135356
0.089872
-0.0101381
0.0964274
-0.00635822
0.101346
-0.00275876
0.1012
0.0966062
-0.0199052
0.0459656
0.0190146
-0.0198157
0.0535673
-0.0187049
0.0622034
-0.0169432
0.0709069
-0.0146541
0.0793187
-0.011878
0.087096
-0.00883125
0.0933806
-0.00546577
0.0979802
-0.00229091
0.0980248
0.0943153
-0.0176438
0.046705
0.0169044
-0.0175473
0.0534708
-0.0165147
0.0611708
-0.014901
0.0692931
-0.0128339
0.0772516
-0.010334
0.0845961
-0.00763394
0.0906805
-0.00465545
0.0950017
-0.00187796
0.0952473
0.0924373
-0.0154818
0.0472947
0.0148922
-0.0153737
0.0533627
-0.0144335
0.0602306
-0.0129735
0.0678331
-0.0111331
0.0754111
-0.00890219
0.0823652
-0.0065422
0.0883205
-0.00392206
0.0923815
-0.00151577
0.092841
0.0909215
-0.013445
0.0477331
0.0130065
-0.0133105
0.0532282
-0.0124689
0.0593891
-0.011163
0.0665272
-0.00954933
0.0737975
-0.00757661
0.0803925
-0.00554866
0.0862926
-0.00325897
0.0900918
-0.00120074
0.0907828
0.0897208
-0.0115502
0.048017
0.0112662
-0.0113652
0.0530432
-0.0106206
0.0586445
-0.00946506
0.0653716
-0.00807464
0.0724071
-0.00634694
0.0786648
-0.00464292
0.0845886
-0.00265835
0.0881073
-0.000929915
0.0890544
0.0887909
-0.00980226
0.0481397
0.00967963
-0.00953736
0.0527783
-0.00888182
0.0579889
-0.00787022
0.06436
-0.00669672
0.0712336
-0.00519978
0.0771678
-0.00381218
0.083201
-0.00211149
0.0864066
-0.000700845
0.0876437
0.08809
-0.00819134
0.0480878
0.00824316
-0.00782092
0.0524079
-0.00724266
0.0574107
-0.0063675
0.0634849
-0.00540175
0.0702678
-0.00412105
0.0758871
-0.00304275
0.0821227
-0.0016094
0.0849732
-0.000511294
0.0865456
0.0875787
-0.00671747
0.0478622
0.00694314
-0.00622253
0.051913
-0.0057043
0.0568924
-0.00495333
0.0627339
-0.00418194
0.0694964
-0.00309903
0.0748042
-0.0023237
0.0813473
-0.00114353
0.083793
-0.000359134
0.0857612
0.0872196
-0.00540651
0.0474868
0.00578184
-0.00477014
0.0512766
-0.00427808
0.0564004
-0.00364307
0.0620989
-0.00303236
0.0688857
-0.00214502
0.0739169
-0.00163476
0.0808371
-0.00071907
0.0828773
-0.000237128
0.0852793
0.0869825
-0.063604
0.0385358
0.0725551
-0.0566663
0.044339
-0.0505533
0.0502874
-0.0445141
0.0560597
-0.0376153
0.0619869
-0.0306889
0.0669904
-0.0225459
0.0726942
-0.0149688
0.0753002
-0.00727118
0.0775817
0.0797113
-0.0581163
0.0327002
0.0639518
-0.0522042
0.0384269
-0.0463138
0.0443969
-0.040232
0.0499779
-0.0337485
0.0555034
-0.027257
0.0604989
-0.019994
0.0654311
-0.0136395
0.0689457
-0.00710434
0.0710465
0.072607
-0.0516126
0.0276643
0.0566484
-0.0464182
0.0332326
-0.040935
0.0389137
-0.0352316
0.0442745
-0.0292802
0.049552
-0.0233819
0.0546007
-0.0169995
0.0590487
-0.0115196
0.0634659
-0.0058819
0.0654088
0.0667251
-0.0457409
0.0231928
0.0502124
-0.0408832
0.0283749
-0.0355968
0.0336273
-0.0300489
0.0387267
-0.0243559
0.0438589
-0.018813
0.0490578
-0.0131329
0.0533685
-0.00840626
0.0587392
-0.00399755
0.0610001
0.0627275
-0.0402566
0.0192494
0.0442
-0.0356801
0.0237984
-0.0305347
0.0284819
-0.0250193
0.0332112
-0.0193421
0.0381818
-0.0139198
0.0436355
-0.00871472
0.0481634
-0.00456955
0.0545941
-0.00175997
0.0581905
0.0609675
-0.0354547
0.0156004
0.0391037
-0.0309911
0.0193348
-0.0258089
0.0232997
-0.0201381
0.0275404
-0.0142172
0.0322609
-0.00853541
0.0379538
-0.0036773
0.0433053
0.000573785
0.050343
0.00120139
0.0575629
0.0621689
-0.0321147
0.0121706
0.0355445
-0.0275456
0.0147658
-0.0220661
0.0178202
-0.0159346
0.0214089
-0.00938928
0.0257155
-0.00266991
0.0312344
0.0024022
0.0382332
0.00676843
0.0459768
0.00626459
0.0580668
0.0684335
-0.0348271
0.00849462
0.0385031
-0.0297969
0.00973556
-0.0236813
0.0117046
-0.0166226
0.0143502
-0.00873765
0.0178306
0.000220476
0.0222763
0.00751264
0.0309411
0.0140764
0.039413
0.01396
0.0581831
0.0823935
-0.0685064
0.00375732
0.0732437
-0.0628766
0.00410582
-0.0561392
0.00496716
-0.0479962
0.00620716
-0.0381251
0.00795947
-0.0267422
0.0108934
-0.0133855
0.0175843
0.00299994
0.0230276
0.0136898
0.0474932
0.0960834
-0.218322
0.222079
-0.214216
-0.209249
-0.203041
-0.195082
-0.184189
-0.166604
-0.143577
-0.0960834
-0.00459032
0.0719009
0.00524447
-0.00326455
0.0626261
-0.00218163
0.0555655
-0.00117932
0.0492101
-0.000417143
0.0434378
6.35583e-05
0.038623
0.000123922
0.0354841
-0.000560541
0.0391876
-0.00199709
0.0746802
0.220082
-0.00368016
0.0712972
0.00428386
-0.00266411
0.06161
-0.00179457
0.054696
-0.000960611
0.0483761
-0.000334532
0.0428117
4.90431e-05
0.0382394
6.31163e-05
0.0354701
-0.000538174
0.0397889
-0.00176569
0.0759077
0.218316
-0.00282274
0.0708061
0.00331384
-0.00209132
0.0608786
-0.00142243
0.0540271
-0.000759255
0.0477129
-0.000258344
0.0423108
4.44142e-05
0.0379366
3.28861e-05
0.0354816
-0.000482619
0.0403044
-0.00151342
0.0769385
0.216803
-0.00203482
0.0704391
0.00240181
-0.00158199
0.0604258
-0.00108991
0.053535
-0.000579334
0.0472023
-0.000184765
0.0419162
5.24743e-05
0.0376994
3.49258e-05
0.0354991
-0.000387203
0.0407265
-0.00124093
0.0777923
0.215562
-0.00135125
0.0701961
0.00159422
-0.00114596
0.0602205
-0.000801768
0.0531908
-0.000420953
0.0468215
-0.000112027
0.0416073
7.77821e-05
0.0375096
6.71269e-05
0.0355098
-0.000260526
0.0410542
-0.000954892
0.0784866
0.214607
-0.00078887
0.0700665
0.000918482
-0.000779453
0.0602111
-0.000553028
0.0529644
-0.000278597
0.0465471
-3.67774e-05
0.0413655
0.000118581
0.0373542
0.000124737
0.0355036
-0.000110758
0.0412896
-0.000662198
0.0790381
0.213945
-0.000348853
0.0700307
0.000384678
-0.000474757
0.060337
-0.000337315
0.052827
-0.000146869
0.0463567
4.40513e-05
0.0411746
0.000173725
0.0372245
0.000201592
0.0354758
5.10839e-05
0.0414402
-0.000368116
0.0794573
0.213577
-1.79645e-05
0.0700511
-2.40013e-06
-0.000220767
0.0605398
-0.000148006
0.0527542
-2.13317e-05
0.04623
0.000124625
0.0410286
0.000239562
0.0371096
0.000290736
0.0354246
0.000217725
0.0415132
-7.80187e-05
0.079753
0.213498
0.000220615
0.0701299
-0.000299477
-4.74208e-06
0.0607651
1.93365e-05
0.0527301
9.76218e-05
0.0461517
0.000208464
0.0409178
0.000311567
0.0370065
0.00038529
0.0353509
0.000387086
0.0415114
0.000209725
0.0799304
0.213708
0.000398766
0.0702286
-0.000497421
0.000185759
0.0609781
0.000173754
0.0527421
0.000209995
0.0461154
0.000292162
0.0408356
0.000384352
0.0369143
0.000478476
0.0352568
0.000550921
0.0414389
0.000485736
0.0799956
0.214194
0.000533405
0.0703313
-0.000636126
0.000356048
0.0611555
0.00031361
0.0527846
0.000316993
0.0461121
0.000369793
0.0407828
0.000451245
0.0368329
0.000563264
0.0351447
0.000702113
0.0413001
0.00074718
0.0799505
0.214941
0.000654485
0.0704344
-0.000757562
0.000522415
0.0612876
0.000447538
0.0528594
0.0004183
0.0461413
0.0004401
0.040761
0.000509003
0.036764
0.000636221
0.0350175
0.000837712
0.0410986
0.0009934
0.0797948
0.215935
0.000775017
0.0705437
-0.00088431
0.00068688
0.0613757
0.000575819
0.0529705
0.000510515
0.0462066
0.000498606
0.0407729
0.000552505
0.0367101
0.000692524
0.0348775
0.000953316
0.0408378
0.00122066
0.0795275
0.217155
0.000910932
0.070676
-0.0010433
0.00085474
0.0614319
0.000701705
0.0531235
0.000593304
0.046315
0.000543297
0.0408229
0.00057876
0.0366746
0.000729372
0.0347269
0.00104658
0.0405206
0.00142674
0.0791473
0.218582
0.00107922
0.070858
-0.00126113
0.00103248
0.0614786
0.000829655
0.0533264
0.000667737
0.0464769
0.000573468
0.0409172
0.000585946
0.0366621
0.000745069
0.0345678
0.00111646
0.0401492
0.00161025
0.0786535
0.220192
0.00130024
0.0711222
-0.00156453
0.00122914
0.0615497
0.000965983
0.0535895
0.000736887
0.046706
0.000590006
0.0410641
0.000573496
0.0366786
0.000738831
0.0344024
0.0011631
0.0397249
0.00177087
0.0780458
0.221963
0.00159911
0.0715031
-0.00198
0.00145741
0.0616914
0.00111918
0.0539277
0.000806109
0.0470191
0.00059556
0.0412746
0.00054207
0.0367321
0.000710322
0.0342342
0.00118734
0.0392479
0.001909
0.0773241
0.223872
0.00200091
0.072034
-0.00253179
0.00173216
0.0619602
0.00129876
0.0543611
0.000882511
0.0474353
0.000594451
0.0415627
0.000493287
0.0368333
0.000658586
0.0340689
0.00118984
0.0387166
0.0020249
0.076489
0.225897
0.00252509
0.0727407
-0.00323177
0.0020684
0.0624169
0.00151453
0.054915
0.000974335
0.0479755
0.000592567
0.0419444
0.00042941
0.0369964
0.000580801
0.0339175
0.00117033
0.0381271
0.00212271
0.0755366
0.22802
0.00324322
0.0735522
-0.00405476
0.00249296
0.0631671
0.00178646
0.0556215
0.00110083
0.0486612
0.00060617
0.0424391
0.000362077
0.0372405
0.000482365
0.0337972
0.00114376
0.0374657
0.00222323
0.0744572
0.230243
-0.0449197
0.0621241
0.0563478
-0.0356522
0.0538996
-0.0285907
0.04856
-0.022812
0.0428825
-0.0178915
0.0375186
-0.0135249
0.0328739
-0.00968873
0.0299611
-0.00650869
0.0342857
-0.00415807
0.0721066
0.226085
-0.047384
0.0530498
0.0564584
-0.0404626
0.0469782
-0.0339558
0.0420531
-0.0280505
0.0369773
-0.0226261
0.0320942
-0.0175053
0.0277531
-0.0126217
0.0250774
-0.0080595
0.0297235
-0.00389744
0.0679445
0.222187
-0.0510477
0.0450396
0.059058
-0.0449094
0.0408399
-0.0387022
0.035846
-0.0327448
0.0310198
-0.0269442
0.0262936
-0.0211435
0.0219524
-0.0152363
0.0191702
-0.00930117
0.0237884
-0.0037772
0.0624205
0.21841
-0.055569
0.0383414
0.0622672
-0.0495589
0.0348298
-0.0434609
0.029748
-0.0374316
0.0249905
-0.0313471
0.0202091
-0.0250064
0.0156117
-0.0182247
0.0123885
-0.0110537
0.0166174
-0.00417968
0.0555465
0.21423
-0.0604255
0.0313497
0.0674171
-0.054274
0.0286784
-0.0482635
0.0237374
-0.0422797
0.0190068
-0.03609
0.0140193
-0.0293851
0.00890684
-0.0219336
0.00493691
-0.0135359
0.00821971
-0.00507669
0.0470873
0.209154
-0.0644057
0.0258695
0.0698858
-0.0587577
0.0230304
-0.053217
0.0181967
-0.0476969
0.0134867
-0.0418936
0.00821609
-0.0350369
0.00205011
-0.0265861
-0.00351383
-0.0165137
-0.00185275
-0.00673923
0.0373128
0.202415
-0.0693971
0.0188181
0.0764485
-0.0629742
0.0166076
-0.0573076
0.0125301
-0.0520544
0.00823345
-0.0470461
0.00320785
-0.0419837
-0.00301238
-0.0351647
-0.0103328
-0.0262051
-0.0108124
-0.0138299
0.0249376
0.188585
-0.0728332
0.0134974
0.0781539
-0.0675613
0.0113357
-0.0630413
0.00801002
-0.0591218
0.0043139
-0.0549194
-0.000994517
-0.0505181
-0.0074137
-0.045136
-0.0157148
-0.0368664
-0.0190819
-0.0219815
0.0100527
0.166603
-0.0765405
0.00682539
0.0832125
-0.0707161
0.00551127
-0.0663488
0.00364278
-0.0635328
0.0014979
-0.0629562
-0.0015711
-0.0635382
-0.00683175
-0.065026
-0.0142269
-0.0643473
-0.0197607
-0.0562771
0.00198242
0.110326
-0.08057
0.0873954
-0.0750587
-0.071416
-0.0699181
-0.0714892
-0.0783209
-0.0925479
-0.112309
-0.110326
0.00372724
0.0572092
-0.00458861
0.0027912
0.0573944
0.00209762
0.0597516
0.00148383
0.062881
0.00113114
0.0677698
0.00050186
0.0705151
0.000531925
0.0764184
0.000162333
0.0785235
0.000309131
0.0830657
0.0877045
0.00471689
0.0580252
-0.00553293
0.00379871
0.0583126
0.00306714
0.0604831
0.00237262
0.0635755
0.00189701
0.0682454
0.00118814
0.071224
0.00103996
0.0765666
0.000539153
0.0790243
0.000492497
0.0831124
0.088197
0.00585711
0.0586148
-0.00644666
0.00501832
0.0591514
0.00424994
0.0612515
0.00345875
0.0643667
0.00282614
0.068878
0.00199444
0.0720557
0.00162207
0.076939
0.000966627
0.0796798
0.00068495
0.083394
0.088882
0.00702031
0.0589231
-0.00732865
0.00632649
0.0598452
0.00555058
0.0620274
0.00466391
0.0652534
0.00387076
0.0696712
0.002888
0.0730384
0.0022786
0.0775484
0.00143681
0.0805216
0.000891149
0.0839397
0.0897731
0.00821237
0.0589374
-0.0082267
0.0077041
0.0603535
0.00693981
0.0627917
0.00596445
0.0662288
0.00500608
0.0706295
0.00385724
0.0741873
0.00299619
0.0784094
0.00194365
0.0815741
0.00110731
0.084776
0.0908804
0.00949082
0.058646
-0.00919939
0.00917465
0.0606697
0.00842241
0.0635439
0.00735591
0.0672953
0.00622527
0.0717602
0.00489367
0.0755189
0.00376844
0.0795346
0.00248084
0.0828617
0.0013334
0.0859235
0.0922138
0.010894
0.0580471
-0.0102951
0.0107525
0.0608111
0.0100004
0.064296
0.00883393
0.0684618
0.00752256
0.0730715
0.00599093
0.0770505
0.00459078
0.0809348
0.0030447
0.0844078
0.00157159
0.0873966
0.0937854
0.0124347
0.0571528
-0.0115404
0.0124378
0.060808
0.0116691
0.0650648
0.010392
0.0697389
0.0088918
0.0745717
0.0071446
0.0787977
0.00546036
0.082619
0.0036347
0.0862334
0.00182541
0.0892059
0.0956108
0.014106
0.0559848
-0.012938
0.0142215
0.0606926
0.0134206
0.0658656
0.0120235
0.071136
0.0103284
0.0762668
0.00835237
0.0807737
0.00637666
0.0845947
0.00425286
0.0883572
0.00209915
0.0913596
0.09771
0.0158868
-0.0144721
0.0160881
0.0152454
0.013722
0.0118289
0.00961333
0.00734098
0.00490264
0.00239709
0.000754239
-0.00205509
0.00253665
-0.0069415
0.00508074
-0.0115589
0.00818163
-0.0155111
0.0116798
-0.0186235
0.0154581
-0.0208664
0.0194422
-0.02231
0.0236088
-0.0230879
0.0280244
-0.0233895
-0.0235413
0.000826257
-0.00288135
0.00271563
-0.00883087
0.00536093
-0.0142042
0.0085358
-0.018686
0.0120729
-0.0221606
0.0158571
-0.0246506
0.0198207
-0.0262736
0.0239396
-0.0272068
0.028222
-0.0276719
-0.0279408
0.000889191
-0.00377054
0.00285873
-0.0108004
0.00556054
-0.016906
0.00874735
-0.0218728
0.0122443
-0.0256575
0.0159362
-0.0283426
0.0197568
-0.0300942
0.0236741
-0.031124
0.0276658
-0.0316636
-0.0319439
0.000938313
-0.00470886
0.00295268
-0.0128148
0.00565639
-0.0196097
0.00878422
-0.0250006
0.0121569
-0.0290302
0.0156629
-0.0318485
0.0192413
-0.0336727
0.0228636
-0.0347463
0.0265101
-0.0353102
-0.0355783
0.000969058
-0.00567791
0.00298566
-0.0148314
0.00562958
-0.0222536
0.00862317
-0.0279942
0.0117886
-0.0321957
0.0150236
-0.0350835
0.0182795
-0.0369285
0.0215402
-0.038007
0.024802
-0.038572
-0.0388328
0.000977288
-0.0066552
0.00294804
-0.0168021
0.00546656
-0.0247722
0.00825042
-0.030778
0.0111303
-0.0350756
0.0140194
-0.0379726
0.0168862
-0.0397953
0.0197318
-0.0408526
0.02257
-0.0414102
-0.0416769
0.000959545
-0.00761475
0.00283302
-0.0186756
0.00515992
-0.027099
0.00766196
-0.0332801
0.0101857
-0.0375993
0.0126645
-0.0404514
0.0150871
-0.042218
0.017472
-0.0432375
0.0198479
-0.043786
-0.0440707
0.000913295
-0.00852804
0.00263717
-0.0203995
0.00470884
-0.0291707
0.00686364
-0.0354349
0.00897027
-0.0397059
0.0109858
-0.0424669
0.0129194
-0.0441516
0.0148048
-0.0451229
0.0166811
-0.0456623
-0.0459715
0.000837154
-0.0093652
0.00236068
-0.021923
0.00411922
-0.0309293
0.00587068
-0.0371863
0.00751079
-0.041346
0.00902151
-0.0439776
0.0104309
-0.045561
0.0117845
-0.0464764
0.0131269
-0.0470048
-0.0473378
0.000730834
-0.010096
0.00200741
-0.0231996
0.00340322
-0.0323251
0.00470661
-0.0384897
0.00584329
-0.0424827
0.00681936
-0.0449537
0.00767882
-0.0464205
0.00847509
-0.0472727
0.00925451
-0.0477842
-0.0481331
0.00065109
-0.0107471
0.00166935
-0.0242178
0.00267405
-0.0333298
0.00349682
-0.0393125
0.00409854
-0.0430844
0.0045099
-0.0453651
0.00478901
-0.0466996
0.00499458
-0.0474783
0.00517217
-0.0479618
-0.0483111
0.000511184
-0.0112583
0.00121887
-0.0249255
0.00179601
-0.0339069
0.00211812
-0.0396346
0.00217785
-0.0431442
0.0020252
-0.0452124
0.001727
-0.0464014
0.00134337
-0.0470947
0.00091721
-0.0475356
-0.0478657
0.000353643
-0.0116119
0.00072759
-0.0252995
0.000860844
-0.0340402
0.000675824
-0.0394496
0.000194871
-0.0426632
-0.000516878
-0.0445007
-0.00138772
-0.0455306
-0.00235846
-0.0461239
-0.00338916
-0.0465049
-0.0467959
0.000182977
-0.0117949
0.000209628
-0.0253261
-0.000104993
-0.0337256
-0.000790525
-0.0387641
-0.00179797
-0.0416558
-0.00305144
-0.0432472
-0.00447805
-0.0441039
-0.00602121
-0.0445808
-0.00764302
-0.0448831
-0.0451165
3.11191e-06
-0.011798
-0.000319932
-0.0250031
-0.00107439
-0.0329711
-0.00224128
-0.0375972
-0.00374869
-0.0401484
-0.00551409
-0.0414818
-0.00746647
-0.0421516
-0.00955323
-0.042494
-0.0117374
-0.0426989
-0.0428598
-0.000177322
-0.0116207
-0.000845476
-0.0243349
-0.00202067
-0.0317959
-0.0036387
-0.0359791
-0.00560836
-0.0381787
-0.00784383
-0.0392463
-0.0102785
-0.0397169
-0.0128654
-0.0399071
-0.0155681
-0.0399963
-0.0400748
-0.000355668
-0.011265
-0.00135237
-0.0233382
-0.00291924
-0.0302291
-0.00494873
-0.0339497
-0.00733334
-0.0357941
-0.00998624
-0.0365934
-0.012847
-0.0368561
-0.0158767
-0.0368774
-0.019042
-0.0368309
-0.0368204
-0.000525512
-0.0107395
-0.00182695
-0.0220368
-0.00374836
-0.0283077
-0.00614229
-0.0315557
-0.0088874
-0.033049
-0.0118966
-0.0335842
-0.0151161
-0.0336367
-0.0185177
-0.0334758
-0.0220789
-0.0332698
-0.0331561
-0.000681901
-0.0100576
-0.00225722
-0.0204615
-0.00448972
-0.0260752
-0.00719613
-0.0288493
-0.0102434
-0.0300018
-0.0135437
-0.0302838
-0.0170474
-0.0301329
-0.0207364
-0.0297868
-0.0246063
-0.0293999
-0.0291153
-0.000820494
-0.00923715
-0.00263315
-0.0186488
-0.0051286
-0.0235797
-0.00809269
-0.0258852
-0.0113832
-0.0267112
-0.0149123
-0.0267547
-0.0186315
-0.0264137
-0.0225281
-0.0258903
-0.0266415
-0.0252865
-0.0247675
-0.000936466
-0.00830068
-0.00294976
-0.0166355
-0.00566247
-0.020867
-0.00883311
-0.0227146
-0.012313
-0.0232314
-0.0160174
-0.0230503
-0.0199038
-0.0225273
-0.0239536
-0.0218405
-0.0281778
-0.0210622
-0.0201561
-0.00103907
-0.0072616
-0.00320851
-0.0144661
-0.00607854
-0.017997
-0.00938827
-0.0194049
-0.0129853
-0.0196343
-0.0167875
-0.0192482
-0.020754
-0.0185607
-0.0248652
-0.0177293
-0.0291174
-0.0168101
-0.015784
-0.00111342
-0.00614818
-0.00339224
-0.0121873
-0.00636432
-0.0150249
-0.00975262
-0.0160166
-0.0134003
-0.0159866
-0.0172242
-0.0154243
-0.0211816
-0.0146033
-0.025248
-0.0136629
-0.029402
-0.012656
-0.0115879
-0.0011595
-0.00498868
-0.0035011
-0.00984569
-0.00652127
-0.0120047
-0.00993034
-0.0126075
-0.0135668
-0.0123502
-0.017345
-0.0116461
-0.0212201
-0.0107282
-0.0251652
-0.0097178
-0.0291563
-0.00866496
-0.00758335
-0.00117819
-0.00381049
-0.00353782
-0.00748605
-0.00655548
-0.00898704
-0.00993279
-0.00923021
-0.0135043
-0.00877869
-0.0171822
-0.0079682
-0.0209207
-0.00698976
-0.0246934
-0.00594509
-0.0284801
-0.00487824
-0.00380247
-0.00117121
-0.00263928
-0.00350737
-0.00514989
-0.00647661
-0.00601779
-0.00977613
-0.0059307
-0.0132378
-0.005317
-0.0167723
-0.00443373
-0.0203335
-0.00342852
-0.0238973
-0.00238135
-0.0274481
-0.00132741
-0.00027601
-0.00114099
-0.00149829
-0.00341641
-0.00287447
-0.00629689
-0.00313731
-0.00947946
-0.00274813
-0.0127948
-0.00200165
-0.0161525
-0.00107609
-0.0195064
-7.45581e-05
-0.0228344
0.00094667
-0.026125
0.00196312
0.00297071
-0.00109048
-0.000407806
-0.00327285
-0.00069211
-0.00603027
-0.00037989
-0.00906365
0.000285251
-0.0122039
0.0011386
-0.0153598
0.00207978
-0.0184853
0.00305092
-0.0215592
0.00402064
-0.0245728
0.00497667
0.00592046
-0.00102291
0.000615108
-0.00308532
0.0013703
-0.00569163
0.00222642
-0.00855032
0.00314394
-0.0114939
0.0040822
-0.0144307
0.00501655
-0.0173142
0.00593439
-0.0201237
0.00683021
-0.0228518
0.00770479
0.00856536
-0.000941594
0.0015567
-0.00286283
0.00329154
-0.00529626
0.00465985
-0.00796122
0.0058089
-0.0106932
0.00681422
-0.0134004
0.00772375
-0.0160356
0.00856955
-0.0185779
0.0093725
-0.0210203
0.0101472
0.0109069
-0.000858935
0.00241564
-0.00262702
0.00505962
-0.00487315
0.00690598
-0.0073315
0.00826725
-0.00984239
0.00932511
-0.0123145
0.0101959
-0.0146998
0.0109549
-0.0169769
0.0116496
-0.0191387
0.012309
0.0129524
-0.000768258
0.0031839
-0.00237286
0.00666423
-0.00442142
0.00895454
-0.00666524
0.0105111
-0.00895095
0.0116108
-0.0111885
0.0124334
-0.0133294
0.0130958
-0.0153513
0.0136715
-0.0172467
0.0142044
0.0147203
-0.000675547
0.00385944
-0.00211192
0.0081006
-0.00395819
0.0108008
-0.00598491
0.0125378
-0.00804632
0.0136722
-0.0100545
0.0144415
-0.0119607
0.015002
-0.013742
0.0154528
-0.0153904
0.0158528
0.0162342
-0.00058352
0.00444296
-0.00185137
0.00936845
-0.00349545
0.0124449
-0.00530703
0.0143494
-0.00714912
0.0155143
-0.00893673
0.0162291
-0.0106216
0.0166869
-0.0121803
0.0170115
-0.0136044
0.0172769
0.017522
-0.000494546
0.00493751
-0.00159754
0.0104714
-0.00304384
0.0138912
-0.00464627
0.0159518
-0.00627759
0.0171456
-0.00785651
0.0178081
-0.00933568
0.0181661
-0.0106916
0.0183674
-0.0119158
0.0185011
0.0186127
-0.000410599
0.00534811
-0.00135581
0.0114167
-0.0026125
0.0151479
-0.00401534
0.0173546
-0.00544756
0.0185778
-0.00683209
0.0191926
-0.00812284
0.0194568
-0.00929634
0.0195409
-0.0103444
0.0195492
0.0195345
-0.000333233
0.00568134
-0.00113053
0.012214
-0.00220887
0.0162262
-0.00342477
0.0185705
-0.0046723
0.0198254
-0.00587899
0.0203993
-0.00699985
0.0205777
-0.00801084
0.0205519
-0.00890356
0.0204419
0.0203106
-0.000263571
0.00594491
-0.000924842
0.0128752
-0.00183851
0.0171399
-0.00288252
0.0196145
-0.00396212
0.020905
-0.0050096
0.0214468
-0.00598049
0.0215486
-0.00684802
0.0214195
-0.00760056
0.0211944
0.0209532
-0.000202291
0.00614721
-0.000740706
0.0134136
-0.00150481
0.017904
-0.00239343
0.0205032
-0.00332335
0.0218349
-0.00423205
0.0223555
-0.00507514
0.0223916
-0.00581973
0.0221641
-0.00644194
0.0218166
0.0214544
-0.000149644
0.00629685
-0.000578826
0.0138428
-0.00120884
0.018534
-0.00195862
0.0212529
-0.00275698
0.0226333
-0.00354796
0.0231464
-0.00428948
0.0231332
-0.00494382
0.0228184
-0.00545956
0.0223324
0.0217767
-0.000107549
0.0064044
-0.000439175
0.0141745
-0.000946123
0.019041
-0.00156724
0.0218741
-0.00224388
0.0233099
-0.00292851
0.0238311
-0.0035871
0.0237917
-0.00420017
0.0234315
-0.0047638
0.022896
0.0222574
-6.34799e-05
0.00646788
-0.000307254
0.0144182
-0.000706521
0.0194402
-0.00121551
0.022383
-0.00178437
0.0238788
-0.0023693
0.024416
-0.00293637
0.0243588
-0.00346111
0.0239562
-0.00392138
0.0233563
0.0226198
-2.68648e-05
0.00649475
-0.000193867
0.0145852
-0.00049688
0.0197433
-0.000903152
0.0227893
-0.00136921
0.0243448
-0.00185206
0.0248989
-0.00231456
0.0248213
-0.00272678
0.0243684
-0.0030649
0.0236944
0.0228688
2.78481e-06
0.00649196
-9.66731e-05
0.0146847
-0.000313675
0.0199603
-0.000625966
0.0231016
-0.000995176
0.0247141
-0.00137871
0.0252824
-0.00173711
0.0251797
-0.00203848
0.0246698
-0.00226162
0.0239175
0.023009
2.9087e-05
0.00646287
-1.30867e-05
0.0147269
-0.000153609
0.0201008
-0.000380551
0.0233286
-0.000660594
0.0249941
-0.000952362
0.0255742
-0.00121587
0.0254432
-0.00141956
0.0248735
-0.00154553
0.0240435
0.0230577
5.02128e-05
0.00641266
5.87849e-05
0.0147183
-1.34049e-05
0.020173
-0.000163704
0.0234789
-0.000363604
0.025194
-0.000574481
0.025785
-0.000757584
0.0256263
-0.000883058
0.024999
-0.0009358
0.0240962
0.0230404
6.8322e-05
0.00634434
0.000121368
0.0146653
0.000109783
0.0201846
2.8455e-05
0.0235602
-0.000101446
0.0253239
-0.000244104
0.0259277
-0.000363841
0.0257461
-0.000433431
0.0250686
-0.000439879
0.0241027
0.0229852
8.45131e-05
0.00625983
0.000176856
0.0145729
0.000219212
0.0201422
0.000198261
0.0235811
0.000129605
0.0253926
4.26909e-05
0.0260146
-3.06587e-05
0.0258194
-6.60451e-05
0.0251039
-5.30824e-05
0.0240897
0.0229297
9.98036e-05
0.00616002
0.000227409
0.0144453
0.000318197
0.0200514
0.000351295
0.023548
0.000334837
0.025409
0.000292353
0.0260571
0.000251045
0.0258607
0.000232522
0.0251225
0.00024806
0.0240742
0.0228783
0.000115328
0.00604469
0.000275277
0.0142854
0.00041014
0.0199165
0.000491774
0.0234664
0.000520631
0.0253802
0.000513552
0.0260642
0.000492713
0.0258816
0.000477088
0.0251381
0.000477812
0.0240735
0.0228586
9.85365e-05
0.00594616
0.000270743
0.0141132
0.000439916
0.0197474
0.000567166
0.0233392
0.000642296
0.025305
0.000672972
0.0260335
0.00067467
0.0258799
0.000662807
0.0251499
0.0006482
0.0240881
0.0228707
0.000106749
0.00583941
0.000303857
0.013916
0.000510748
0.0195405
0.000681055
0.0231689
0.000796045
0.02519
0.000855668
0.0259739
0.000869787
0.0258657
0.000851117
0.0251686
0.000810887
0.0241283
0.022924
0.0001148
0.00572461
0.000336327
0.0136945
0.000580442
0.0192964
0.000793711
0.0229556
0.000948989
0.0250348
0.00103844
0.0258844
0.00106619
0.025838
0.00104209
0.0251927
0.000977647
0.0241928
0.0230174
0.000122842
0.00560177
0.000368812
0.0134486
0.000650726
0.0190145
0.000908587
0.0226977
0.00110711
0.0248362
0.00123067
0.0257609
0.00127735
0.0257913
0.00125375
0.0252163
0.00117107
0.0242754
0.0231452
0.000130899
0.00547087
0.000401677
0.0131778
0.00072279
0.0186933
0.00102837
0.0223921
0.00127544
0.0245892
0.00144064
0.0255957
0.00151567
0.0257163
0.00150311
0.0252289
0.001413
0.0243655
0.023297
0.000138916
0.00533195
0.000434971
0.0128817
0.000797163
0.0183311
0.00115467
0.0220346
0.00145751
0.0242863
0.00167483
0.0253784
0.00179164
0.0255995
0.0018056
0.0252149
0.00172434
0.0244468
0.0234568
0.000146725
0.00518523
0.000468393
0.0125601
0.000873612
0.0179259
0.00128772
0.0216205
0.00165475
0.0239193
0.00193692
0.0250962
0.00211254
0.0254238
0.00217368
0.0251538
0.00212411
0.0244964
0.0236009
0.000154042
0.00503118
0.000501293
0.0122128
0.0009511
0.0174761
0.00142622
0.0211454
0.00186594
0.0234796
0.00222669
0.0247355
0.00248078
0.0251698
0.00261488
0.0250197
0.00262777
0.0244835
0.0236969
0.000160495
0.00487069
0.000532762
0.0118405
0.00102792
0.016981
0.0015673
0.020606
0.00208683
0.02296
0.00253869
0.0242836
0.00289089
0.0248176
0.00312693
0.0247836
0.00324119
0.0243692
0.0237063
0.000165703
0.00470498
0.000561838
0.0114444
0.00110206
0.0164407
0.00170708
0.020001
0.00231027
0.0223568
0.00286058
0.0237333
0.00332245
0.0243557
0.0036782
0.0244279
0.00393427
0.0241132
0.0235858
0.000168064
0.00453692
0.000588375
0.0110241
0.00117632
0.0158528
0.00185128
0.0193261
0.00254332
0.0216648
0.00319664
0.02308
0.00376864
0.0237837
0.00422207
0.0239744
0.00450834
0.0238269
0.0235056
0.000176111
0.00436081
0.000620684
0.0105795
0.00125266
0.0152208
0.00199172
0.018587
0.00276584
0.0208907
0.00351601
0.0223298
0.00419673
0.023103
0.00477219
0.023399
0.00521576
0.0233833
0.0231884
0.000181965
0.00417884
0.000649222
0.0101123
0.00132436
0.0145457
0.00212731
0.017784
0.00298403
0.020034
0.00383281
0.021481
0.0046269
0.0223089
0.00533394
0.022692
0.00593743
0.0227798
0.0226792
0.000186306
0.00399254
0.00067555
0.00962301
0.00139425
0.013827
0.00226266
0.0169156
0.0032046
0.019092
0.00415544
0.0205302
0.00506637
0.0213979
0.0059055
0.0218528
0.00665835
0.022027
0.0220089
0.000189916
0.00380262
0.000701671
0.00911126
0.00146611
0.0130625
0.00240407
0.0159777
0.00343733
0.0180588
0.00449787
0.0194696
0.00553346
0.0203624
0.00650962
0.0208767
0.00740881
0.0211278
0.021191
0.000193657
0.00360896
0.000729803
0.00857511
0.00154407
0.0122483
0.00255837
0.0149634
0.00369273
0.0169244
0.0048755
0.0182869
0.00604984
0.019188
0.00717612
0.0197504
0.00823049
0.0200734
0.0202221
0.000198408
0.00341056
0.000762167
0.00801135
0.00163205
0.0113784
0.00273157
0.0138639
0.00397951
0.0156765
0.00530064
0.0169658
0.0066327
0.017856
0.00792918
0.0184539
0.00915783
0.0188448
0.0190849
0.000205039
0.00320552
0.000800843
0.00741555
0.00173338
0.0104459
0.00292816
0.0126691
0.00430324
0.0143014
0.00578004
0.015489
0.0072906
0.0163454
0.00878069
0.0169638
0.0102086
0.0174168
0.0177531
0.000214242
0.00299127
0.000847524
0.00678226
0.00185055
0.00944283
0.00315086
0.0113687
0.0046661
0.0127861
0.00631469
0.0138404
0.00802316
0.0146369
0.00972954
0.0152574
0.0113827
0.0157637
0.0161978
0.000227028
0.000904242
0.00198605
0.00340164
0.00506825
0.00690174
0.00882373
0.0107652
0.0126662
)
;

boundaryField
{
    inlet
    {
        type            calculated;
        value           uniform 0;
    }
    outlet
    {
        type            calculated;
        value           nonuniform List<scalar> 
40
(
0.124603
0.170854
0.215224
0.259365
0.304274
0.350695
0.396884
0.443156
0.480667
0.515625
0.0254338
0.0218675
0.0182381
0.0145848
0.010938
0.00733955
0.00387953
0.00079535
-0.00150729
-0.00331771
-0.0051672
-0.00714432
-0.0092044
-0.0113357
-0.0135439
-0.015798
-0.0180696
-0.0203407
-0.0226023
-0.0248979
-0.112506
-0.152286
-0.191812
-0.233806
-0.278895
-0.327157
-0.379698
-0.442562
-0.517569
-0.575204
)
;
    }
    cylinder
    {
        type            calculated;
        value           uniform 0;
    }
    top
    {
        type            symmetryPlane;
        value           uniform 0;
    }
    bottom
    {
        type            symmetryPlane;
        value           uniform 0;
    }
    defaultFaces
    {
        type            empty;
        value           nonuniform 0();
    }
}


// ************************************************************************* //
