/*--------------------------------*- C++ -*----------------------------------*\
  =========                 |
  \\      /  F ield         | OpenFOAM: The Open Source CFD Toolbox
   \\    /   O peration     | Website:  https://openfoam.org
    \\  /    A nd           | Version:  7
     \\/     M anipulation  |
\*---------------------------------------------------------------------------*/
FoamFile
{
    version     2.0;
    format      ascii;
    class       surfaceScalarField;
    location    "84";
    object      phi;
}
// * * * * * * * * * * * * * * * * * * * * * * * * * * * * * * * * * * * * * //

dimensions      [0 3 -1 0 0 0 0];

internalField   nonuniform List<scalar> 
3880
(
-2.01012e-05
-0.000515123
0.000535224
-1.83797e-05
-0.0012365
0.00123477
1.78626e-05
-0.00165511
0.00161887
9.52799e-05
-0.00181362
0.00173621
0.000220233
-0.00174064
0.00161569
0.000400142
-0.00145573
0.00127582
0.000642765
-0.000973081
0.000730458
0.000954138
-0.000304873
-6.49923e-06
0.00133559
0.000535799
-0.000917249
0.00153358
0.00178091
-0.0019789
-8.78175e-06
-0.000506341
1.59796e-05
-0.00126126
8.13048e-05
-0.00172044
0.000190116
-0.00192244
0.000346225
-0.00189675
0.000555737
-0.00166524
0.000826279
-0.00124362
0.00116487
-0.000643463
0.00157496
0.000125711
0.00105559
0.00205294
7.26303e-06
-0.000513604
6.31208e-05
-0.00131711
0.000168102
-0.00182542
0.000320288
-0.00207462
0.00052013
-0.00209659
0.00077151
-0.00191662
0.00108104
-0.00155315
0.00145609
-0.00101851
0.00190197
-0.000320168
0.000539477
0.00241808
2.71012e-05
-0.000540705
0.000121618
-0.00141163
0.00027565
-0.00197945
0.000482052
-0.00228102
0.000737465
-0.00235201
0.00104299
-0.00222215
0.00140358
-0.00191374
0.00182626
-0.00144119
0.00231764
-0.000811544
-2.29386e-05
0.00288006
5.03763e-05
-0.000591081
0.00018906
-0.00155032
0.000399145
-0.00218953
0.000667899
-0.00254978
0.000988043
-0.00267215
0.00135777
-0.00259188
0.00178009
-0.00233605
0.0022612
-0.0019223
0.00280821
-0.00135856
-0.000641132
0.00342641
7.59224e-05
-0.000667004
0.000261926
-0.00173632
0.000531551
-0.00245916
0.000866434
-0.00288466
0.00125556
-0.00306127
0.00169447
-0.00303079
0.00218437
-0.00282596
0.00273066
-0.00246859
0.0033406
-0.0019685
-0.00132117
0.00402064
0.00010236
-0.000769364
0.000335786
-0.00196975
0.000663934
-0.00278731
0.00106291
-0.00328364
0.00151833
-0.00351669
0.00202355
-0.00353601
0.00257847
-0.00338088
0.00318811
-0.00307823
0.00386012
-0.00264051
-0.00206197
0.00460092
0.000128116
-0.00089748
0.00040558
-0.00224721
0.000786086
-0.00316781
0.00124046
-0.00373801
0.00175134
-0.00402758
0.00231038
-0.00409505
0.00291668
-0.00398717
0.00357563
-0.00373718
0.00429659
-0.00336147
-0.00285124
0.00508587
0.000151512
-0.00104899
0.000465967
-0.00256166
0.00088738
-0.00358922
0.00138171
-0.00423234
0.00192915
-0.00457501
0.00252002
-0.00468592
0.00315273
-0.00461988
0.00383311
-0.00441756
0.00457408
-0.00410245
-0.00366598
0.00538882
0.000170852
-0.00121984
0.000511697
-0.00290251
0.000957671
-0.0040352
0.00147068
-0.00474535
0.00202922
-0.00513355
0.00262286
-0.00527957
0.0032492
-0.00524622
0.00391305
-0.00508141
0.00462963
-0.00481903
0.00544271
-0.00447905
0.00312891
0.0148396
-0.0161876
0.00451762
0.0350584
-0.0364471
0.0050762
0.0560343
-0.0565929
0.00494928
0.0753041
-0.0751772
0.00440559
0.0942979
-0.0937542
0.00358724
0.114409
-0.113591
0.00258625
0.137128
-0.136127
0.0014265
0.167248
-0.166088
0.000443631
0.212287
-0.211304
0.266272
-0.265828
0.00345379
0.0134387
0.00512076
0.0333915
0.0059736
0.0551815
0.00603809
0.0752396
0.00558479
0.0947512
0.0047697
0.115224
0.00369389
0.138204
0.00238503
0.168557
0.00104518
0.213626
0.267317
0.00379636
0.0120604
0.00568847
0.0314994
0.00684407
0.0540259
0.00711704
0.0749667
0.00676441
0.0951038
0.00595623
0.116032
0.00480523
0.139355
0.00334054
0.170021
0.00165215
0.215315
0.268969
0.00416366
0.0107768
0.00620466
0.0294584
0.00766227
0.0525683
0.00816154
0.0744674
0.00792371
0.0953417
0.00712939
0.116827
0.00590704
0.140578
0.00428728
0.171641
0.00225237
0.21735
0.271221
0.00456146
0.00964177
0.00666013
0.0273597
0.00840492
0.0508235
0.00914766
0.0737247
0.00904199
0.0954473
0.0082729
0.117596
0.00698613
0.141864
0.00521501
0.173412
0.00284073
0.219724
0.274062
0.00498603
0.00867638
0.00705216
0.0252936
0.00905238
0.0488232
0.0100529
0.0727242
0.0100992
0.095401
0.00936936
0.118325
0.00802826
0.143205
0.00611266
0.175328
0.00340999
0.222427
0.277472
0.00541582
0.00786148
0.00738007
0.0233293
0.00959004
0.0466133
0.0108572
0.0714571
0.0110781
0.0951801
0.010406
0.118998
0.00902444
0.144587
0.00697441
0.177378
0.00395938
0.225442
0.281431
0.00580162
0.00714573
0.0076364
0.0214945
0.010007
0.0442427
0.0115424
0.0699216
0.0119569
0.0947657
0.0113593
0.119595
0.00995272
0.145994
0.00778354
0.179547
0.00447653
0.228749
0.285908
0.00606213
0.00647242
0.00779464
0.019762
0.0102885
0.0417488
0.0121017
0.0681084
0.0127445
0.0941229
0.0122468
0.120093
0.0108323
0.147408
0.00855254
0.181827
0.00497054
0.232331
0.290878
0.00615558
0.00575955
0.00789209
0.0180255
0.0104501
0.0391908
0.0124872
0.0660714
0.0133591
0.093251
0.0129872
0.120465
0.0116149
0.14878
0.00923141
0.18421
0.0054479
0.236114
0.296326
0.0191147
0.0103653
-0.0237204
0.0147799
0.0223603
0.0127239
0.0412467
0.0115649
0.0672303
0.0100819
0.094734
0.00810592
0.122441
0.00557902
0.151307
0.00258695
0.187202
0.000167251
0.238534
0.296494
0.0199306
0.0136216
-0.0231869
0.0155748
0.0267161
0.0126696
0.0441519
0.011142
0.0687579
0.00964115
0.0962349
0.00769504
0.124387
0.00520863
0.153794
0.00235714
0.190054
0.000104881
0.240786
0.296598
0.0194895
0.0153939
-0.0212617
0.0159954
0.0302101
0.0128096
0.0473377
0.0108061
0.0707614
0.00912158
0.0979195
0.00720278
0.126306
0.00483272
0.156164
0.00212831
0.192758
4.92261e-05
0.242865
0.296648
0.0181449
0.0161621
-0.0189132
0.0156052
0.0327498
0.0127237
0.0502192
0.0105624
0.0729227
0.00874323
0.0997387
0.00682051
0.128228
0.0045357
0.158449
0.00200136
0.195293
5.85005e-05
0.244808
0.296706
0.0164227
0.0162073
-0.0164679
0.0146862
0.0344864
0.0122769
0.0526284
0.0101961
0.0750035
0.00837046
0.101564
0.00646636
0.130132
0.00425339
0.160662
0.00183701
0.197709
2.27764e-05
0.246622
0.296729
0.0144968
0.0156252
-0.0139147
0.0134607
0.0355225
0.0115283
0.0545608
0.00969073
0.0768411
0.00800303
0.103252
0.00619118
0.131944
0.00406955
0.162783
0.0017813
0.199997
5.88736e-05
0.248345
0.296788
0.0125323
0.0144488
-0.011356
0.01219
0.0358648
0.0107414
0.0560095
0.00911387
0.0784686
0.00755822
0.104808
0.0058643
0.133638
0.00385451
0.164793
0.00166076
0.202191
3.36877e-05
0.249972
0.296821
0.0105162
0.0127346
-0.00880205
0.0107573
0.0356237
0.00984012
0.0569267
0.00856921
0.0797395
0.0072028
0.106174
0.00563464
0.135206
0.003726
0.166702
0.00165932
0.204258
0.000102113
0.251529
0.296924
0.0089941
0.0103038
-0.00656331
0.00986474
0.0347531
0.00927608
0.0575153
0.00813918
0.0808764
0.00686789
0.107445
0.00539812
0.136676
0.00357249
0.168527
0.00157726
0.206253
8.53099e-05
0.253021
0.297009
0.00657476
-0.00369637
0.0084505
0.00870562
0.00793945
0.00679736
0.00534674
0.00359681
0.00163128
0.000202123
0.00536907
-0.0239367
-0.00515281
0.00495005
-0.0227679
0.00422533
-0.020537
0.00341622
-0.018104
0.00257889
-0.0156306
0.00173088
-0.0130667
0.000876399
-0.0105015
5.20444e-05
-0.0079777
-0.00089973
-0.00561153
-0.00293795
0.00446111
-0.0237863
-0.00461144
0.00379111
-0.0220979
0.00293519
-0.0196811
0.00204309
-0.0172119
0.00114441
-0.0147319
0.000250493
-0.0121728
-0.000637921
-0.00961306
-0.00149969
-0.00711593
-0.00240607
-0.00470515
-0.0022368
0.00339242
-0.0233313
-0.00384745
0.0025137
-0.0212192
0.00155558
-0.0187229
0.000596277
-0.0162527
-0.000345619
-0.01379
-0.00126385
-0.0112546
-0.00215718
-0.00871972
-0.00301029
-0.00626283
-0.00384406
-0.00387138
-0.00162874
0.00216052
-0.02263
-0.00286182
0.00113108
-0.0201897
0.000102074
-0.0176939
-0.000895584
-0.015255
-0.00185772
-0.0128279
-0.00277662
-0.0103357
-0.00364714
-0.00784921
-0.00445599
-0.00545398
-0.00519015
-0.00313721
-0.0011316
0.000782908
-0.0217282
-0.00168466
-0.000340636
-0.0190662
-0.00139995
-0.0166346
-0.00241249
-0.0142424
-0.003366
-0.0118743
-0.0042567
-0.00944499
-0.00507695
-0.00702896
-0.00581209
-0.00471883
-0.00642921
-0.00252009
-0.000749902
-0.000689311
-0.0206792
-0.000359714
-0.00186459
-0.0178909
-0.00292554
-0.0155737
-0.00391986
-0.0132481
-0.00483739
-0.0109568
-0.00567415
-0.00860822
-0.00642068
-0.00628243
-0.0070608
-0.00407872
-0.00755412
-0.00202677
-0.000479239
-0.00221453
-0.0195073
0.00104264
-0.00339457
-0.0167109
-0.00442894
-0.0145393
-0.00538003
-0.012297
-0.00623888
-0.010098
-0.00700133
-0.00784578
-0.00765771
-0.00562604
-0.00819128
-0.00354516
-0.00856355
-0.00165449
-0.000308891
-0.00372842
-0.0182598
0.00248087
-0.00488212
-0.0155572
-0.00586891
-0.0135525
-0.00675724
-0.0114087
-0.00754118
-0.00931403
-0.00821606
-0.0071709
-0.00877407
-0.00506803
-0.00919922
-0.00312
-0.00946074
-0.00139298
-0.000224203
-0.0051796
-0.0169781
0.00389794
-0.00628381
-0.014453
-0.00720877
-0.0126275
-0.0080213
-0.0105962
-0.00872136
-0.00861398
-0.00930315
-0.0065891
-0.00976269
-0.0046085
-0.0100858
-0.00279685
-0.0102521
-0.00122668
-0.000208502
-0.00652387
-0.0156982
0.00524396
-0.00756385
-0.013413
-0.00841941
-0.011772
-0.00914974
-0.00986584
-0.00976415
-0.00799957
-0.0102547
-0.00609859
-0.0106227
-0.00424047
-0.0108565
-0.00256304
-0.0109462
-0.00113701
-0.000244466
-0.00772741
-0.0144487
0.00647788
-0.00869556
-0.0124448
-0.00948058
-0.010987
-0.0101284
-0.00921798
-0.0106619
-0.00746613
-0.0110692
-0.00569132
-0.0113582
-0.00395146
-0.0115194
-0.00240178
-0.0115523
-0.00110414
-0.000314964
-0.00877267
-0.0132503
0.00757429
-0.00966456
-0.0115529
-0.0103826
-0.0102689
-0.0109526
-0.00864792
-0.0114145
-0.0070043
-0.011751
-0.00535476
-0.0119769
-0.00372561
-0.0120844
-0.00229425
-0.0120802
-0.00110834
-0.000403476
-0.00964843
-0.0121168
0.00851497
-0.0104634
-0.0107379
-0.011122
-0.0096104
-0.0116233
-0.00814665
-0.0120263
-0.00660128
-0.0123079
-0.00507313
-0.0124884
-0.00354507
-0.0125618
-0.00222085
-0.0125395
-0.00113068
-0.000494271
-0.0103535
-0.0110546
0.00929125
-0.0110934
-0.00999801
-0.0117025
-0.00900137
-0.0121472
-0.00770194
-0.0125059
-0.00624251
-0.0127501
-0.00482897
-0.0129037
-0.00339142
-0.0129622
-0.00216234
-0.0129395
-0.00115342
-0.000572433
-0.0108938
-0.0100613
0.0099005
-0.0115621
-0.00932967
-0.0121323
-0.00843114
-0.012535
-0.00729932
-0.0128645
-0.00591297
-0.0130892
-0.00460422
-0.013234
-0.00324667
-0.0132959
-0.00210039
-0.0132893
-0.00116009
-0.000623787
-0.0112797
-0.00912505
0.0103434
-0.0118821
-0.00872728
-0.0124231
-0.00789016
-0.0127996
-0.00692282
-0.0131143
-0.00559823
-0.0133374
-0.00438118
-0.0134903
-0.00309373
-0.0135728
-0.00201787
-0.0135975
-0.00113542
-0.000634791
-0.0115233
-0.00822314
0.0106214
-0.0120693
-0.00818127
-0.0125876
-0.00737189
-0.0129547
-0.00655572
-0.013268
-0.0052849
-0.0135061
-0.00414303
-0.0136832
-0.0029167
-0.0138022
-0.00189885
-0.0138725
-0.00106512
-0.000592415
-0.0116288
-0.00732983
0.0107355
-0.0121362
-0.0076738
-0.0126363
-0.00687185
-0.0130118
-0.00618023
-0.0133369
-0.00495982
-0.0136061
-0.00387379
-0.0138223
-0.00270051
-0.0139928
-0.00172836
-0.0141223
-0.000935594
-0.000483985
-0.011593
-0.00643085
0.010694
-0.0120951
-0.00717168
-0.0125808
-0.00638608
-0.0129822
-0.00577883
-0.0133321
-0.00460998
-0.0136473
-0.00355856
-0.0139168
-0.00243103
-0.0141528
-0.00149236
-0.0143547
-0.000733725
-0.000296977
-0.0114634
-0.00550684
0.0105393
-0.0119934
-0.00664163
-0.012451
-0.00592852
-0.0128807
-0.00534907
-0.0132649
-0.00422586
-0.0136369
-0.00318656
-0.0139738
-0.00209412
-0.0142892
-0.00117692
-0.0145781
-0.000444876
-1.96694e-05
-0.0509692
-0.00529726
0.0507596
-0.0522519
-0.00535894
-0.0536113
-0.00456906
-0.0549629
-0.00399745
-0.0560834
-0.00310534
-0.0569575
-0.00231252
-0.0575481
-0.00150345
-0.0578815
-0.000843597
-0.0580052
-0.000321125
-2.42409e-05
-0.0602025
-0.0052293
0.0601345
-0.0610017
-0.00455969
-0.0617751
-0.00379569
-0.0626313
-0.00314119
-0.0633335
-0.00240316
-0.063885
-0.00176108
-0.0642474
-0.00114098
-0.0644402
-0.000650841
-0.0645022
-0.00025917
-3.0027e-05
-0.0715655
-0.00528419
0.0716204
-0.0719594
-0.00416582
-0.0723713
-0.00338378
-0.0728848
-0.00262766
-0.0732922
-0.00199583
-0.0736345
-0.0014187
-0.0738414
-0.000934134
-0.0739516
-0.000540655
-0.0739742
-0.000236514
-3.3237e-05
-0.0856781
-0.0053158
0.0857097
-0.0859239
-0.00391997
-0.0861546
-0.00315309
-0.0864813
-0.00230098
-0.0867183
-0.00175884
-0.0869413
-0.0011957
-0.0870606
-0.000814806
-0.0871361
-0.00046517
-0.0871449
-0.000227721
-3.1018e-05
-0.102614
-0.0051276
0.102426
-0.102886
-0.00364814
-0.103105
-0.00293428
-0.103374
-0.00203209
-0.103557
-0.00157533
-0.103741
-0.00101218
-0.103839
-0.000716759
-0.103921
-0.000382829
-0.103945
-0.000203591
-1.58861e-05
-0.121304
-0.00462383
0.1208
-0.121724
-0.00322737
-0.12206
-0.00259876
-0.122361
-0.00173142
-0.122579
-0.00135723
-0.122772
-0.000818981
-0.122895
-0.000593627
-0.123007
-0.000270731
-0.123062
-0.00014904
8.52324e-06
-0.139639
-0.00378288
0.138798
-0.140256
-0.0026106
-0.140756
-0.00209858
-0.141126
-0.00136148
-0.141413
-0.00106992
-0.141627
-0.000604658
-0.141787
-0.000434144
-0.141911
-0.000147048
-0.141983
-7.68617e-05
3.12976e-05
-0.155164
-0.00266753
0.154049
-0.155952
-0.00182304
-0.156589
-0.0014608
-0.15702
-0.000931278
-0.15736
-0.00072939
-0.157578
-0.00038705
-0.157745
-0.000267238
-0.157841
-5.09566e-05
-0.157898
-1.93212e-05
3.77544e-05
-0.166083
-0.00137678
0.164792
-0.166976
-0.000930234
-0.167692
-0.000744369
-0.168155
-0.000468935
-0.168517
-0.000366917
-0.168719
-0.000185598
-0.168863
-0.000123113
-0.168908
-5.92019e-06
-0.16893
2.64131e-06
2.52027e-05
-0.171642
0.170265
-0.172572
-0.173316
-0.173785
-0.174152
-0.174338
-0.174461
-0.174467
-0.174464
-0.0117201
0.0517638
0.0107159
-0.0124341
0.0608485
-0.0130143
0.0722006
-0.0133222
0.0860176
-0.0131327
0.102236
-0.0121749
0.119842
-0.0102724
0.136895
-0.00744786
0.151224
-0.00391685
0.161261
0.166348
-0.0111147
0.0525137
0.0103649
-0.0117814
0.0615151
-0.0122934
0.0727126
-0.0125148
0.086239
-0.0122495
0.101971
-0.0112686
0.118861
-0.00943934
0.135066
-0.00680465
0.14859
-0.00356482
0.158022
0.162783
-0.0105423
0.053205
0.00985097
-0.0111448
0.0621176
-0.0115791
0.0731469
-0.0117253
0.0863852
-0.0114092
0.101655
-0.0104359
0.117888
-0.00870038
0.13333
-0.0062504
0.14614
-0.00326762
0.155039
0.159516
-0.0098765
0.0538735
0.00920803
-0.010419
0.0626601
-0.0107719
0.0734998
-0.0108443
0.0864577
-0.0104864
0.101297
-0.00953554
0.116937
-0.00791118
0.131706
-0.00566343
0.143892
-0.00295435
0.15233
0.156561
-0.00910069
0.0545106
0.0084636
-0.00958602
0.0631454
-0.00986572
0.0737795
-0.00987635
0.0864683
-0.00949261
0.100913
-0.00858199
0.116026
-0.00708542
0.13021
-0.0050537
0.14186
-0.00263005
0.149906
0.153931
-0.00823406
0.0551059
0.00763876
-0.00865533
0.0635667
-0.00886558
0.0739898
-0.00882546
0.0864282
-0.00843203
0.10052
-0.00758032
0.115175
-0.0062286
0.128858
-0.00442622
0.140058
-0.00229773
0.147778
0.151634
-0.00729494
0.0556504
0.00675037
-0.00764697
0.0639187
-0.00778902
0.0741318
-0.00770613
0.0863453
-0.00731604
0.10013
-0.00653888
0.114397
-0.00534672
0.127666
-0.0037851
0.138496
-0.00195959
0.145952
0.149674
-0.00629824
0.0561334
0.00581527
-0.00657981
0.0642003
-0.00665596
0.074208
-0.00653729
0.0862266
-0.00616094
0.0997536
-0.00547029
0.113707
-0.00444845
0.126644
-0.00313561
0.137183
-0.00161813
0.144435
0.148056
-0.00526047
0.0565425
0.00485138
-0.00547268
0.0644125
-0.00548572
0.074221
-0.00533793
0.0860788
-0.00498364
0.0993993
-0.00438828
0.113111
-0.00354374
0.125799
-0.00248394
0.136123
-0.00127633
0.143227
0.14678
-0.00419933
0.0568643
0.00387752
-0.00434592
0.0645591
-0.00429747
0.0741726
-0.00412649
0.0859079
-0.00380025
0.0990731
-0.00330605
0.112617
-0.0026424
0.125136
-0.00183645
0.135317
-0.000937347
0.142328
0.145842
-0.00314357
0.0570907
0.00291721
-0.0032248
0.0646403
-0.00311524
0.074063
-0.00292496
0.0857176
-0.00262949
0.0987776
-0.0022389
0.112227
-0.00175599
0.124653
-0.00120066
0.134762
-0.00060496
0.141732
0.145237
-0.00211429
0.0572238
0.00198114
-0.00212452
0.0646505
-0.00195996
0.0738985
-0.00175032
0.0855079
-0.00148656
0.0985139
-0.00119724
0.111937
-0.000891326
0.124347
-0.000582164
0.134453
-0.000281804
0.141432
0.144955
-0.00114318
0.0572784
0.00108856
-0.00107136
0.0645787
-0.000864029
0.0736911
-0.000633939
0.0852778
-0.000404716
0.0982846
-0.000213715
0.111746
-7.9181e-05
0.124212
-7.97096e-06
0.134382
1.84304e-05
0.141405
0.144974
-0.000263779
0.0572965
0.000245689
-9.7222e-05
0.0644121
0.000144218
0.0734497
0.000420006
0.0850021
0.00063289
0.0980717
0.000741468
0.111638
0.000720592
0.124233
0.000571261
0.134531
0.000319018
0.141658
0.145293
0.000594609
0.057238
-0.000536134
0.000848012
0.0641587
0.00114495
0.0731528
0.00142986
0.0847172
0.00161595
0.0978857
0.00163907
0.111615
0.00146664
0.124406
0.00110475
0.134893
0.000596583
0.142166
0.14589
0.00138548
0.0571108
-0.00125818
0.00170462
0.0638396
0.00204093
0.0728164
0.00234732
0.0844108
0.00251475
0.0977182
0.00246409
0.111665
0.00215439
0.124715
0.00159704
0.13545
0.000851902
0.142911
0.146741
0.00208522
0.0569489
-0.00192334
0.00247149
0.0634533
0.00284289
0.072445
0.00317137
0.0840823
0.00332683
0.0975628
0.00321428
0.111778
0.00278266
0.125147
0.00204755
0.136185
0.00108482
0.143874
0.147826
0.00270407
0.0567854
-0.00254056
0.00314715
0.0630102
0.00354656
0.0720456
0.00389232
0.0837365
0.00403801
0.0974171
0.00387301
0.111943
0.0033354
0.125685
0.00244376
0.137077
0.00128834
0.145029
0.149115
0.00326117
0.0566519
-0.00312767
0.00374464
0.0625268
0.00417124
0.071619
0.0045348
0.083373
0.00467775
0.0972741
0.00447076
0.11215
0.00383916
0.126316
0.00280436
0.138112
0.00147222
0.146361
0.150587
0.00366737
0.0566667
-0.00368222
0.00414907
0.0620451
0.00460049
0.0711676
0.00497216
0.0830013
0.00511255
0.0971337
0.00488011
0.112382
0.00418726
0.127009
0.00305393
0.139245
0.00159599
0.147819
0.152183
-0.0377806
0.0521289
0.0423183
-0.034242
0.0585065
-0.0319072
0.0688328
-0.0294543
0.0805484
-0.0265298
0.0942092
-0.0227916
0.108644
-0.0181056
0.122323
-0.0125712
0.133711
-0.00643168
0.14168
0.145751
-0.0461656
0.0482062
0.0500883
-0.0429487
0.0552896
-0.0400427
0.0659268
-0.0367257
0.0772314
-0.0328795
0.0903631
-0.028068
0.103833
-0.0221924
0.116447
-0.0153762
0.126895
-0.00789443
0.134198
0.137857
-0.0556734
0.0444738
0.0594058
-0.0523964
0.0520126
-0.0488285
0.0623588
-0.0446412
0.0730441
-0.0396962
0.0854181
-0.0335659
0.0977022
-0.026307
0.109189
-0.018078
0.118666
-0.00916142
0.125281
0.128695
-0.0671351
0.0409151
0.0706938
-0.0633611
0.0482385
-0.0589653
0.0579631
-0.0537899
0.0678687
-0.0475681
0.0791964
-0.039933
0.0900671
-0.031108
0.100364
-0.0213019
0.108859
-0.0108673
0.114847
0.117828
-0.07994
0.0367871
0.084068
-0.0753496
0.0436481
-0.0698772
0.0524907
-0.0633039
0.0612954
-0.0553494
0.0712418
-0.0458689
0.0805866
-0.0352585
0.0897531
-0.0237442
0.0973451
-0.0117892
0.102892
0.106039
-0.0946984
0.0326425
0.098843
-0.0889769
0.0379266
-0.0822089
0.0457227
-0.0739904
0.0530769
-0.0642132
0.0614646
-0.05294
0.0693134
-0.0405026
0.0773157
-0.0272002
0.0840427
-0.0137747
0.0894664
0.092264
-0.108769
0.0266435
0.114768
-0.101818
0.0309753
-0.0934324
0.0373371
-0.0831022
0.0427467
-0.0711627
0.0495251
-0.0576119
0.0557626
-0.0427949
0.0624988
-0.0272352
0.068483
-0.0122254
0.0744566
0.0800386
-0.123733
0.0207345
0.129642
-0.115612
0.0228547
-0.10581
0.027535
-0.0941033
0.0310398
-0.0808398
0.0362616
-0.065811
0.0407338
-0.0495603
0.046248
-0.0326768
0.0515996
-0.0172268
0.0590065
0.0628119
-0.137875
0.0100713
0.148538
-0.126504
0.0114835
-0.112975
0.0140062
-0.0977894
0.0158544
-0.080346
0.0188182
-0.0610101
0.0213979
-0.0397163
0.0249542
-0.0173864
0.0292697
0.00343658
0.0381835
0.0662484
-0.240216
0.250287
-0.228733
-0.214726
-0.198872
-0.180054
-0.158656
-0.133702
-0.104432
-0.0662484
0.00191632
0.0438138
-0.00341179
0.000580455
0.0514242
-0.000418657
0.060405
-0.00110937
0.0713845
-0.00153168
0.0844903
-0.00168387
0.0989952
-0.00145658
0.114541
-0.00109558
0.129281
-0.00173808
0.149181
0.248549
0.00227582
0.0452718
-0.00373379
0.000972464
0.0527276
-6.75123e-05
0.0614449
-0.000780159
0.0720972
-0.00124516
0.0849553
-0.00142954
0.0991796
-0.00128193
0.114393
-0.000970255
0.128969
-0.00153591
0.149746
0.247013
0.00270922
0.0466297
-0.00406711
0.00144452
0.0539923
0.00044169
0.0624478
-0.000316685
0.0728555
-0.000797249
0.0854359
-0.00102376
0.0994061
-0.000945497
0.114315
-0.000740675
0.128764
-0.00133313
0.150339
0.24568
0.00314455
0.0478896
-0.00440449
0.00192446
0.0552124
0.000955668
0.0634166
0.000189047
0.0736222
-0.000287551
0.0859125
-0.000558136
0.0996767
-0.000528469
0.114285
-0.000456683
0.128693
-0.00107246
0.150955
0.244608
0.00357354
0.0490491
-0.00473299
0.00241672
0.0563692
0.001491
0.0643423
0.000766921
0.0743463
0.000271131
0.0864083
-6.47322e-05
0.100013
-4.70554e-05
0.114268
-0.000133449
0.128779
-0.000765976
0.151587
0.243842
0.0040108
0.05008
-0.00504176
0.0029398
0.0574402
0.00206516
0.0652169
0.0013792
0.0750322
0.000894594
0.0868929
0.000560263
0.100347
0.000455425
0.114373
0.000286734
0.128948
-0.00041896
0.152293
0.243423
0.00445533
0.0509478
-0.00532312
0.00349186
0.0584036
0.00267799
0.0660308
0.00203495
0.0756753
0.00156141
0.0873664
0.0012137
0.100695
0.00101886
0.114567
0.000757383
0.129209
-2.3305e-05
0.153074
0.243399
0.00490087
0.0516171
-0.00557018
0.00406305
0.0592415
0.00332029
0.0667735
0.00272681
0.0762687
0.0022681
0.0878251
0.00190373
0.101059
0.00162698
0.114844
0.00125508
0.129581
0.000354212
0.153974
0.243754
0.00533944
0.0520528
-0.00577514
0.00464238
0.0599385
0.00398113
0.0674348
0.0034439
0.076806
0.00300651
0.0882625
0.0026257
0.10144
0.00226922
0.115201
0.00178247
0.130068
0.000771475
0.154985
0.244525
0.00575811
0.0522239
-0.00592924
0.00521765
0.060479
0.00464914
0.0680033
0.00417477
0.0772803
0.00376634
0.088671
0.00336977
0.101836
0.00293665
0.115634
0.00233464
0.13067
0.00121029
0.15611
0.245735
0.00613843
0.0521064
-0.0060209
0.00577126
0.0608462
0.00530862
0.0684659
0.0049029
0.077686
0.00452988
0.089044
0.00412139
0.102245
0.00361682
0.116138
0.0029018
0.131385
0.00166092
0.157351
0.247396
0.0064722
0.0516865
-0.00605225
0.00629561
0.0610227
0.00595124
0.0688103
0.00562066
0.0780166
0.00528909
0.0893756
0.00487448
0.102659
0.00430423
0.116709
0.00347972
0.132209
0.00212021
0.15871
0.249517
0.00674134
0.0509649
-0.00601979
0.00677209
0.060992
0.00655652
0.0690259
0.0063082
0.0782649
0.00602478
0.089659
0.00561237
0.103072
0.0049845
0.117336
0.00405747
0.133136
0.00258095
0.160187
0.252098
0.00693423
0.0499588
-0.00592815
0.00718572
0.0607405
0.00710852
0.0691031
0.00694939
0.0784241
0.0067214
0.089887
0.00632096
0.103472
0.00564565
0.118012
0.00462605
0.134156
0.00303656
0.161776
0.255134
0.00704265
0.0487036
-0.00578741
0.0075236
0.0602595
0.00759262
0.0690341
0.00752882
0.0784879
0.00736425
0.0900515
0.00698641
0.10385
0.00627629
0.118722
0.00517685
0.135255
0.00348113
0.163472
0.258615
0.00706396
0.0472534
-0.00561372
0.00777588
0.0595476
0.00799573
0.0688142
0.00803249
0.0784511
0.0079395
0.0901445
0.0075947
0.104195
0.00686438
0.119452
0.00570051
0.136419
0.0039062
0.165266
0.262521
0.00700433
0.0456766
-0.00542761
0.00793668
0.0586153
0.00830772
0.0684432
0.00844947
0.0783094
0.00843532
0.0901587
0.00813582
0.104494
0.00740235
0.120186
0.00619169
0.13763
0.00430771
0.16715
0.266829
0.00687983
0.0440434
-0.00524663
0.00800379
0.0574913
0.0085218
0.0679252
0.00876824
0.0780629
0.00883592
0.090091
0.00859132
0.104739
0.00787133
0.120906
0.00663644
0.138865
0.00467184
0.169115
0.271501
0.00669571
0.0424038
-0.00505611
0.00797881
0.0562082
0.00864778
0.0672562
0.00900258
0.0777081
0.00915787
0.0899357
0.00897976
0.104917
0.00828733
0.121598
0.00704676
0.140105
0.00500524
0.171156
0.276506
0.00641539
0.0407268
-0.00473839
0.0077673
0.0548563
0.00858349
0.06644
0.00904344
0.0772482
0.00929289
0.0896862
0.00919345
0.105017
0.00856574
0.122226
0.00734491
0.141326
0.0053005
0.173201
0.281807
-0.0184965
0.040383
0.0188403
-0.0163531
0.0527129
-0.0135841
0.063671
-0.0105102
0.0741742
-0.00737966
0.0865557
-0.0040534
0.10169
-0.000616051
0.118788
0.00199577
0.138714
0.00163294
0.173563
0.28344
-0.0318668
0.0387125
0.0335372
-0.0288927
0.0497388
-0.0248546
0.059633
-0.0203477
0.0696673
-0.0156413
0.0818494
-0.0105362
0.0965852
-0.00524088
0.113493
-0.000886096
0.13436
0.000294073
0.172383
0.283734
-0.0464235
0.0362312
0.0489049
-0.042336
0.0456513
-0.0369342
0.0542312
-0.0310463
0.0637794
-0.02476
0.0755631
-0.0177429
0.0895681
-0.0103534
0.106104
-0.00396243
0.127969
-0.00108614
0.169507
0.282648
-0.0622913
0.0328937
0.0656288
-0.0568119
0.0401718
-0.0502526
0.047672
-0.043097
0.0566238
-0.0350796
0.0675457
-0.0259418
0.0804303
-0.0163104
0.0964722
-0.00773601
0.119394
-0.00276691
0.164538
0.279881
-0.0797465
0.0281844
0.0844559
-0.0730993
0.0335246
-0.0657265
0.0402992
-0.0571523
0.0480495
-0.0471885
0.0575819
-0.0358603
0.0691021
-0.0239215
0.0845334
-0.0128939
0.108367
-0.00518733
0.156831
0.274693
-0.0994953
0.0229383
0.104741
-0.0919631
0.0259925
-0.0835602
0.0318962
-0.0733079
0.0377973
-0.0615081
0.0457821
-0.0482009
0.055795
-0.0341637
0.0704961
-0.020614
0.094817
-0.00957213
0.14579
0.265121
-0.122053
0.0159453
0.129046
-0.114064
0.0180039
-0.104829
0.0226607
-0.0935891
0.0265575
-0.0808899
0.0330828
-0.0663088
0.0412138
-0.0507038
0.0548912
-0.034532
0.0786451
-0.0184503
0.129708
0.246671
-0.152909
0.00878741
0.160067
-0.144444
0.0095382
-0.134463
0.0126799
-0.122872
0.0149668
-0.109657
0.019868
-0.0945951
0.0261515
-0.0779619
0.038258
-0.0595978
0.060281
-0.036387
0.106497
0.210284
-0.209155
0.00237066
0.215572
-0.202493
0.00287588
-0.194084
0.00427134
-0.184812
0.00569438
-0.173476
0.0085317
-0.160096
0.0127718
-0.142708
0.02087
-0.117877
0.0354505
-0.0760168
0.0646365
0.134267
-0.289369
0.29174
-0.286493
-0.282222
-0.276528
-0.267996
-0.255224
-0.234354
-0.198904
-0.134267
0.00223396
0.0197269
-0.0031205
0.000613542
0.0351576
-0.00102453
0.0505429
-0.00248072
0.067085
-0.00365911
0.0856343
-0.00462244
0.105705
-0.00520048
0.129624
-0.00560672
0.160474
-0.00450776
0.214473
0.287232
0.00198447
0.0202729
-0.0025305
0.000669571
0.0364725
-0.000829587
0.0520421
-0.00223416
0.0684896
-0.00340706
0.0868072
-0.00435743
0.106655
-0.0049555
0.130222
-0.00537891
0.160897
-0.00426566
0.21336
0.282966
0.00184157
0.020542
-0.00211062
0.000819813
0.0374943
-0.00050432
0.0533662
-0.00179739
0.0697826
-0.00291737
0.0879272
-0.00383895
0.107577
-0.0044684
0.130852
-0.00486879
0.161297
-0.00389779
0.212389
0.279069
0.00178199
0.0205751
-0.0018151
0.00103953
0.0382368
-0.000113643
0.0545194
-0.00126936
0.0709383
-0.00231296
0.0889708
-0.00321123
0.108475
-0.00386138
0.131502
-0.00428566
0.161722
-0.00347532
0.211578
0.275593
0.00180033
0.0203855
-0.00161078
0.0013398
0.0386973
0.000404591
0.0554546
-0.000656282
0.0719992
-0.00162078
0.0899353
-0.00249436
0.109348
-0.00316995
0.132177
-0.00363794
0.16219
-0.00300578
0.210946
0.272588
0.0018941
0.0199725
-0.0014811
0.00172465
0.0388667
0.00101298
0.0561663
3.50772e-05
0.0729771
-0.000827156
0.0907975
-0.00168465
0.110206
-0.00239199
0.132885
-0.00292439
0.162722
-0.0024964
0.210518
0.270091
0.00205509
0.0193347
-0.00141729
0.00218717
0.0387347
0.00170748
0.056646
0.000917353
0.0737672
6.94045e-05
0.0916454
-0.000787443
0.111063
-0.00152138
0.133619
-0.00214843
0.163349
-0.00195337
0.210323
0.268138
0.00227188
0.0184773
-0.00141452
0.0027155
0.038291
0.00247715
0.0568843
0.00184366
0.0744007
0.00106618
0.0924229
0.000188692
0.11194
-0.000555054
0.134362
-0.00132185
0.164116
-0.00138115
0.210382
0.266757
0.00253153
0.0174174
-0.00147156
0.00329381
0.0375288
0.0033069
0.0568712
0.0028344
0.0748732
0.00212984
0.0931275
0.00130024
0.11277
0.000462584
0.1352
-0.00046635
0.165045
-0.00078163
0.210698
0.265975
0.00282115
-0.00159133
0.00390276
0.0041811
0.00387711
0.00325037
0.00242969
0.00150226
0.000458937
-0.000147119
0.000185172
-0.00140502
0.000538519
-0.00325586
0.000987988
-0.00448467
0.00149303
-0.00525039
0.00203194
-0.00567247
0.00259492
-0.00584255
0.00317985
-0.00583115
0.00379051
-0.00569208
0.00443852
-0.00546704
-0.00519334
0.000189816
-0.00159483
0.000538316
-0.00360436
0.00096833
-0.00491468
0.0014383
-0.00572037
0.00192773
-0.00616189
0.00242893
-0.00634375
0.00294195
-0.00634416
0.00347148
-0.00622161
0.00402526
-0.00602082
-0.00577952
0.000185638
-0.00178047
0.00051101
-0.00392973
0.000897067
-0.00530074
0.00130358
-0.00612688
0.00171301
-0.00657131
0.0021212
-0.00675195
0.00253152
-0.00675448
0.00295107
-0.00664115
0.00338775
-0.0064575
-0.00623922
0.000171675
-0.00195215
0.000454988
-0.00421304
0.000773055
-0.0056188
0.00108963
-0.00644345
0.00139179
-0.00687348
0.00167988
-0.00704004
0.00196109
-0.00703569
0.00224537
-0.00692543
0.00254274
-0.00675487
-0.0065583
0.000147479
-0.00209962
0.000370325
-0.00443589
0.0005985
-0.00584698
0.000802469
-0.00664742
0.000975397
-0.00704641
0.0011226
-0.00718724
0.00125498
-0.00716807
0.00138502
-0.00705546
0.00152438
-0.00689423
-0.00671858
0.000113183
-0.00221281
0.000258829
-0.00458154
0.00037875
-0.0059669
0.000452697
-0.00672137
0.000480915
-0.00707463
0.000473696
-0.00718002
0.000445081
-0.00713946
0.000409296
-0.00701968
0.00037858
-0.00686351
-0.00669972
6.95398e-05
-0.00228235
0.000123918
-0.00463591
0.000121797
-0.00596478
5.42782e-05
-0.00665385
-7.0837e-05
-0.00694951
-0.000238736
-0.00701213
-0.000433196
-0.006945
-0.000639564
-0.00681331
-0.000846062
-0.00665702
-0.00650313
1.79334e-05
-0.00230028
-2.94872e-05
-0.00458849
-0.000162436
-0.00583183
-0.000376752
-0.00643953
-0.000657271
-0.00666899
-0.000985582
-0.00668381
-0.0013444
-0.00658618
-0.00171965
-0.00643806
-0.00210084
-0.00627583
-0.0061231
-4.02516e-05
-0.00226003
-0.000195898
-0.00443285
-0.000462954
-0.00556477
-0.000823637
-0.00607885
-0.00125588
-0.00623675
-0.00173871
-0.00620099
-0.00225483
-0.00607005
-0.00279157
-0.00590132
-0.00334056
-0.00572684
-0.00556572
-0.000102182
-0.00215785
-0.000368694
-0.00416633
-0.000768414
-0.00516506
-0.00127001
-0.00557725
-0.00184551
-0.00566125
-0.00247241
-0.00557409
-0.00313423
-0.00540824
-0.00382008
-0.00521547
-0.00452382
-0.0050231
-0.00484559
-0.000155791
-0.00200206
-0.00052749
-0.00379463
-0.00105339
-0.00463915
-0.00168739
-0.00494325
-0.00239582
-0.00495282
-0.00315509
-0.00481482
-0.00394974
-0.00461359
-0.00477063
-0.00439458
-0.00561337
-0.00418036
-0.00398108
-0.000216353
-0.0017857
-0.000691421
-0.00331957
-0.00133483
-0.00399575
-0.00208799
-0.00419009
-0.00291328
-0.00412753
-0.00378715
-0.00394095
-0.00469559
-0.00370514
-0.00563111
-0.00345906
-0.00659054
-0.00322093
-0.00299733
-0.000273628
-0.00151208
-0.000843898
-0.0027493
-0.00159266
-0.00324699
-0.00245014
-0.00333261
-0.00337581
-0.00320186
-0.00434671
-0.00297005
-0.00535044
-0.00270142
-0.00638086
-0.00242864
-0.00743558
-0.00216621
-0.00191793
-0.00032561
-0.00118647
-0.000980256
-0.00209465
-0.00182004
-0.00240721
-0.00276546
-0.00238719
-0.00377399
-0.00219332
-0.00482371
-0.00192033
-0.00590384
-0.00162129
-0.00700946
-0.00132301
-0.00813861
-0.00103706
-0.000765298
-0.000370588
-0.000815879
-0.00109675
-0.00136848
-0.00201176
-0.0014922
-0.00302787
-0.00137108
-0.00410133
-0.00111986
-0.00521146
-0.000810203
-0.00634923
-0.000483519
-0.00751094
-0.000161295
-0.00869495
0.000146944
0.000440252
-0.000407234
-0.000408644
-0.00119067
-0.00058505
-0.0021643
-0.000518573
-0.00323361
-0.000301765
-0.00435406
5.90556e-07
-0.0055063
0.000342036
-0.00668319
0.000693366
-0.00788248
0.001038
-0.00910311
0.00136757
0.00168058
-0.00043465
2.60051e-05
-0.0012603
0.000240605
-0.0022758
0.000496925
-0.0033812
0.000803635
-0.00453109
0.00115047
-0.00570757
0.00151852
-0.00690514
0.00189093
-0.0081235
0.00225637
-0.00936302
0.00260709
0.00293893
-0.000452354
0.000478359
-0.00130496
0.00109321
-0.00234599
0.00153796
-0.00347126
0.0019289
-0.00463448
0.0023137
-0.0058182
0.00270224
-0.00701822
0.00309095
-0.00823623
0.00347438
-0.00947548
0.00384634
0.00419892
-0.000460253
0.000938611
-0.00132477
0.00195773
-0.00237596
0.00258915
-0.00350672
0.00305966
-0.00466956
0.00347653
-0.00584645
0.00387913
-0.00703294
0.00427744
-0.00823119
0.00467262
-0.00944756
0.00506271
0.00544535
-0.000458551
0.00139716
-0.00132052
0.0028197
-0.00236776
0.00363639
-0.00349211
0.00418402
-0.00464534
0.00462976
-0.00580888
0.00504267
-0.00697732
0.00544588
-0.00815042
0.00584573
-0.0093333
0.00624559
0.00665141
-0.000448685
0.00184585
-0.00129448
0.00366549
-0.0023243
0.00466621
-0.00343151
0.00529123
-0.00456928
0.00576752
-0.00572237
0.00619577
-0.00689239
0.00661589
-0.00809243
0.00704577
-0.00934995
0.00750311
0.00801737
-0.000426905
0.00227275
-0.00124168
0.00448027
-0.00224104
0.00566557
-0.00332105
0.00637124
-0.00443585
0.00688232
-0.00557132
0.00733124
-0.00672921
0.00777378
-0.007917
0.00823355
-0.00913707
0.00872318
0.00924518
-0.000396244
0.002669
-0.00116662
0.00525064
-0.00212212
0.00662107
-0.00316221
0.00741134
-0.00424042
0.00796052
-0.0053401
0.00843093
-0.00645787
0.00889155
-0.00759182
0.0093675
-0.00873165
0.009863
0.0103645
-0.000357508
0.0030265
-0.00107076
0.0059639
-0.0019689
0.00751921
-0.00295541
0.00839784
-0.00398188
0.00898699
-0.00502724
0.00947628
-0.00608223
0.00994654
-0.00713904
0.0104243
-0.00818571
0.0109097
0.0113868
-0.000311733
0.00333824
-0.000956127
0.00660829
-0.00178394
0.00834703
-0.00270351
0.00931741
-0.0036641
0.00994758
-0.00463993
0.0104521
-0.00561716
0.0109238
-0.00658564
0.0113928
-0.00753609
0.0118601
0.0123143
-0.000260173
0.00359841
-0.000825377
0.0071735
-0.001571
0.00909265
-0.00241149
0.0101579
-0.00329415
0.0108302
-0.00418906
0.011347
-0.00507911
0.0118138
-0.00595374
0.0122674
-0.00680686
0.0127132
0.0131462
-0.000204256
0.00380267
-0.000681724
0.00765096
-0.00133487
0.0097458
-0.00208586
0.0109089
-0.00288097
0.0116254
-0.00368685
0.0121529
-0.00448403
0.012611
-0.0052619
0.0130453
-0.0060165
0.0134678
0.0138801
-0.000145514
0.00394818
-0.00052878
0.00803423
-0.00108112
0.0102981
-0.00173414
0.0115619
-0.00243437
0.0123256
-0.00314584
0.0128644
-0.00384701
0.0133122
-0.00452683
0.0137251
-0.00518202
0.014123
0.0145133
-8.54689e-05
0.00403365
-0.000370344
0.00831911
-0.000815702
0.0107435
-0.00136434
0.0121106
-0.00196446
0.0129257
-0.00257828
0.0134782
-0.00318222
0.0139161
-0.00376414
0.014307
-0.00432007
0.014679
0.0150447
-2.55177e-05
0.00405917
-0.000210061
0.00850365
-0.000544652
0.0110781
-0.000984559
0.0125505
-0.00148123
0.0134224
-0.00199591
0.0139929
-0.00250302
0.0144232
-0.00298863
0.0147927
-0.00344715
0.0151375
0.015475
1.2998e-05
0.00404617
-8.0964e-05
0.00859761
-0.000305637
0.0113028
-0.000633194
0.012878
-0.00102173
0.0138109
-0.0014333
0.0144044
-0.00184092
0.0148308
-0.00222864
0.0151804
-0.00258872
0.0154976
0.0158035
6.28759e-05
0.00398329
6.30413e-05
0.00859744
-5.01322e-05
0.0114159
-0.000265821
0.0130937
-0.000548068
0.0140932
-0.000860332
0.0147167
-0.00117435
0.0151449
-0.00147194
0.015478
-0.00174306
0.0157687
0.0160416
0.000107701
0.00387559
0.000197431
0.00850771
0.000192904
0.0114205
8.86879e-05
0.0131979
-8.81086e-05
0.01427
-0.000303056
0.0149317
-0.000527204
0.015369
-0.000740314
0.0156911
-0.00092988
0.0159583
0.0162003
0.00014696
0.00372863
0.000319903
0.00833477
0.000419506
0.0113209
0.000423811
0.0131936
0.000350613
0.0143432
0.000230455
0.0150518
9.21538e-05
0.0155073
-4.2716e-05
0.0158259
-0.000159519
0.0160751
0.0162864
0.00018
0.00354863
0.000428069
0.0080867
0.00062551
0.0111234
0.000734257
0.0130849
0.000761617
0.0143158
0.000733232
0.0150802
0.000676906
0.0155636
0.000615348
0.0158875
0.000564471
0.0161259
0.0163148
0.000206507
0.00334213
0.000520386
0.00777282
0.000807683
0.0108361
0.0010152
0.0128774
0.00113915
0.0141918
0.00119919
0.0150202
0.00122114
0.0155417
0.00122806
0.0158806
0.0012365
0.0161175
0.0162931
0.000226462
0.00311566
0.000595997
0.00740329
0.000963719
0.0104684
0.00126285
0.0125782
0.00147835
0.0139763
0.00162299
0.0148755
0.00171991
0.0154448
0.00179218
0.0158083
0.0018567
0.016053
0.0162264
0.00024009
0.00287557
0.000654677
0.0069887
0.00109225
0.0100308
0.00147445
0.012196
0.0017752
0.0136756
0.00199987
0.0146508
0.00216842
0.0152762
0.00230456
0.0156722
0.00242698
0.0159306
0.0161129
0.000247817
0.00262776
0.000696815
0.0065397
0.0011929
0.00953474
0.00164837
0.0117406
0.00202666
0.0132973
0.0023253
0.0143522
0.00256071
0.0150408
0.00275881
0.0154741
0.00294746
0.0157419
0.0159327
0.000250238
0.00237752
0.00072336
0.00606658
0.00126627
0.00899182
0.00178427
0.0112226
0.00223087
0.0128507
0.00259506
0.013988
0.00288864
0.0147472
0.00313894
0.0152238
0.00339236
0.0154885
0.0156428
0.000247605
0.00212991
0.00073648
0.00557771
0.00131692
0.00841138
0.00188904
0.0106504
0.00239625
0.0123435
0.00281535
0.0135689
0.00314342
0.0144192
0.00337975
0.0149874
0.00349646
0.0153718
0.0157275
0.000244599
0.00188531
0.000741419
0.00508089
0.00134751
0.00780529
0.00196098
0.010037
0.00251718
0.0117873
0.00298191
0.0131042
0.00334081
0.0140602
0.00358645
0.0147418
0.00370997
0.0152483
0.0157036
0.000237926
0.00164739
0.000735043
0.00458377
0.00135728
0.00718306
0.00200343
0.00939082
0.00260352
0.0111872
0.00311539
0.0125923
0.00351797
0.0136577
0.00380356
0.0144562
0.00397552
0.0150763
0.0156121
0.000228521
0.00141887
0.00071953
0.00409276
0.00134952
0.00655307
0.00202053
0.00871981
0.00265995
0.0105478
0.00322001
0.0120323
0.00367443
0.0132033
0.00401405
0.0141166
0.00424638
0.014844
0.0154539
0.000217188
0.00120168
0.00069685
0.0036131
0.00132717
0.00592275
0.00201555
0.00803143
0.00268911
0.00987421
0.00329631
0.0114251
0.00380637
0.0126932
0.00420748
0.0137155
0.00450686
0.0145446
0.0152278
0.000204602
0.000997078
0.000668727
0.00314897
0.00129283
0.00529865
0.00199131
0.00733295
0.00269307
0.00917245
0.00334452
0.0107736
0.00391108
0.0121266
0.00437735
0.0132492
0.00474698
0.014175
0.014933
0.00019131
0.000805769
0.000636643
0.00270364
0.00124881
0.00468648
0.00195031
0.00663145
0.0026736
0.00844916
0.00336462
0.0100826
0.00398584
0.0115054
0.00451769
0.0127173
0.00495859
0.0137341
0.0145685
0.000177746
0.000628022
0.000601863
0.00227952
0.00119716
0.00409119
0.00189489
0.00593372
0.00263237
0.00771167
0.00335662
0.00935834
0.0040281
0.0108339
0.00462319
0.0121223
0.00513467
0.0132226
0.014133
0.000164239
0.000463783
0.000565456
0.00187831
0.00113976
0.00351688
0.00182729
0.00524619
0.00257122
0.00696775
0.00332091
0.00860865
0.004036
0.0101188
0.00468944
0.0114688
0.0052687
0.0126433
0.0136266
0.000151005
0.000312778
0.000528316
0.00150099
0.00107835
0.00296685
0.00174986
0.00457468
0.0024924
0.00622521
0.00325876
0.00784229
0.00400888
0.00936873
0.00471326
0.0107644
0.00535479
0.0120018
0.0130521
0.000135294
0.000177484
0.000484514
0.00115177
0.00100438
0.00244698
0.00165224
0.00392682
0.00238444
0.00549301
0.00315807
0.00706866
0.00393441
0.00859238
0.00468247
0.0100164
0.0053812
0.0113031
0.0124124
0.000123343
5.41403e-05
0.000447999
0.000827119
0.000938909
0.00195607
0.00156092
0.00330481
0.00227687
0.00477707
0.0030485
0.00629703
0.00383933
0.00780155
0.00461793
0.00923778
0.00536041
0.0105606
0.0117205
0.000112332
-5.81912e-05
0.000412963
0.000526488
0.000873902
0.00149513
0.00146671
0.002712
0.00216032
0.00408346
0.00292132
0.00553603
0.00371603
0.00700684
0.00451341
0.0084404
0.00528753
0.00978646
0.0109883
0.000102207
-0.000160398
0.000379556
0.000249139
0.000810106
0.00106458
0.00137131
0.0021508
0.00203772
0.00341705
0.0027807
0.00479305
0.00356973
0.00621781
0.00437472
0.0076354
0.00516833
0.00899286
0.0102285
9.28567e-05
-0.000253255
0.000347706
-5.71024e-06
0.000747823
0.000664463
0.00127584
0.00162278
0.00191144
0.00278144
0.00263065
0.00407384
0.00340632
0.00544214
0.00420969
0.00683203
0.00501219
0.00819036
0.00945325
8.40862e-05
-0.000337341
0.000317069
-0.000238693
0.000686795
0.000294736
0.00118051
0.00112907
0.00178268
0.00217927
0.00247398
0.00338255
0.00323098
0.00468513
0.00402677
0.00603624
0.00483153
0.00738561
0.00867106
7.56173e-05
-0.000412958
0.000287006
-0.000450081
0.000626119
-4.43774e-05
0.00108434
0.000670848
0.00165069
0.00161292
0.00231072
0.00272252
0.00304569
0.00395017
0.00383186
0.00525008
0.00463885
0.00657861
0.0078823
6.71082e-05
-0.000480066
0.000256674
-0.000639646
0.000564329
-0.000352033
0.000985086
0.000250091
0.00151217
0.00108583
0.00213638
0.0020983
0.00284526
0.00324129
0.00362165
0.00447369
0.0044388
0.00576146
0.00707448
5.82196e-05
-0.000538286
0.000225194
-0.000806621
0.000499739
-0.000626578
0.000879647
-0.000129817
0.00136136
0.000604125
0.00194035
0.00151931
0.00261157
0.00257007
0.00336965
0.00371561
0.00420426
0.00492686
0.00622262
4.87034e-05
-0.000586989
0.000191958
-0.000949876
0.000431161
-0.00086578
0.000765534
-0.00046419
0.00119225
0.000177404
0.0017075
0.00100406
0.00230817
0.0019694
0.00299609
0.00302769
0.00379207
0.00413088
0.0052763
3.86897e-05
-0.000625679
0.000157091
-0.00106828
0.000358954
-0.00106764
0.000643781
-0.000749017
0.00100654
-0.000185353
0.00143702
0.000573577
0.00191762
0.0014888
0.00241541
0.0025299
0.00285965
0.00368664
0.00501545
2.7271e-05
-0.00065295
0.000120103
-0.00116111
0.000284172
-0.00123171
0.000518883
-0.000983728
0.000817238
-0.000483708
0.00116504
0.00022578
0.00153948
0.00111436
0.00190774
0.00216163
0.00223335
0.00336103
0.00471829
1.55442e-05
-0.000668494
8.30206e-05
-0.00122859
0.000210465
-0.00135916
0.000398076
-0.00117134
0.000639065
-0.000724696
0.00092001
-5.51654e-05
0.00122188
0.00081249
0.00152361
0.00185991
0.00181293
0.0030717
0.00442061
4.03315e-06
-0.000672527
4.7343e-05
-0.0012719
0.000141004
-0.00145282
0.000286903
-0.00131724
0.000480266
-0.000918059
0.000711052
-0.000285952
0.000966218
0.000557324
0.0012342
0.00159193
0.0015126
0.0027933
0.00411811
-7.05914e-06
-0.000665468
1.47104e-05
-0.00129366
7.88165e-05
-0.00151692
0.000189694
-0.00142811
0.000345595
-0.00107396
0.000540727
-0.000481084
0.000767629
0.000330423
0.00102064
0.00133892
0.00129983
0.00251411
0.00380717
-1.66238e-05
-0.000648844
-1.31174e-05
-0.00129717
2.67782e-05
-0.00155682
0.000110044
-0.00151138
0.000238182
-0.0012021
0.000409573
-0.000652475
0.000621274
0.000118722
0.000870932
0.00108926
0.00115798
0.00222706
0.00348404
-2.42397e-05
-0.000624605
-3.44995e-05
-0.00128691
-1.23203e-05
-0.001579
5.12358e-05
-0.00157494
0.000160645
-0.00131151
0.000317892
-0.000809723
0.000523536
-8.69218e-05
0.000777196
0.0008356
0.0010771
0.00192716
0.00314386
-2.92548e-05
-0.00059535
-4.76389e-05
-0.00126853
-3.57637e-05
-0.00159087
1.65814e-05
-0.00162728
0.000115935
-0.00141086
0.000267113
-0.000960901
0.000473407
-0.000293215
0.000735973
0.000573034
0.00105248
0.00161065
0.00278182
-3.10415e-05
-0.000564308
-5.09232e-05
-0.00124865
-4.0814e-05
-0.00160098
9.54766e-06
-0.00167764
0.00010771
-0.00150902
0.000260388
-0.00111358
0.000472961
-0.000505788
0.000748137
0.000297858
0.00108402
0.00127477
0.00239428
-2.90843e-05
-4.29564e-05
-2.50702e-05
3.34938e-05
0.000140158
0.0003024
0.000527069
0.000818428
0.00117595
)
;

boundaryField
{
    inlet
    {
        type            calculated;
        value           uniform 0;
    }
    outlet
    {
        type            calculated;
        value           nonuniform List<scalar> 
40
(
0.00742546
0.0328774
0.0572602
0.0816426
0.108587
0.138127
0.170277
0.208219
0.25445
0.297211
-0.00165816
-0.00310721
-0.00445212
-0.00568729
-0.00681091
-0.00782478
-0.0087339
-0.00954543
-0.0102678
-0.0109102
-0.0114818
-0.0119917
-0.0124487
-0.0128613
-0.0132379
-0.0135865
-0.0139149
-0.0142307
-0.0145417
-0.0148554
-0.0580007
-0.0644964
-0.073971
-0.0871471
-0.10396
-0.123086
-0.142006
-0.157905
-0.168917
-0.174439
)
;
    }
    cylinder
    {
        type            calculated;
        value           uniform 0;
    }
    top
    {
        type            symmetryPlane;
        value           uniform 0;
    }
    bottom
    {
        type            symmetryPlane;
        value           uniform 0;
    }
    defaultFaces
    {
        type            empty;
        value           nonuniform 0();
    }
}


// ************************************************************************* //
