/*--------------------------------*- C++ -*----------------------------------*\
  =========                 |
  \\      /  F ield         | OpenFOAM: The Open Source CFD Toolbox
   \\    /   O peration     | Website:  https://openfoam.org
    \\  /    A nd           | Version:  7
     \\/     M anipulation  |
\*---------------------------------------------------------------------------*/
FoamFile
{
    version     2.0;
    format      ascii;
    class       surfaceScalarField;
    location    "80.2";
    object      phi;
}
// * * * * * * * * * * * * * * * * * * * * * * * * * * * * * * * * * * * * * //

dimensions      [0 3 -1 0 0 0 0];

internalField   nonuniform List<scalar> 
3880
(
-2.11758e-05
-0.000549151
0.000570327
-1.79117e-05
-0.00130287
0.0012996
2.42536e-05
-0.00172905
0.00168689
0.000113414
-0.00187468
0.00178551
0.000257199
-0.0017706
0.00162682
0.000464174
-0.00143773
0.00123075
0.000742823
-0.000891364
0.000612715
0.00109913
-0.000145183
-0.00021112
0.00153352
0.000785386
-0.00121978
0.00188137
0.00203754
-0.00238538
-1.03636e-05
-0.000538788
1.50611e-05
-0.00132829
8.48336e-05
-0.00179883
0.000203153
-0.00199299
0.000375166
-0.00194261
0.000608386
-0.00167095
0.000911656
-0.00119463
0.00129263
-0.000526159
0.00175442
0.0003236
0.00134423
0.00229155
5.60491e-06
-0.000544393
6.17991e-05
-0.00138448
0.000170455
-0.00190748
0.000330553
-0.00215309
0.000543694
-0.00215575
0.000815209
-0.00194246
0.00115324
-0.00153267
0.00156637
-0.000939289
0.00206025
-0.000170281
0.000771346
0.00263314
2.57034e-05
-0.000570096
0.00012116
-0.00147994
0.000279139
-0.00206546
0.000492945
-0.0023669
0.000759999
-0.00242281
0.00108266
-0.00226512
0.00146746
-0.00191747
0.00192304
-0.00139487
0.00245703
-0.000704269
0.000156756
0.00307162
4.97984e-05
-0.000619894
0.000190939
-0.00162108
0.000406499
-0.00228102
0.000683612
-0.00264401
0.00101527
-0.00275446
0.00140053
-0.00265038
0.00184381
-0.00236075
0.00235307
-0.00190413
0.00293709
-0.00128829
-0.000507799
0.00360165
7.67012e-05
-0.000696596
0.000267658
-0.00181204
0.000545613
-0.00255898
0.000891435
-0.00298983
0.00129382
-0.00315685
0.00174869
-0.00310525
0.00225829
-0.00287035
0.00282966
-0.00247549
0.00347205
-0.00193069
-0.00122934
0.00419359
0.000104993
-0.000801589
0.000346752
-0.0020538
0.000687279
-0.0028995
0.0011013
-0.00340385
0.0015736
-0.00362916
0.00209741
-0.00362906
0.00267322
-0.00344616
0.00330738
-0.00310965
0.00400958
-0.00263289
-0.00200852
0.00478876
0.00013301
-0.000934598
0.000422853
-0.00234364
0.000820651
-0.0032973
0.00129525
-0.00387845
0.00182806
-0.00416196
0.00241017
-0.00421117
0.00304079
-0.00407678
0.00372618
-0.00379504
0.00447748
-0.00338419
-0.00283503
0.00530399
0.000158937
-0.00109354
0.000490158
-0.00267486
0.000934134
-0.00374128
0.00145433
-0.00439865
0.00202937
-0.004737
0.00264875
-0.00483055
0.00331063
-0.00473867
0.00402113
-0.00450554
0.00479422
-0.00415728
-0.00368689
0.00564609
0.000180906
-0.00127444
0.000542844
-0.0030368
0.0010164
-0.00421483
0.00156051
-0.00494276
0.00215197
-0.00532846
0.00277946
-0.00545803
0.0034402
-0.00539941
0.00413884
-0.00520418
0.00489028
-0.00490873
0.00573911
-0.00453572
0.00352996
0.0169357
-0.0184281
0.00493138
0.0383903
-0.0397917
0.00542072
0.0598265
-0.0603159
0.00522665
0.0793679
-0.0791738
0.00463523
0.0988012
-0.0982097
0.0037816
0.119516
-0.118663
0.00274839
0.142791
-0.141757
0.00155092
0.172909
-0.171712
0.000512108
0.21735
-0.216311
0.27066
-0.270148
0.00386765
0.0153596
0.00558503
0.0366729
0.00637567
0.0590359
0.00637074
0.0793728
0.00586637
0.0993055
0.00501082
0.120372
0.00389297
0.143908
0.00253116
0.174271
0.00112511
0.218756
0.271786
0.00421026
0.0137825
0.00619809
0.0346851
0.00730341
0.0579306
0.0075056
0.0791706
0.0070982
0.0997129
0.00624407
0.121226
0.00504136
0.145111
0.00350958
0.175803
0.00174264
0.220523
0.273528
0.00456533
0.0122888
0.0067509
0.0324995
0.00817705
0.0565044
0.00860574
0.0787419
0.00830934
0.100009
0.00746384
0.122072
0.00618022
0.146395
0.00447978
0.177503
0.00235329
0.22265
0.275882
0.00494201
0.0109484
0.00723084
0.0302107
0.00897143
0.0547638
0.00964631
0.078067
0.00947843
0.100177
0.00865318
0.122897
0.00729605
0.147752
0.00543103
0.179368
0.00295221
0.225129
0.278834
0.00534228
0.00979971
0.00763331
0.0279197
0.00966479
0.0527323
0.0106037
0.0771281
0.0105846
0.100196
0.0097938
0.123688
0.00837394
0.149172
0.00635202
0.18139
0.00353222
0.227948
0.282366
0.00575122
0.00883725
0.00795832
0.0257126
0.0102403
0.0504504
0.0114569
0.0759115
0.0116107
0.100043
0.0108733
0.124425
0.00940516
0.15064
0.00723681
0.183558
0.00409235
0.231093
0.286458
0.0061247
0.00801654
0.00820151
0.0236358
0.0106855
0.0479664
0.0121858
0.0744112
0.0125322
0.0996961
0.0118655
0.125092
0.010366
0.152139
0.00806829
0.185856
0.00462044
0.234541
0.291079
0.00638152
0.0072811
0.00834027
0.021677
0.0109857
0.0453209
0.0127868
0.0726101
0.0133635
0.0991195
0.0127923
0.125663
0.0112779
0.153654
0.00885875
0.188275
0.00512486
0.238275
0.296204
0.0064752
0.00654501
0.00841456
0.0197376
0.0111466
0.0425888
0.0131963
0.0705603
0.014011
0.0983048
0.0135659
0.126108
0.0120919
0.155128
0.00956044
0.190807
0.00561487
0.24222
0.301818
0.0195075
0.0116035
-0.024566
0.015122
0.0241231
0.0132277
0.0444831
0.0120554
0.0717326
0.0104825
0.0998777
0.00843404
0.128157
0.00587344
0.157688
0.00284717
0.193833
0.000329493
0.244738
0.302148
0.020353
0.0152684
-0.0240179
0.0157755
0.0287007
0.0129906
0.047268
0.0115302
0.073193
0.00997916
0.101429
0.00797337
0.130162
0.0054618
0.1602
0.00258532
0.196709
0.000252803
0.24707
0.302401
0.0199714
0.0173787
-0.0220817
0.0161637
0.0325084
0.0129865
0.0504452
0.0110625
0.0751169
0.0093676
0.103124
0.00741319
0.132117
0.00503575
0.162577
0.00232093
0.199424
0.000178587
0.249213
0.302579
0.0186762
0.0184052
-0.0197028
0.0158074
0.0353772
0.0128284
0.0534242
0.0107305
0.0772148
0.00893758
0.104917
0.00700497
0.134049
0.00471856
0.164864
0.00217683
0.201966
0.000177013
0.251212
0.302756
0.0169879
0.0186349
-0.0172176
0.0149369
0.0374283
0.0123653
0.0559958
0.0102932
0.0792869
0.00848811
0.106722
0.00659211
0.135945
0.0043967
0.167059
0.00198646
0.204376
0.000125509
0.253073
0.302882
0.0150738
0.0181548
-0.0145938
0.0137594
0.0387427
0.0116304
0.0581248
0.00978491
0.0811324
0.00812378
0.108383
0.00631862
0.137751
0.00420719
0.169171
0.00192121
0.206662
0.000155669
0.254839
0.303038
0.0131152
0.0169895
-0.0119498
0.0125597
0.0392982
0.0108757
0.0598088
0.00917478
0.0828333
0.00763236
0.109925
0.00595834
0.139425
0.00397086
0.171158
0.00178603
0.208847
0.000121255
0.256504
0.303159
0.0110671
0.0152225
-0.00930013
0.0111667
0.0391986
0.0100508
0.0609247
0.00870129
0.0841828
0.00732569
0.111301
0.0057558
0.140994
0.00385222
0.173062
0.0017846
0.210915
0.000187075
0.258101
0.303346
0.00957539
0.0126641
-0.007017
0.0103601
0.0384139
0.00953186
0.0617529
0.00825496
0.0854597
0.00696446
0.112591
0.00550454
0.142454
0.00369089
0.174875
0.00169789
0.212908
0.000166895
0.259632
0.303513
0.00710845
-0.00399662
0.00905235
0.0091545
0.00820552
0.00697343
0.00549056
0.00373319
0.00175407
0.000282714
0.00577871
-0.024847
-0.00549769
0.00540606
-0.0236453
0.00470791
-0.0213835
0.00391162
-0.0189065
0.00307482
-0.0163808
0.00221303
-0.013732
0.00133131
-0.0110681
0.000464072
-0.0084329
-0.000546093
-0.00600684
-0.00319593
0.00486657
-0.0247415
-0.00497205
0.00422114
-0.0229999
0.00337345
-0.0205358
0.00247822
-0.0180113
0.00156604
-0.0154686
0.000645847
-0.0128118
-0.000279938
-0.0101423
-0.00118085
-0.00753199
-0.00214974
-0.00503794
-0.00244369
0.00377318
-0.024313
-0.00420177
0.00290119
-0.0221279
0.00193658
-0.0195712
0.0009607
-0.0170354
-1.3146e-05
-0.0144948
-0.000962002
-0.0118629
-0.00189825
-0.00920604
-0.00279767
-0.00663257
-0.00369074
-0.00414487
-0.00178715
0.00249528
-0.023622
-0.00318628
0.00145798
-0.0210906
0.000412276
-0.0185255
-0.000614153
-0.0160089
-0.00161087
-0.0134981
-0.00257353
-0.0109003
-0.00349098
-0.00828859
-0.00434812
-0.00577543
-0.0051367
-0.00335629
-0.00124759
0.00105117
-0.0227157
-0.00195743
-9.28334e-05
-0.0199465
-0.00117756
-0.0174408
-0.00222443
-0.0149621
-0.00321863
-0.0125039
-0.00415614
-0.00996274
-0.00502395
-0.00742078
-0.00580583
-0.00499355
-0.00647035
-0.00269177
-0.00083114
-0.000501649
-0.0216502
-0.000563876
-0.00170666
-0.0187415
-0.0028
-0.0163474
-0.00383302
-0.0139291
-0.00479371
-0.0115432
-0.00567712
-0.00907933
-0.00646878
-0.00662912
-0.00715119
-0.00431114
-0.00768354
-0.00215943
-0.000533852
-0.00212285
-0.0204521
0.000924803
-0.00333701
-0.0175274
-0.00440678
-0.0152777
-0.00539817
-0.0129377
-0.00629971
-0.0106416
-0.00710586
-0.00827318
-0.0078026
-0.00593237
-0.00837204
-0.0037417
-0.00877449
-0.00175697
-0.000344639
-0.00373839
-0.0191688
0.00245507
-0.00492902
-0.0163367
-0.00595212
-0.0142546
-0.00688
-0.0120098
-0.00770385
-0.0098178
-0.00841749
-0.00755954
-0.00900958
-0.00534027
-0.0094632
-0.00328809
-0.00974641
-0.00147376
-0.000247946
-0.0052926
-0.017845
0.00396875
-0.00643445
-0.0151949
-0.00739494
-0.0132941
-0.00824448
-0.0111602
-0.00898012
-0.00908216
-0.00959457
-0.0069451
-0.0100813
-0.00485353
-0.0104255
-0.00294395
-0.0106059
-0.0012933
-0.00022593
-0.00673635
-0.0165191
0.00541054
-0.00781314
-0.0141181
-0.00870227
-0.012405
-0.00946588
-0.0103966
-0.0101108
-0.00843724
-0.0106275
-0.00642837
-0.0110161
-0.00446497
-0.0112641
-0.00269595
-0.0113617
-0.00119565
-0.000260003
-0.00803162
-0.0152225
0.00673498
-0.00903483
-0.0131149
-0.00985085
-0.011589
-0.0105276
-0.00971987
-0.0110865
-0.00787834
-0.0115139
-0.00600098
-0.0118175
-0.00416133
-0.0119873
-0.00252616
-0.0120235
-0.0011595
-0.000331788
-0.0091581
-0.0139778
0.00791344
-0.0100826
-0.0121904
-0.0108289
-0.0108427
-0.0114234
-0.0091254
-0.0119061
-0.0073956
-0.0122576
-0.00564953
-0.0124934
-0.00392555
-0.0126052
-0.00241435
-0.012601
-0.00116365
-0.000423582
-0.0101025
-0.0128006
0.00892531
-0.0109474
-0.0113455
-0.0116317
-0.0101584
-0.0121533
-0.00860384
-0.0125736
-0.00697529
-0.0128661
-0.00535705
-0.0130532
-0.00373841
-0.0131281
-0.00233946
-0.013104
-0.00118775
-0.000518552
-0.0108628
-0.0116983
0.00976049
-0.0116298
-0.0105784
-0.0122626
-0.00952555
-0.0127242
-0.00814229
-0.0130977
-0.00660176
-0.0133501
-0.0051047
-0.0135084
-0.00358011
-0.013567
-0.00228079
-0.013542
-0.00121282
-0.000600759
-0.0114446
-0.0106695
0.0104158
-0.0121373
-0.00988564
-0.0127301
-0.0089328
-0.013147
-0.00772536
-0.0134899
-0.00625892
-0.0137216
-0.00487302
-0.0138703
-0.00343136
-0.0139324
-0.0022187
-0.0139239
-0.00122127
-0.000655078
-0.0118593
-0.00970225
0.010892
-0.0124834
-0.00926153
-0.0130463
-0.00836989
-0.0134357
-0.007336
-0.0137632
-0.0059314
-0.0139932
-0.00464301
-0.0141507
-0.00327393
-0.0142345
-0.0021349
-0.0142589
-0.00119688
-0.00066709
-0.0121201
-0.00877298
0.0111908
-0.0126852
-0.0086964
-0.0132252
-0.00782988
-0.0136049
-0.00695633
-0.0139312
-0.00560507
-0.0141776
-0.00439666
-0.0143606
-0.00309097
-0.014483
-0.00201243
-0.0145554
-0.00112451
-0.000622958
-0.0122323
-0.00785456
0.0113138
-0.0127566
-0.0081721
-0.0132783
-0.00730815
-0.0136673
-0.00656729
-0.0140062
-0.00526616
-0.0142859
-0.00411695
-0.0145103
-0.00286659
-0.0146873
-0.00183548
-0.014822
-0.000989822
-0.000509274
-0.0121926
-0.00693153
0.0112696
-0.0127108
-0.00765388
-0.0132182
-0.0068008
-0.0136354
-0.00615005
-0.0140005
-0.0049011
-0.0143293
-0.00378815
-0.0146099
-0.00258599
-0.0148561
-0.00158928
-0.0150668
-0.000779071
-0.000312848
-0.012051
-0.00598257
0.0111021
-0.0125992
-0.00710573
-0.0130766
-0.00632342
-0.0135249
-0.0057017
-0.013926
-0.00450004
-0.0143152
-0.00339896
-0.0146668
-0.00223433
-0.0149969
-0.00125924
-0.0152991
-0.000476796
-2.14789e-05
-0.053379
-0.00572721
0.0531236
-0.0547606
-0.00572415
-0.0561984
-0.00488563
-0.0576293
-0.00427073
-0.0588084
-0.00332092
-0.0597311
-0.00247632
-0.0603515
-0.00161393
-0.0607024
-0.000908321
-0.0608312
-0.000347959
-2.64145e-05
-0.0628456
-0.00559734
0.0627158
-0.0637026
-0.00486717
-0.0645249
-0.00406335
-0.0654358
-0.00335982
-0.0661784
-0.00257833
-0.0667641
-0.00189058
-0.067147
-0.00123107
-0.0673516
-0.000703641
-0.067416
-0.000283638
-3.28053e-05
-0.0743937
-0.00560717
0.0744035
-0.0748268
-0.00443407
-0.0752795
-0.00361071
-0.0758314
-0.00280789
-0.0762698
-0.00213991
-0.0766366
-0.00152375
-0.0768579
-0.00100983
-0.0769749
-0.00058657
-0.0769984
-0.000260228
-3.63105e-05
-0.0887895
-0.00561185
0.0887942
-0.0890689
-0.00415464
-0.0893313
-0.00334836
-0.0896871
-0.00245201
-0.0899472
-0.0018799
-0.0901883
-0.00128265
-0.090318
-0.000880101
-0.090399
-0.000505544
-0.0904082
-0.000250994
-3.40627e-05
-0.106215
-0.0053945
0.105997
-0.106517
-0.00385232
-0.106762
-0.00310328
-0.107057
-0.00215771
-0.107259
-0.00167725
-0.107459
-0.00108277
-0.107568
-0.000771632
-0.107658
-0.000415532
-0.107685
-0.000223549
-1.73669e-05
-0.125619
-0.00485358
0.125078
-0.126075
-0.00339684
-0.126439
-0.00273928
-0.126765
-0.001831
-0.127004
-0.00143899
-0.127215
-0.00087164
-0.127351
-0.00063501
-0.127476
-0.000290593
-0.127539
-0.000161149
9.88111e-06
-0.144789
-0.00396338
0.143898
-0.145447
-0.00273887
-0.145982
-0.00220428
-0.14638
-0.00143302
-0.14669
-0.00112858
-0.146924
-0.000638113
-0.1471
-0.000458708
-0.147238
-0.000152276
-0.14732
-7.91985e-05
3.54735e-05
-0.161065
-0.00278925
0.159891
-0.161897
-0.00190662
-0.162573
-0.00152905
-0.16303
-0.000975729
-0.163393
-0.000765193
-0.163627
-0.000404037
-0.163809
-0.000277246
-0.163915
-4.64059e-05
-0.163978
-1.56788e-05
4.25899e-05
-0.172497
-0.00143849
0.171147
-0.173434
-0.000970078
-0.174187
-0.00077632
-0.174673
-0.000489057
-0.175055
-0.000383048
-0.175268
-0.000191724
-0.175419
-0.000125474
-0.175465
-4.2905e-07
-0.175488
6.83272e-06
2.8257e-05
-0.178309
0.17687
-0.179279
-0.180055
-0.180544
-0.180927
-0.181119
-0.181245
-0.181245
-0.181238
-0.0122883
0.0541335
0.0112784
-0.012981
0.0634085
-0.0135407
0.0749633
-0.0138341
0.0890876
-0.0136333
0.105797
-0.0126492
0.124094
-0.010684
0.141933
-0.00775241
0.156959
-0.00407892
0.167473
0.172792
-0.0116426
0.0548718
0.0109043
-0.0122903
0.0640562
-0.0127841
0.075457
-0.0129906
0.0892941
-0.0127109
0.105517
-0.0117001
0.123083
-0.0098087
0.140042
-0.00707491
0.154226
-0.0037075
0.164106
0.169084
-0.0110377
0.0555493
0.0103602
-0.0116224
0.0646409
-0.0120399
0.0758745
-0.0121721
0.0894263
-0.0118412
0.105186
-0.0108378
0.12208
-0.0090425
0.138247
-0.0064997
0.151683
-0.00339885
0.161005
0.165685
-0.0103381
0.0562054
0.00968208
-0.0108641
0.0651668
-0.0112005
0.076211
-0.011259
0.0894848
-0.0108855
0.104813
-0.00990449
0.121099
-0.00822341
0.136566
-0.00588997
0.149349
-0.00307328
0.158188
0.162612
-0.00952588
0.0568319
0.00889932
-0.00999666
0.0656376
-0.0102606
0.076475
-0.0102571
0.0894812
-0.009857
0.104413
-0.00891647
0.120158
-0.0073666
0.135016
-0.00525666
0.147239
-0.00273627
0.155668
0.159876
-0.0086206
0.0574183
0.00803423
-0.00902896
0.0660459
-0.00922421
0.0766702
-0.00916998
0.089427
-0.00875972
0.104002
-0.00787887
0.119278
-0.00647784
0.133615
-0.00460515
0.145367
-0.00239104
0.153454
0.157485
-0.00764144
0.0579552
0.00710456
-0.00798164
0.0663861
-0.00810908
0.0767976
-0.00801208
0.08933
-0.00760492
0.103595
-0.00679994
0.118473
-0.00556308
0.132378
-0.00393957
0.143743
-0.00203984
0.151554
0.155445
-0.00660383
0.0584311
0.00612786
-0.00687433
0.0666566
-0.00693587
0.0768592
-0.00680295
0.0891971
-0.00640939
0.103202
-0.00569265
0.117756
-0.00463122
0.131316
-0.00326529
0.142377
-0.0016852
0.149974
0.15376
-0.0055247
0.0588331
0.00512277
-0.00572647
0.0668584
-0.00572457
0.0768573
-0.00556236
0.0890349
-0.00519077
0.10283
-0.00457134
0.117136
-0.0036926
0.130438
-0.00258873
0.141273
-0.00133018
0.148715
0.152429
-0.00442202
0.0591463
0.00410882
-0.00455904
0.0669954
-0.00449482
0.0767931
-0.0043094
0.0888495
-0.00396579
0.102486
-0.00344977
0.11662
-0.00275745
0.129745
-0.00191651
0.140432
-0.000978049
0.147777
0.151451
-0.00332557
0.0593613
0.00311052
-0.00339814
0.067068
-0.00327143
0.0766664
-0.0030668
0.0886448
-0.00275376
0.102173
-0.00234376
0.11621
-0.00183773
0.129239
-0.00125642
0.139851
-0.00063269
0.147153
0.150819
-0.00225803
0.0594803
0.00213904
-0.00225977
0.0670697
-0.00207694
0.0764835
-0.00185267
0.0884206
-0.00157123
0.101892
-0.00126452
0.115904
-0.000940763
0.128915
-0.000614399
0.139525
-0.000297045
0.146836
0.150522
-0.0012521
0.0595181
0.00121437
-0.00117108
0.0669887
-0.000945013
0.0762575
-0.000699444
0.088175
-0.000452735
0.101645
-0.000245957
0.115697
-9.85208e-05
0.128768
-1.74128e-05
0.139444
1.34396e-05
0.146805
0.150535
-0.000340633
0.0595149
0.000343837
-0.000162057
0.0668101
8.55819e-05
0.0760098
0.000385624
0.087875
0.000617776
0.101413
0.000741721
0.115573
0.000729615
0.12878
0.000582038
0.139591
0.000326328
0.147061
0.150861
0.000537395
0.0594419
-0.000464419
0.000810113
0.0665374
0.00112565
0.0756943
0.00142993
0.0875707
0.00163476
0.101208
0.0016714
0.115536
0.0015033
0.128948
0.00113585
0.139959
0.000614501
0.147582
0.151476
0.00135676
0.0592935
-0.00120839
0.0016958
0.0661984
0.00205029
0.0753398
0.00237681
0.0872441
0.0025633
0.101022
0.00252504
0.115575
0.00221592
0.129257
0.00164643
0.140528
0.000879396
0.148349
0.152355
0.00207883
0.0591079
-0.00189324
0.00248765
0.0657896
0.00287728
0.0749502
0.00322675
0.0868947
0.003402
0.100846
0.00330131
0.115675
0.00286719
0.129691
0.00211397
0.141281
0.00112127
0.149342
0.153477
0.00271523
0.0589205
-0.00252785
0.00318401
0.0653208
0.00360145
0.0745327
0.00396851
0.0865276
0.00413442
0.100681
0.00398097
0.115829
0.00343858
0.130234
0.00252407
0.142196
0.00133201
0.150534
0.154809
0.00328983
0.0587627
-0.00313196
0.00380272
0.0648079
0.00424715
0.0740883
0.00463214
0.0861426
0.0047958
0.100517
0.00460016
0.116024
0.00396139
0.130873
0.0028988
0.143259
0.00152323
0.151909
0.156332
0.0036988
0.0587703
-0.00370643
0.00421314
0.0642935
0.00468244
0.073619
0.0050752
0.0857499
0.00523673
0.100355
0.00501666
0.116244
0.00431681
0.131572
0.00315418
0.144421
0.00164967
0.153414
0.157981
-0.0395788
0.0539675
0.0443816
-0.0357956
0.0605103
-0.0333043
0.0711277
-0.0307091
0.0831547
-0.0276526
0.0972989
-0.0237638
0.112356
-0.0188856
0.126694
-0.0131152
0.138651
-0.00670872
0.147007
0.151273
-0.0482346
0.0498551
0.0523471
-0.0448303
0.0571059
-0.0417651
0.0680625
-0.0382852
0.0796749
-0.0342862
0.0932999
-0.0292888
0.107358
-0.0231745
0.12058
-0.0160664
0.131543
-0.00825429
0.139195
0.143018
-0.0581086
0.0459173
0.0620463
-0.0546451
0.0536425
-0.0508933
0.0643107
-0.0465273
0.0753088
-0.0414045
0.0881771
-0.0350406
0.100994
-0.0274861
0.113025
-0.0188983
0.122955
-0.00957587
0.129873
0.133443
-0.0700373
0.042181
0.0737736
-0.0660575
0.0496627
-0.0614612
0.0597144
-0.0560943
0.0699419
-0.0496568
0.0817397
-0.0417266
0.093064
-0.032539
0.103838
-0.0223018
0.112718
-0.01139
0.118961
0.122053
-0.0833568
0.0378343
0.0877035
-0.0785573
0.0448632
-0.0728777
0.0540348
-0.0660755
0.0631397
-0.0578305
0.0734947
-0.0479746
0.0832081
-0.0369233
0.0927866
-0.0248882
0.100682
-0.0123621
0.106435
0.10969
-0.0987831
0.0334584
0.103159
-0.0928377
0.0389178
-0.0858325
0.0470296
-0.0773081
0.0546153
-0.0671558
0.0633423
-0.055431
0.0714834
-0.0424652
0.0798208
-0.0285557
0.086773
-0.0144782
0.0923574
0.0952122
-0.113534
0.0272434
0.119749
-0.10632
0.0317036
-0.0976243
0.0383339
-0.0869076
0.0438985
-0.0745229
0.0509576
-0.0604392
0.0573997
-0.0449887
0.0643703
-0.0287033
0.0704875
-0.0129445
0.0765986
0.0822677
-0.129265
0.0210772
0.135431
-0.120836
0.0232746
-0.110648
0.0281458
-0.0984852
0.0317362
-0.0846878
0.0371602
-0.0690087
0.0417206
-0.0520168
0.0473784
-0.0343497
0.0528204
-0.0180998
0.0603487
0.0641679
-0.143321
0.0102129
0.154186
-0.131708
0.011661
-0.11783
0.0142679
-0.102234
0.0161407
-0.0842753
0.0192013
-0.0643429
0.0217882
-0.0423696
0.0254051
-0.0192602
0.029711
0.0024462
0.0386423
0.0666141
-0.243432
0.253644
-0.231771
-0.217503
-0.201362
-0.182161
-0.160373
-0.134967
-0.105256
-0.0666141
0.00187646
0.0459477
-0.00344258
0.000474939
0.0537486
-0.0005465
0.0630678
-0.00127084
0.0744979
-0.00171934
0.088152
-0.00188261
0.103322
-0.00165502
0.119522
-0.00125402
0.13503
-0.00180449
0.154736
0.25184
0.00225347
0.0474815
-0.00378726
0.00089113
0.0551109
-0.000181027
0.0641399
-0.000935362
0.0752523
-0.00142972
0.0886464
-0.00162649
0.103519
-0.00148019
0.119375
-0.00112653
0.134676
-0.00159877
0.155208
0.250241
0.0027087
0.0489145
-0.0041417
0.00138597
0.0564337
0.000334188
0.0651917
-0.000449386
0.0760358
-0.000963564
0.0891606
-0.00120385
0.103759
-0.00113191
0.119303
-0.000884453
0.134429
-0.00139341
0.155717
0.248848
0.00316406
0.0502502
-0.00449984
0.00188621
0.0577115
0.0008724
0.0662055
5.52421e-05
0.076853
-0.000429478
0.0896453
-0.000715827
0.104046
-0.000696998
0.119284
-0.000584647
0.134316
-0.00112883
0.156261
0.247719
0.00361186
0.0514875
-0.0048491
0.00239803
0.0589253
0.00143041
0.0671731
0.000671573
0.0776118
0.000143754
0.0901731
-0.000191207
0.104381
-0.000203192
0.119296
-0.000240941
0.134354
-0.000818026
0.156839
0.246901
0.00406846
0.0525973
-0.00517831
0.00294203
0.0600518
0.00202834
0.0680868
0.00131069
0.0783295
0.000798399
0.0906854
0.000438615
0.10474
0.000333209
0.119402
0.000173374
0.134514
-0.000466809
0.157479
0.246434
0.00453277
0.053544
-0.00547943
0.00351627
0.0610683
0.00266638
0.0689367
0.00199414
0.0790017
0.00149367
0.0911859
0.00112393
0.10511
0.000918882
0.119607
0.000670144
0.134763
-7.08852e-05
0.15822
0.246363
0.00499754
0.0542916
-0.00574519
0.00411024
0.0619556
0.00333483
0.0697121
0.00271506
0.0796215
0.00223024
0.0916707
0.00184406
0.105496
0.00155338
0.119898
0.001188
0.135128
0.000319885
0.159088
0.246683
0.00545551
0.0548034
-0.0059673
0.00471253
0.0626985
0.00402231
0.0704023
0.0034621
0.0801817
0.00300002
0.0921328
0.00259686
0.1059
0.00222346
0.120271
0.00173478
0.135617
0.000741636
0.160081
0.247425
0.00589354
0.0550462
-0.00613631
0.00531063
0.0632814
0.00471708
0.0709959
0.00422342
0.0806754
0.00379234
0.0925638
0.00337291
0.106319
0.00291931
0.120725
0.00230651
0.13623
0.00118575
0.161202
0.24861
0.00629245
0.0549933
-0.00623956
0.00588645
0.0636874
0.00540297
0.0714794
0.00498199
0.0810964
0.00458868
0.0929571
0.00415708
0.106751
0.00362817
0.121254
0.00289341
0.136964
0.00164201
0.162453
0.250252
0.00664377
0.0546285
-0.00627891
0.00643211
0.0638991
0.00607143
0.0718401
0.00572995
0.0814379
0.00538076
0.0933063
0.004943
0.107188
0.00434455
0.121852
0.00349114
0.137818
0.00210703
0.163837
0.25236
0.00692872
0.05395
-0.00625022
0.00692836
0.0638995
0.00670119
0.0720672
0.00644659
0.0816925
0.00614859
0.0936043
0.00571328
0.107624
0.00505356
0.122512
0.00408853
0.138783
0.00257352
0.165352
0.254933
0.0071352
0.0529725
-0.00615775
0.00736
0.0636747
0.00727583
0.0721514
0.00711507
0.0818532
0.00687592
0.0938435
0.00645322
0.108046
0.00574272
0.123222
0.00467624
0.139849
0.00303472
0.166994
0.257968
0.00725434
0.0517295
-0.00601135
0.00771382
0.0632152
0.00778027
0.0720849
0.00771932
0.0819142
0.00754748
0.0940153
0.00714843
0.108445
0.00640032
0.12397
0.00524551
0.141004
0.00348485
0.168755
0.261453
0.0072825
0.0502745
-0.00582743
0.00797972
0.062518
0.00820069
0.071864
0.00824464
0.0818702
0.00814865
0.0941113
0.00778396
0.10881
0.00701357
0.124741
0.00578632
0.142231
0.00391507
0.170626
0.265368
0.00722471
0.0486777
-0.00562797
0.00815117
0.0615915
0.00852685
0.0714883
0.00868005
0.081717
0.00866738
0.094124
0.00835009
0.109127
0.00757543
0.125515
0.00629372
0.143513
0.00432181
0.172598
0.26969
0.00709736
0.0470146
-0.00543428
0.00822539
0.0604635
0.00875079
0.0709629
0.00901216
0.0814556
0.00908556
0.0940506
0.00882554
0.109387
0.00806423
0.126277
0.00675198
0.144825
0.00469039
0.174659
0.27438
0.00691195
0.0453428
-0.00524006
0.00820989
0.0591655
0.00888815
0.0702846
0.00926054
0.0810833
0.00942546
0.0938857
0.00923429
0.109579
0.00850029
0.127011
0.00717556
0.14615
0.00502848
0.176806
0.279408
0.00662331
0.0436536
-0.00493418
0.00798839
0.0578004
0.00881791
0.0694551
0.00929845
0.0806027
0.00956225
0.0936219
0.00945385
0.109687
0.00878819
0.127676
0.00747985
0.147458
0.00532617
0.17896
0.284735
-0.0203279
0.0429274
0.0210542
-0.0178104
0.0552829
-0.0148057
0.0664505
-0.0115662
0.0773632
-0.00831439
0.0903701
-0.00488356
0.106256
-0.00133728
0.12413
0.00143933
0.144682
0.00136851
0.179031
0.286103
-0.0341141
0.0408933
0.0361482
-0.0308278
0.0519966
-0.026554
0.0621768
-0.0218616
0.0726707
-0.0169987
0.0855072
-0.0117264
0.100984
-0.00621731
0.118621
-0.00154989
0.140014
-1.6099e-05
0.177497
0.286087
-0.0490943
0.0381002
0.0518874
-0.0447261
0.0476284
-0.0391165
0.0565671
-0.0330485
0.0666027
-0.0265824
0.079041
-0.0193308
0.0937323
-0.0116418
0.110932
-0.00484755
0.13322
-0.00151821
0.174168
0.284569
-0.065482
0.034507
0.0690752
-0.059754
0.0419004
-0.0530174
0.0498305
-0.0456751
0.0592604
-0.0374272
0.0707932
-0.0279658
0.0842708
-0.0179298
0.100896
-0.00883287
0.124123
-0.00326276
0.168598
0.281306
-0.0836102
0.0295694
0.0885478
-0.076776
0.0350662
-0.0692311
0.0422856
-0.0604118
0.0504411
-0.050125
0.0605063
-0.0383622
0.072508
-0.0258885
0.0884224
-0.0141928
0.112427
-0.00574976
0.160155
0.275556
-0.10424
0.0241558
0.109653
-0.0964966
0.027323
-0.0878459
0.0336349
-0.0772494
0.0398446
-0.0650265
0.0482835
-0.0511977
0.0586792
-0.0364646
0.0736892
-0.0220778
0.0980407
-0.0101969
0.148274
0.265359
-0.127586
0.0169216
0.134821
-0.119385
0.0191215
-0.109831
0.024081
-0.0981567
0.0281703
-0.0849251
0.0350519
-0.0696555
0.0434096
-0.0532514
0.0572851
-0.0360802
0.0808695
-0.0190025
0.131196
0.246357
-0.158646
0.00955769
0.16601
-0.1499
0.0103757
-0.13953
0.0137113
-0.127462
0.0161021
-0.113629
0.021219
-0.0977745
0.0275549
-0.0802063
0.0397169
-0.0608312
0.0614944
-0.0367528
0.107118
0.209604
-0.21399
0.00277023
0.220777
-0.206927
0.0033132
-0.198014
0.00479776
-0.188172
0.00626036
-0.176127
0.00917451
-0.161974
0.0134011
-0.143747
0.0214902
-0.118144
0.0358919
-0.0757914
0.0647646
0.133813
-0.292906
0.295676
-0.289593
-0.284795
-0.278535
-0.26936
-0.255959
-0.234469
-0.198577
-0.133813
0.00232866
0.0220282
-0.00330264
0.000596735
0.0378801
-0.00110386
0.053588
-0.00260386
0.0705752
-0.00381093
0.0897549
-0.0047809
0.110623
-0.0053136
0.135353
-0.00564896
0.166345
-0.0044473
0.219575
0.291229
0.00209834
0.0226521
-0.00272231
0.000679523
0.0392989
-0.000890357
0.0551579
-0.002344
0.0720288
-0.00354933
0.0909602
-0.00450676
0.111581
-0.00506681
0.135913
-0.00541826
0.166697
-0.00424568
0.218403
0.286983
0.00198392
0.0229797
-0.00231148
0.000864873
0.040418
-0.000533465
0.0565562
-0.0018775
0.0733729
-0.00303161
0.0921143
-0.00396161
0.112511
-0.00455876
0.136511
-0.00489366
0.167032
-0.00387856
0.217388
0.283105
0.00195442
0.0230522
-0.00202696
0.00112068
0.0412517
-0.000111608
0.0577885
-0.00131615
0.0745774
-0.0023934
0.0931916
-0.00330239
0.11342
-0.00392499
0.137133
-0.00429516
0.167402
-0.00345364
0.216546
0.279651
0.00200335
0.0228844
-0.00183548
0.00145945
0.0417956
0.000447201
0.0588008
-0.000669009
0.0756936
-0.00166614
0.0941887
-0.00255259
0.114306
-0.00320643
0.137787
-0.00363214
0.167827
-0.0029801
0.215894
0.276671
0.00213102
0.0224728
-0.00171949
0.00188677
0.0420398
0.00109845
0.0595891
6.49872e-05
0.0767271
-0.000834752
0.0950884
-0.00170795
0.115179
-0.00240061
0.13848
-0.00290268
0.168329
-0.00246559
0.215457
0.274206
0.00232838
0.0218132
-0.00166874
0.0023955
0.0419727
0.00183932
0.0601453
0.000990227
0.0775762
0.000103332
0.0959753
-0.000773586
0.116056
-0.00149946
0.139205
-0.0021097
0.16894
-0.0019163
0.215264
0.272289
0.0025823
0.0209074
-0.0016765
0.00297296
0.0415821
0.00265873
0.0604595
0.00196476
0.0782702
0.00114857
0.0967915
0.000249531
0.116955
-0.000498054
0.139953
-0.00126509
0.169707
-0.00133651
0.215335
0.270953
0.00287767
0.019769
-0.00173928
0.00360258
0.0408572
0.00354096
0.0605211
0.00300588
0.0788053
0.00225929
0.0975381
0.00140315
0.117811
0.000549397
0.140807
-0.000392877
0.170649
-0.000727746
0.21567
0.270225
0.00319868
-0.0018578
0.00426413
0.00446938
0.00410085
0.0034292
0.0025779
0.0016274
0.000564847
-7.66723e-05
0.000197791
-0.00147223
0.000576064
-0.00341507
0.0010572
-0.00469597
0.00159734
-0.0054829
0.00217306
-0.00590417
0.00277384
-0.00605881
0.00339743
-0.006023
0.0040479
-0.00585464
0.00473776
-0.00559859
-0.00529564
0.000204565
-0.0016768
0.000580838
-0.00379134
0.00104513
-0.00516026
0.00155229
-0.00599006
0.00208017
-0.00643205
0.00262063
-0.00659928
0.00317382
-0.0065762
0.00374484
-0.00642566
0.00434173
-0.00619549
-0.00592596
0.000201957
-0.00187875
0.000556622
-0.00414601
0.000977623
-0.00558126
0.00142102
-0.00643346
0.00186781
-0.00687885
0.0023137
-0.00704516
0.00276245
-0.00702495
0.00322169
-0.0068849
0.00369962
-0.00667342
-0.00642811
0.0001888
-0.00206755
0.000501317
-0.00445853
0.000852818
-0.00593276
0.00120342
-0.00678406
0.00153912
-0.00721454
0.00186045
-0.0073665
0.00217536
-0.00733985
0.00249457
-0.00720411
0.00282862
-0.00700747
-0.00678577
0.000164485
-0.00223204
0.000414687
-0.00470873
0.00067259
-0.00619066
0.000905364
-0.00701683
0.00110556
-0.00741474
0.00127913
-0.00754007
0.00143806
-0.00749879
0.00159588
-0.00736193
0.00176508
-0.00717667
-0.00697812
0.000129042
-0.00236108
0.000298432
-0.00487812
0.000442369
-0.0063346
0.000537902
-0.00711236
0.000585269
-0.00746211
0.000595715
-0.00755051
0.000584741
-0.00748782
0.000567713
-0.0073449
0.00055783
-0.00716679
-0.00698416
8.31917e-05
-0.00244427
0.000156066
-0.00495099
0.000170618
-0.00634915
0.000115975
-0.00705772
4.2654e-07
-0.00734656
-0.000159438
-0.00739065
-0.000346248
-0.00730101
-0.000544043
-0.00714711
-0.000740129
-0.00697071
-0.00679949
2.8424e-05
-0.0024727
-6.91977e-06
-0.00491565
-0.000131961
-0.00622411
-0.000342981
-0.0068467
-0.000623787
-0.00706576
-0.000954478
-0.00705996
-0.00131615
-0.00693933
-0.00169367
-0.00676959
-0.00207587
-0.00658851
-0.00642028
-3.39524e-05
-0.00243874
-0.000185287
-0.00476431
-0.000453506
-0.00595589
-0.000820775
-0.00647943
-0.00126344
-0.00662309
-0.00175882
-0.00656457
-0.00228824
-0.00640991
-0.00283814
-0.00621969
-0.00339965
-0.006027
-0.00585119
-0.000100684
-0.00233806
-0.000371143
-0.00449385
-0.000781553
-0.00554548
-0.0012995
-0.00596149
-0.00189515
-0.00602744
-0.00254435
-0.00591537
-0.00322945
-0.00572481
-0.00393893
-0.00551021
-0.00466643
-0.0052995
-0.00510708
-0.000158797
-0.00217926
-0.000542679
-0.00410997
-0.00108863
-0.00499953
-0.00174836
-0.00530175
-0.00248612
-0.00528969
-0.0032768
-0.00512469
-0.00410405
-0.00489756
-0.00495834
-0.00465592
-0.00583526
-0.00442259
-0.00420735
-0.000224669
-0.00195459
-0.000720247
-0.00361439
-0.00139253
-0.00432725
-0.00217992
-0.00451436
-0.00304267
-0.00442694
-0.00395593
-0.00421143
-0.00490508
-0.0039484
-0.00588245
-0.00367855
-0.00688499
-0.00342005
-0.0031789
-0.000287209
-0.00166738
-0.000885904
-0.0030157
-0.0016716
-0.00354155
-0.00257082
-0.00361515
-0.00354096
-0.0034568
-0.00455805
-0.00319434
-0.00560932
-0.00289714
-0.00668861
-0.00259926
-0.00779371
-0.00231495
-0.00204731
-0.000344191
-0.00132319
-0.0010345
-0.00232539
-0.00191832
-0.00265773
-0.00291185
-0.00262161
-0.00397067
-0.00239798
-0.00507212
-0.00209289
-0.00620524
-0.00176402
-0.0073652
-0.00143929
-0.00855021
-0.00112994
-0.000837025
-0.000393701
-0.000929491
-0.00116188
-0.00155721
-0.00212692
-0.00169269
-0.00319636
-0.00155217
-0.00432467
-0.00126967
-0.00549077
-0.000926794
-0.00668559
-0.000569194
-0.00790556
-0.000219324
-0.00914916
0.000113651
0.000429625
-0.00043425
-0.000495241
-0.00126502
-0.000726438
-0.00229353
-0.000664183
-0.00342017
-0.00042553
-0.0045988
-9.1042e-05
-0.00580998
0.000284387
-0.00704661
0.000667441
-0.00830661
0.00104067
-0.00958894
0.00139598
0.00173271
-0.000464815
-3.04259e-05
-0.00134202
0.000150765
-0.00241604
0.000409839
-0.00358154
0.000739967
-0.00479182
0.00111925
-0.0060289
0.00152146
-0.00728759
0.00192613
-0.00856773
0.00232081
-0.00986961
0.00269786
0.00305394
-0.000484841
0.000454415
-0.00139205
0.00105797
-0.0024941
0.00151189
-0.00368115
0.00192702
-0.00490572
0.00234382
-0.00615052
0.00276626
-0.00741173
0.00318734
-0.00869125
0.00360033
-0.00999223
0.00399884
0.00437554
-0.000494202
0.000948618
-0.00141525
0.00197902
-0.00252888
0.00262552
-0.00372207
0.00312022
-0.00494617
0.00356791
-0.00618343
0.00400352
-0.00742989
0.0044338
-0.00868797
0.00485842
-0.009964
0.00527486
0.00568113
-0.000493108
0.00144173
-0.00141243
0.00289834
-0.00252257
0.00373566
-0.00370919
0.00430683
-0.00492283
0.00478155
-0.00614525
0.00522595
-0.00737148
0.00566003
-0.00860155
0.00608849
-0.0098409
0.00651422
0.00694229
-0.000483087
0.00192481
-0.00138609
0.00380134
-0.00247843
0.004828
-0.00364713
0.00547554
-0.00484414
0.00597855
-0.00605476
0.00643658
-0.00728146
0.00688672
-0.00853812
0.00734515
-0.00985297
0.00782906
0.0083677
-0.00046024
0.00238505
-0.00133105
0.00467216
-0.0023918
0.00588876
-0.00353202
0.00661575
-0.00470457
0.0071511
-0.00589593
0.00762793
-0.00710872
0.00809951
-0.00835092
0.00858735
-0.00962472
0.00910286
0.00964731
-0.000427749
0.0028128
-0.0012521
0.0054965
-0.00226714
0.0069038
-0.00336562
0.00771423
-0.00449953
0.00828501
-0.00565267
0.00878108
-0.00682232
0.00926915
-0.00800672
0.00977175
-0.00919507
0.0102912
0.0108124
-0.000386506
0.00319931
-0.00115082
0.00626082
-0.00210599
0.00785897
-0.00314851
0.00875675
-0.00422807
0.00936457
-0.00532375
0.00987675
-0.00642673
0.0103721
-0.00752927
0.0108743
-0.00861915
0.0113811
0.0118754
-0.000337643
0.00353695
-0.00102944
0.00695262
-0.00191113
0.00874065
-0.00288383
0.00972946
-0.00389444
0.0103752
-0.00491698
0.0108993
-0.00593793
0.0113931
-0.00694731
0.0118837
-0.00793593
0.0123697
0.0128387
-0.000282523
0.00381948
-0.000890806
0.0075609
-0.00168658
0.00953643
-0.00257691
0.0106198
-0.00350621
0.0113045
-0.004444
0.0118371
-0.00537344
0.0123225
-0.00628429
0.0127945
-0.00717089
0.0132563
0.0137021
-0.000222693
0.00404217
-0.000738354
0.00807656
-0.00143745
0.0102355
-0.00223466
0.011417
-0.00307285
0.0121427
-0.00391777
0.012682
-0.00475011
0.0131549
-0.00555979
0.0136042
-0.0063435
0.01404
0.0144631
-0.000159807
0.00420197
-0.000575935
0.00849269
-0.0011696
0.0108292
-0.00186498
0.0121124
-0.00260469
0.0128824
-0.00335145
0.0134288
-0.00408381
0.0138872
-0.00479133
0.0143117
-0.00547151
0.0147202
0.0151195
-9.55012e-05
0.00429748
-0.000407588
0.00880478
-0.000889328
0.0113109
-0.0014763
0.0126993
-0.00211232
0.0135184
-0.0027579
0.0140744
-0.00338938
0.0145187
-0.00399521
0.0149176
-0.00457229
0.0152973
0.01567
-3.12513e-05
0.00432873
-0.000237186
0.00901071
-0.000602975
0.0116767
-0.00107708
0.0131734
-0.00160618
0.0140475
-0.00214936
0.0146175
-0.00268071
0.01505
-0.00318686
0.0154237
-0.00366301
0.0157734
0.0161158
1.00448e-05
0.00431868
-9.96484e-05
0.00912041
-0.000350132
0.0119272
-0.00070752
0.0135308
-0.00112492
0.0144649
-0.00156184
0.0150545
-0.00199062
0.0154788
-0.00239572
0.0158288
-0.00277015
0.0161478
0.0164561
6.37157e-05
0.00425497
5.38832e-05
0.00913024
-7.98802e-05
0.012061
-0.000321062
0.013772
-0.000628859
0.0147727
-0.000963784
0.0153894
-0.00129651
0.0158116
-0.00160902
0.0161413
-0.0018919
0.0164307
0.0167033
0.000111791
0.00414318
0.000197015
0.00904502
0.000177654
0.0120803
5.23138e-05
0.0138974
-0.000146978
0.014972
-0.00038223
0.0156246
-0.000623101
0.0160524
-0.000849269
0.0163675
-0.00104876
0.0166302
0.0168689
0.000153951
0.00398922
0.000327764
0.0088712
0.000417977
0.0119901
0.000405496
0.0139098
0.000312976
0.0150645
0.000174607
0.015763
2.11105e-05
0.0162059
-0.000125444
0.0165141
-0.000250783
0.0167555
0.0169619
0.000189478
0.00379975
0.00044347
0.00861721
0.00063692
0.0117967
0.000733324
0.0138134
0.000744395
0.0150534
0.000699676
0.0158077
0.000629257
0.0162763
0.000556622
0.0165867
0.00049757
0.0168146
0.0169951
0.000218035
0.00358171
0.000542468
0.00829278
0.000831049
0.0115081
0.00103069
0.0136138
0.00114143
0.0149427
0.00118689
0.0157623
0.00119559
0.0162676
0.00119182
0.0165905
0.00119233
0.0168141
0.016979
0.000239598
0.00334211
0.000623837
0.00790854
0.000997917
0.011134
0.00129368
0.013318
0.00149912
0.0147372
0.00163092
0.0156305
0.00171521
0.0161833
0.00177675
0.0165289
0.00183289
0.0167579
0.0169187
0.000254409
0.0030877
0.000687322
0.00747563
0.00113606
0.0106853
0.00151942
0.0129347
0.00181341
0.0144433
0.00202704
0.0154168
0.00218349
0.0160269
0.00230857
0.0164038
0.0024218
0.0166447
0.0168126
0.000262925
0.00282478
0.000733313
0.00700524
0.00124505
0.0101735
0.00170619
0.0124735
0.0020812
0.0140682
0.00237079
0.0151273
0.00259463
0.0158031
0.00278109
0.0162174
0.00295972
0.0164661
0.0166404
0.000265778
0.002559
0.000762791
0.00650823
0.00132546
0.00961086
0.00185361
0.0119454
0.00230066
0.0136212
0.00265825
0.0147697
0.00294144
0.0155199
0.00318036
0.0159785
0.00342412
0.0162223
0.0163581
0.000263226
0.00229577
0.000778015
0.00599344
0.00138202
0.00900686
0.00196883
0.0113586
0.00248062
0.0131094
0.00289617
0.0143541
0.0032156
0.0152004
0.00344075
0.0157533
0.0035444
0.0161187
0.0164599
0.00026029
0.00203548
0.000784564
0.00546916
0.00141746
0.00837397
0.00204982
0.0107262
0.00261472
0.0125445
0.00307912
0.0138897
0.00343138
0.0148482
0.0036667
0.015518
0.00377765
0.0160077
0.0164503
0.000253421
0.00178206
0.000779007
0.00494358
0.00143078
0.0077222
0.00209978
0.0100572
0.0027128
0.0119315
0.00322799
0.0133745
0.00362651
0.0144497
0.00390328
0.0152412
0.00406348
0.0158475
0.0163721
0.000243607
0.00153846
0.000763616
0.00442357
0.00142533
0.00706048
0.00212281
0.00935972
0.00277938
0.0112749
0.00334669
0.0128072
0.00380008
0.0139963
0.00413274
0.0149086
0.00435427
0.015626
0.0162265
0.000231703
0.00130675
0.000740455
0.00391482
0.00140413
0.0063968
0.00212217
0.00864169
0.00281695
0.0105801
0.00343547
0.0121887
0.00394783
0.0134839
0.00434429
0.0145121
0.00463434
0.015336
0.0160117
0.000218426
0.00108833
0.000711339
0.0034219
0.00136987
0.00573827
0.00210067
0.0079109
0.00282743
0.00985337
0.00349427
0.0115218
0.00406677
0.0129114
0.00453116
0.0140477
0.00489345
0.0149737
0.0157269
0.000204359
0.000883969
0.000677838
0.00294842
0.00132496
0.00509115
0.00206086
0.007175
0.00281252
0.00910171
0.00352291
0.0108114
0.00415389
0.0122804
0.00468704
0.0135146
0.00512304
0.0145377
0.0153705
0.000189966
0.000694002
0.000641295
0.0024971
0.00127155
0.0044609
0.00200514
0.0064414
0.00277387
0.00833298
0.00352121
0.0100641
0.00420634
0.0115953
0.00480623
0.0129147
0.00531564
0.0140283
0.014941
0.000175598
0.000518404
0.000602852
0.00206984
0.00121162
0.00385213
0.00193586
0.00571717
0.0027133
0.00755554
0.00348943
0.00928798
0.00422196
0.0108628
0.00488388
0.0122528
0.00546426
0.0134479
0.0144379
0.000161486
0.000356917
0.000563469
0.00166786
0.00114705
0.00326854
0.0018555
0.00500872
0.00263315
0.00677789
0.00342875
0.00849238
0.00419983
0.0100917
0.00491636
0.0115362
0.00556238
0.0128019
0.013864
0.000144546
0.000212371
0.000516571
0.00129583
0.00106843
0.00271669
0.00175267
0.00432448
0.00252086
0.0060097
0.00332595
0.00768729
0.00412647
0.00929116
0.00489034
0.0107724
0.00559717
0.012095
0.0132216
0.000131685
8.06856e-05
0.000477477
0.000950042
0.00099872
0.00219544
0.00165616
0.00366704
0.00240826
0.0052576
0.00321279
0.00688276
0.00403026
0.00847369
0.00482774
0.00997489
0.00558149
0.0113413
0.0125242
0.000119786
-3.91005e-05
0.000439822
0.000630006
0.000929187
0.00170608
0.00155596
0.00304027
0.0022852
0.00452836
0.00307972
0.00608824
0.00390278
0.00765063
0.00472151
0.00915615
0.00550971
0.0105531
0.0117837
0.000108807
-0.000147908
0.000403816
0.000334997
0.000860705
0.00124919
0.001454
0.00244697
0.00215486
0.0038275
0.00293118
0.00531192
0.00374942
0.00683239
0.00457748
0.00832809
0.00538738
0.00974319
0.0110133
9.86536e-05
-0.000246561
0.000369457
6.4194e-05
0.000793746
0.000824899
0.00135168
0.00188904
0.00202001
0.00315917
0.00277159
0.00456034
0.00357643
0.00602755
0.00440369
0.00750083
0.00522392
0.00892296
0.0102258
8.91576e-05
-0.000335719
0.00033649
-0.000183139
0.00072826
0.000433129
0.00124959
0.00136771
0.00188239
0.00252638
0.00260446
0.00383826
0.00338975
0.00524226
0.00420929
0.00668129
0.00503227
0.00809998
0.00943069
8.00665e-05
-0.000415785
0.000304384
-0.000407456
0.000663579
7.39341e-05
0.0011472
0.000884089
0.00174196
0.00193161
0.00243086
0.00314936
0.00319266
0.00448047
0.00400164
0.00587231
0.00482642
0.0072752
0.00862914
7.10647e-05
-0.00048685
0.000272381
-0.000608772
0.000598463
-0.000252148
0.00104271
0.000439845
0.00159629
0.00137803
0.00224764
0.002498
0.00298193
0.00374618
0.00378005
0.00507419
0.00461424
0.00644102
0.00780909
6.1827e-05
-0.000548677
0.000239658
-0.000786603
0.000531387
-0.000543877
0.000933411
3.7821e-05
0.00144037
0.00087108
0.00204563
0.00189273
0.00274194
0.00304988
0.00352202
0.00429411
0.00437464
0.00558839
0.00694367
5.21006e-05
-0.000600778
0.0002056
-0.000940103
0.000461184
-0.00079946
0.000816921
-0.000317916
0.0012685
0.000419502
0.00181039
0.00135084
0.00243771
0.00242255
0.00315076
0.00358107
0.0039696
0.00476955
0.00597909
4.19934e-05
-0.000642771
0.00017027
-0.00106838
0.000388103
-0.00101729
0.000694097
-0.00062391
0.00108199
3.16055e-05
0.00154014
0.000892698
0.00204926
0.00191344
0.00257404
0.00305628
0.00303876
0.00430483
0.00571521
3.05377e-05
-0.000673309
0.000133027
-0.00117087
0.000312879
-0.00119714
0.000568796
-0.000879826
0.000892691
-0.000292289
0.00126888
0.000516507
0.00167259
0.00150973
0.00206809
0.00266079
0.00241451
0.0039584
0.00540741
1.87666e-05
-0.000692075
9.57016e-05
-0.0012478
0.000238798
-0.00134024
0.000447725
-0.00108875
0.000714683
-0.000559247
0.00102469
0.000206496
0.00135655
0.00117787
0.00168628
0.00233105
0.00199826
0.00364643
0.00509419
7.10869e-06
-0.000699184
5.96184e-05
-0.00130031
0.000168709
-0.00144933
0.000335952
-0.001256
0.00055566
-0.000778955
0.000816218
-5.40623e-05
0.0011024
0.000891691
0.00139994
0.00203351
0.00170389
0.00334248
0.00477112
-4.11796e-06
-0.000695066
2.62592e-05
-0.00133069
0.000105366
-0.00152844
0.000237405
-0.00138803
0.000419885
-0.000961435
0.000645567
-0.000279744
0.000904904
0.000632353
0.00118986
0.00174855
0.00149849
0.00303386
0.00443413
-1.41483e-05
-0.000680917
-2.55337e-06
-0.00134228
5.14595e-05
-0.00158245
0.00015537
-0.00149195
0.000310096
-0.00111616
0.000512796
-0.000482444
0.000758706
0.000386443
0.00104339
0.00146387
0.00136446
0.00271279
0.0040791
-2.23192e-05
-0.000658598
-2.56287e-05
-0.00133898
9.65676e-06
-0.00161774
9.29493e-05
-0.00157524
0.000228586
-0.0012518
0.000417713
-0.000671571
0.000659421
0.000144735
0.000951516
0.00117177
0.00129045
0.00237385
0.00370081
-2.80527e-05
-0.000630546
-4.07408e-05
-0.00132629
-1.72532e-05
-0.00164122
5.34245e-05
-0.00164592
0.000178129
-0.0013765
0.000361297
-0.000854738
0.000605192
-9.91595e-05
0.000909466
0.000867498
0.00127001
0.00201331
0.00329431
-3.06632e-05
-0.000599882
-4.62798e-05
-0.00131067
-2.6368e-05
-0.00166114
4.04544e-05
-0.00171274
0.00016246
-0.00149851
0.000346485
-0.00103876
0.00059743
-0.000350105
0.000916884
0.000548044
0.00130124
0.00162896
0.00285627
-2.95554e-05
-4.06252e-05
-1.48736e-05
5.79033e-05
0.000186213
0.000378201
0.000640811
0.000977735
0.00138691
)
;

boundaryField
{
    inlet
    {
        type            calculated;
        value           uniform 0;
    }
    outlet
    {
        type            calculated;
        value           nonuniform List<scalar> 
40
(
0.00955227
0.03647
0.0616508
0.0864087
0.113824
0.143937
0.176633
0.214887
0.261104
0.303795
-0.00134678
-0.00290197
-0.00434728
-0.00567627
-0.0068868
-0.00798082
-0.0089637
-0.0098431
-0.0106279
-0.0113277
-0.0119517
-0.0125092
-0.0130091
-0.0134598
-0.0138696
-0.0142468
-0.0145995
-0.0149357
-0.0152633
-0.0155905
-0.0608263
-0.0674096
-0.0769948
-0.0904105
-0.107702
-0.127566
-0.147346
-0.163985
-0.175474
-0.18121
)
;
    }
    cylinder
    {
        type            calculated;
        value           uniform 0;
    }
    top
    {
        type            symmetryPlane;
        value           uniform 0;
    }
    bottom
    {
        type            symmetryPlane;
        value           uniform 0;
    }
    defaultFaces
    {
        type            empty;
        value           nonuniform 0();
    }
}


// ************************************************************************* //
