/*--------------------------------*- C++ -*----------------------------------*\
  =========                 |
  \\      /  F ield         | OpenFOAM: The Open Source CFD Toolbox
   \\    /   O peration     | Website:  https://openfoam.org
    \\  /    A nd           | Version:  7
     \\/     M anipulation  |
\*---------------------------------------------------------------------------*/
FoamFile
{
    version     2.0;
    format      ascii;
    class       surfaceScalarField;
    location    "89.4";
    object      phi;
}
// * * * * * * * * * * * * * * * * * * * * * * * * * * * * * * * * * * * * * //

dimensions      [0 3 -1 0 0 0 0];

internalField   nonuniform List<scalar> 
3880
(
-1.81252e-05
-0.000482887
0.000501012
-1.7429e-05
-0.00116655
0.00116585
1.27321e-05
-0.00157157
0.00154141
7.75356e-05
-0.00173846
0.00167366
0.000181988
-0.0016946
0.00159015
0.00033216
-0.00145872
0.00130855
0.000534751
-0.00104418
0.000841593
0.000795339
-0.00046192
0.000201332
0.00111602
0.000277186
-0.000597865
0.00116111
0.00149272
-0.0015378
-6.79879e-06
-0.000476088
1.67821e-05
-0.00119013
7.61988e-05
-0.00163098
0.00017326
-0.00183552
0.000310548
-0.00183189
0.000492714
-0.00164089
0.000725926
-0.0012774
0.00101618
-0.000752174
0.00136694
-7.35779e-05
0.000751767
0.00177628
8.65243e-06
-0.000484741
6.22991e-05
-0.00124377
0.000160404
-0.00172909
0.00030053
-0.00197565
0.000482291
-0.00201365
0.000708257
-0.00186685
0.000983427
-0.00155257
0.00131368
-0.00108243
0.00170361
-0.000463504
0.000301873
0.0021535
2.7399e-05
-0.00051214
0.000117497
-0.00133387
0.000262281
-0.00187387
0.00045477
-0.00216814
0.000691334
-0.00225021
0.000972153
-0.00214767
0.00130066
-0.00188108
0.00168216
-0.00146392
0.00212179
-0.000903141
-0.000198335
0.002622
4.89305e-05
-0.00056107
0.000179889
-0.00146483
0.000376872
-0.00207086
0.000628115
-0.00241938
0.00092674
-0.00254884
0.00127057
-0.0024915
0.00166143
-0.00227194
0.00210381
-0.00190629
0.00260292
-0.00140226
-0.000758077
0.00316266
7.21429e-05
-0.000633213
0.00024608
-0.00163877
0.000497382
-0.00232216
0.000809482
-0.00273148
0.00117246
-0.00291182
0.00158208
-0.00290113
0.00203887
-0.00272873
0.00254668
-0.0024141
0.00311063
-0.0019662
-0.00138239
0.00373494
9.57535e-05
-0.000728967
0.000311964
-0.00185498
0.000615537
-0.00262573
0.000985195
-0.00310114
0.00140827
-0.00333489
0.00187889
-0.00337175
0.00239679
-0.00324663
0.00296582
-0.00298313
0.00359149
-0.00259187
-0.00206824
0.00427734
0.000118339
-0.000847306
0.000372988
-0.00210963
0.000722185
-0.00297493
0.00114013
-0.00351908
0.0016117
-0.00380646
0.00212976
-0.00388981
0.00269366
-0.00381053
0.00330811
-0.00359758
0.00398063
-0.00326439
-0.00280189
0.00471428
0.000138416
-0.000985722
0.00042446
-0.00239567
0.000808043
-0.00335851
0.0012592
-0.00397024
0.0017607
-0.00430796
0.0023043
-0.00443341
0.002889
-0.00439523
0.00352047
-0.00422904
0.00421044
-0.00395437
-0.0035603
0.00496885
0.000154516
-0.00114024
0.000461873
-0.00270303
0.000864472
-0.00376111
0.00132889
-0.00443465
0.00183636
-0.00481543
0.00237787
-0.00497492
0.00295161
-0.00496897
0.00356253
-0.00483997
0.00422587
-0.00461771
0.00498417
-0.0043186
0.00265883
0.0124936
-0.0136598
0.00399472
0.0310808
-0.0324167
0.00461662
0.0512533
-0.0518752
0.0045639
0.0700213
-0.0699685
0.00407885
0.0883275
-0.0878425
0.00330803
0.107568
-0.106797
0.0023541
0.129569
-0.128615
0.00125105
0.159823
-0.158719
0.000350112
0.205792
-0.204891
0.260696
-0.260346
0.00296832
0.0113016
0.00453748
0.0295117
0.00544147
0.0503493
0.00558086
0.0698819
0.00518899
0.0887194
0.00442777
0.108329
0.00341269
0.130584
0.00218119
0.161054
0.000936222
0.207036
0.261632
0.00330685
0.0101482
0.00505139
0.0277672
0.00623986
0.0491608
0.00658719
0.0695345
0.00629922
0.0890074
0.00555162
0.109077
0.00447465
0.131661
0.00310658
0.162422
0.00152942
0.208614
0.263161
0.00367967
0.00909058
0.00552428
0.0259225
0.0069885
0.0476966
0.00755956
0.0689635
0.00738968
0.0891772
0.00666234
0.109804
0.00552695
0.132796
0.00402254
0.163927
0.00211603
0.21052
0.265277
0.00408827
0.00816497
0.00594997
0.0240609
0.00766647
0.0459801
0.00847533
0.0681546
0.00844056
0.089212
0.00774428
0.110501
0.00655685
0.133984
0.00491929
0.165564
0.00269056
0.212749
0.267968
0.00452308
0.00737683
0.00632675
0.0222572
0.00825678
0.0440501
0.00931338
0.067098
0.00943281
0.0890926
0.00878131
0.111152
0.00755096
0.135214
0.00578612
0.167329
0.00324581
0.215289
0.271214
0.00495701
0.00669715
0.00665231
0.0205619
0.00874739
0.041955
0.0100551
0.0657903
0.0103496
0.0887981
0.00976042
0.111741
0.00849998
0.136475
0.00661723
0.169212
0.00378118
0.218125
0.274995
0.00533815
0.00607329
0.00691531
0.0189847
0.00912885
0.0397415
0.0106844
0.0642347
0.0111718
0.0883107
0.0106613
0.112252
0.0093843
0.137751
0.00739655
0.171199
0.00428417
0.221238
0.279279
0.00558892
0.00545322
0.00708647
0.0174872
0.00938662
0.0374413
0.0111913
0.0624301
0.0119025
0.0875996
0.011496
0.112658
0.01022
0.139028
0.00813661
0.173283
0.00476474
0.224609
0.284044
0.00567651
0.00476089
0.00720202
0.0159617
0.00954651
0.0350968
0.0115467
0.0604299
0.0124748
0.0866714
0.0121927
0.11294
0.0109604
0.14026
0.00878488
0.175458
0.00522567
0.228169
0.289269
0.018204
0.00884215
-0.0222853
0.0140296
0.0201361
0.0118638
0.0372626
0.0107668
0.0615269
0.00943134
0.0880069
0.0075712
0.1148
0.00510486
0.142726
0.00218029
0.178383
-7.16266e-05
0.230421
0.289198
0.0190278
0.0116689
-0.0218545
0.0149703
0.0241935
0.0120025
0.0402304
0.0104504
0.063079
0.00905596
0.0894013
0.0072194
0.116637
0.00478797
0.145158
0.0019909
0.18118
-0.000129183
0.232541
0.289069
0.0185991
0.0130938
-0.020024
0.0154583
0.0273344
0.012317
0.0433717
0.0102719
0.0651241
0.00864451
0.0910287
0.00680302
0.118479
0.00446672
0.147494
0.00180149
0.183845
-0.000167142
0.234509
0.288901
0.0172832
0.0136004
-0.0177898
0.0150915
0.0295261
0.0123404
0.0461228
0.0101488
0.0673156
0.00834751
0.09283
0.00647144
0.120355
0.00420827
0.149757
0.00170507
0.186348
-0.000129443
0.236344
0.288772
0.0156056
0.0134548
-0.01546
0.0141964
0.0309353
0.0119634
0.0483559
0.00989286
0.0693861
0.00807579
0.0946471
0.0061929
0.122237
0.00397857
0.151971
0.00157562
0.188751
-0.000153699
0.238073
0.288618
0.0137393
0.0127577
-0.0130422
0.0129941
0.0316805
0.0112632
0.0500868
0.00943997
0.0712094
0.00774477
0.0963423
0.00594701
0.124035
0.00382504
0.154093
0.00154799
0.191028
-9.18896e-05
0.239713
0.288526
0.0118263
0.0115531
-0.0106217
0.0117182
0.0317886
0.0105053
0.0512997
0.00894093
0.0727737
0.00737339
0.0979099
0.00567022
0.125738
0.00364356
0.15612
0.00145098
0.193221
-0.00011145
0.241275
0.288415
0.00987926
0.00987619
-0.00820239
0.010297
0.0313709
0.00958484
0.0520119
0.00838104
0.0739775
0.00701661
0.0992743
0.00544802
0.127307
0.00353032
0.158038
0.00146805
0.195283
-1.95954e-05
0.242763
0.288395
0.00834653
0.00755253
-0.00602287
0.00934874
0.0303687
0.00901631
0.0523443
0.0079992
0.0749946
0.00672758
0.100546
0.00523773
0.128797
0.00339241
0.159883
0.00139449
0.197281
-3.68779e-05
0.244194
0.288359
0.00599598
-0.00336872
0.00784081
0.00829147
0.00770554
0.00662602
0.00518427
0.00342319
0.00146384
8.99836e-05
0.00483257
-0.0224587
-0.00465915
0.00439436
-0.0214163
0.00366678
-0.0192964
0.00286388
-0.0169869
0.00203964
-0.0146358
0.001213
-0.0122156
0.000389197
-0.00979786
-0.000404628
-0.00740856
-0.00127858
-0.00514893
-0.00265987
0.00395684
-0.022291
-0.0041245
0.00329071
-0.0207502
0.00244938
-0.0184551
0.0015786
-0.0161161
0.000706775
-0.013764
-0.000152996
-0.0113558
-0.000999319
-0.00895153
-0.00181281
-0.00659507
-0.00265152
-0.00431022
-0.00201505
0.00294306
-0.0218392
-0.00339485
0.00208591
-0.019893
0.00115595
-0.0175252
0.000230063
-0.0151902
-0.000671221
-0.0128627
-0.00154551
-0.0104815
-0.00238914
-0.00810791
-0.00318713
-0.00579708
-0.0039546
-0.00354274
-0.00146041
0.00178937
-0.0211576
-0.00247096
0.000794797
-0.0188985
-0.000194355
-0.016536
-0.00114939
-0.0142352
-0.00206405
-0.011948
-0.00293121
-0.00961437
-0.00374754
-0.00729158
-0.00449921
-0.0050454
-0.00517167
-0.00287029
-0.00100992
0.000511849
-0.02029
-0.0013795
-0.000567634
-0.017819
-0.00158207
-0.0155216
-0.00254477
-0.0132725
-0.0034458
-0.011047
-0.0042817
-0.00877848
-0.00504712
-0.00652616
-0.00572714
-0.00436539
-0.00629009
-0.00230735
-0.000666174
-0.000846445
-0.0192876
-0.000155958
-0.00196995
-0.0166955
-0.00298216
-0.0145094
-0.00392403
-0.0123306
-0.00478786
-0.0101832
-0.00557048
-0.00799585
-0.00626505
-0.00583158
-0.00685545
-0.00377499
-0.007304
-0.00185879
-0.00042419
-0.00224424
-0.0181686
0.00112528
-0.00337062
-0.0155691
-0.00435534
-0.0135246
-0.00525425
-0.0114317
-0.00606133
-0.00937609
-0.00677341
-0.00728377
-0.00738339
-0.0052216
-0.0078749
-0.00328348
-0.00821252
-0.00152118
-0.000273651
-0.00362728
-0.0169818
0.00244044
-0.00472731
-0.0144691
-0.00566563
-0.0125863
-0.00650443
-0.0105929
-0.00724088
-0.00863964
-0.00787138
-0.00665327
-0.00839023
-0.00470275
-0.00878207
-0.00289164
-0.00901869
-0.00128455
-0.000200931
-0.00494971
-0.0157653
0.00373321
-0.00600214
-0.0134166
-0.00688132
-0.0117071
-0.00764867
-0.00982555
-0.00830699
-0.00798132
-0.00885159
-0.00610867
-0.00927986
-0.00427448
-0.00957841
-0.00259309
-0.00972851
-0.00113446
-0.000190721
-0.00617284
-0.0145521
0.00495966
-0.00716409
-0.0124254
-0.00797746
-0.0108938
-0.00866796
-0.00913505
-0.00924694
-0.00740235
-0.0097077
-0.00564791
-0.0100521
-0.00393008
-0.0102692
-0.00237599
-0.0103498
-0.00105385
-0.000227184
-0.00726733
-0.0133683
0.00608354
-0.00819024
-0.0115025
-0.00893693
-0.0101471
-0.00955066
-0.00852132
-0.0100547
-0.00689828
-0.0104392
-0.00526346
-0.0107112
-0.00365807
-0.0108622
-0.00222494
-0.0108914
-0.00102464
-0.000294665
-0.00821823
-0.0122327
0.00708266
-0.00906862
-0.0106521
-0.00975196
-0.00946372
-0.0102934
-0.00797989
-0.0107311
-0.00646061
-0.0110506
-0.00494389
-0.0112647
-0.00344397
-0.0113669
-0.00212278
-0.0113627
-0.00102885
-0.000378053
-0.00901611
-0.0111576
0.00794097
-0.00979325
-0.00987494
-0.0104202
-0.0088368
-0.0108977
-0.00750242
-0.0112805
-0.00607775
-0.0115495
-0.00467488
-0.011722
-0.00327154
-0.0117931
-0.00205167
-0.0117727
-0.00104919
-0.000462937
-0.00966037
-0.0101481
0.00865084
-0.0103658
-0.00916949
-0.0109454
-0.00825718
-0.0113702
-0.00707768
-0.0117115
-0.00573646
-0.0119458
-0.00444056
-0.0120933
-0.00312399
-0.0121509
-0.00199405
-0.0121307
-0.00106944
-0.000535634
-0.0101565
-0.00920137
0.00920978
-0.0107935
-0.0085325
-0.0113355
-0.00771513
-0.0117208
-0.00669239
-0.0120342
-0.00542305
-0.0122502
-0.00422454
-0.0123894
-0.00298484
-0.0124503
-0.00193317
-0.0124453
-0.00107446
-0.000583112
-0.0105136
-0.00830574
0.00961796
-0.0110876
-0.00795845
-0.0116009
-0.00720191
-0.0119613
-0.0063319
-0.0122602
-0.00512419
-0.0124741
-0.00401065
-0.0126206
-0.00283836
-0.0127005
-0.00185329
-0.0127247
-0.00105017
-0.000592891
-0.0107419
-0.00743975
0.0098759
-0.0112625
-0.0074378
-0.011753
-0.00671145
-0.012104
-0.00598086
-0.0124009
-0.00482733
-0.0126281
-0.00378345
-0.0127967
-0.00266977
-0.0129103
-0.00173971
-0.0129771
-0.00098331
-0.000552915
-0.0108444
-0.00657935
0.00998405
-0.0113292
-0.00695308
-0.0118013
-0.00623936
-0.0121591
-0.00562297
-0.0124664
-0.00452003
-0.0127217
-0.00352816
-0.0129265
-0.002465
-0.0130877
-0.0015785
-0.0132098
-0.00086118
-0.000451396
-0.0108179
-0.00571153
0.00995012
-0.0112981
-0.00647291
-0.0117558
-0.00578165
-0.0121366
-0.00524217
-0.0124667
-0.00418994
-0.012764
-0.00323084
-0.0130183
-0.0022107
-0.0132404
-0.00135646
-0.0134301
-0.00067145
-0.000276613
-0.0107063
-0.00481968
0.00981443
-0.0112122
-0.00596703
-0.0116439
-0.00534991
-0.0120498
-0.00483629
-0.0124119
-0.00382783
-0.0127615
-0.00288127
-0.0130786
-0.0018936
-0.0133745
-0.00106051
-0.0136455
-0.000400481
-1.74251e-05
-0.0479598
-0.00468111
0.0478213
-0.0491015
-0.00482535
-0.0503427
-0.00410873
-0.0515784
-0.00360061
-0.0526102
-0.002796
-0.0534127
-0.00207879
-0.0539575
-0.00134876
-0.0542642
-0.000753824
-0.0543792
-0.000285465
-2.13674e-05
-0.0569119
-0.00470501
0.0569358
-0.0576194
-0.00411785
-0.0583141
-0.00341399
-0.0590867
-0.00282799
-0.0597259
-0.00215683
-0.0602257
-0.00157896
-0.0605564
-0.00101813
-0.0607313
-0.000578928
-0.0607888
-0.000227964
-2.6227e-05
-0.0680151
-0.00482856
0.0681387
-0.068345
-0.00378802
-0.0686944
-0.00306455
-0.0691479
-0.00237446
-0.0695084
-0.00179633
-0.0698136
-0.00127375
-0.0699989
-0.000832926
-0.0700983
-0.000479499
-0.0701195
-0.000206749
-2.89914e-05
-0.0817147
-0.00490245
0.0817885
-0.0819088
-0.00359389
-0.0820924
-0.00288095
-0.0823747
-0.00209214
-0.0825782
-0.00159279
-0.0827742
-0.00107782
-0.0828786
-0.000728461
-0.0829456
-0.000412499
-0.0829537
-0.000198663
-2.69483e-05
-0.0979643
-0.00475756
0.0978195
-0.0981919
-0.00336636
-0.0983726
-0.00270019
-0.0986049
-0.00185989
-0.0987615
-0.0014362
-0.0989218
-0.000917513
-0.0990059
-0.000644397
-0.0990775
-0.000340871
-0.0990975
-0.00017862
-1.39909e-05
-0.115695
-0.00430677
0.115244
-0.116067
-0.00299376
-0.116363
-0.00240469
-0.116628
-0.00159489
-0.116819
-0.00124555
-0.116988
-0.000748285
-0.117093
-0.000538695
-0.117189
-0.000245078
-0.117234
-0.0001335
6.78689e-06
-0.132949
-0.00353408
0.132176
-0.133509
-0.00243297
-0.133962
-0.00195185
-0.134295
-0.00126243
-0.134551
-0.000988998
-0.134741
-0.000558788
-0.134879
-0.00040038
-0.134985
-0.000139284
-0.135045
-7.30008e-05
2.60999e-05
-0.14752
-0.00249865
0.146484
-0.148246
-0.0017063
-0.148833
-0.00136525
-0.149227
-0.000868934
-0.149536
-0.000679148
-0.149733
-0.000362598
-0.149881
-0.000251984
-0.149965
-5.51221e-05
-0.150015
-2.28627e-05
3.1812e-05
-0.15779
-0.00129149
0.156583
-0.158623
-0.000873733
-0.15929
-0.000698628
-0.159719
-0.000439908
-0.160054
-0.000343731
-0.160241
-0.000176027
-0.160374
-0.000118534
-0.160417
-1.17474e-05
-0.160439
-1.6176e-06
2.1409e-05
-0.163034
0.161742
-0.163908
-0.164606
-0.165046
-0.16539
-0.165566
-0.165684
-0.165696
-0.165698
-0.0109978
0.0488235
0.00999555
-0.0117377
0.0576756
-0.012338
0.068739
-0.0126579
0.0821085
-0.0124794
0.0976409
-0.0115558
0.11432
-0.00973648
0.130357
-0.00705249
0.1438
-0.00370702
0.153238
0.158035
-0.0104426
0.0495915
0.00967461
-0.0111315
0.0583646
-0.0116613
0.0692687
-0.011896
0.0823432
-0.011646
0.097391
-0.0107038
0.113378
-0.00895684
0.12861
-0.00645242
0.141296
-0.00337922
0.150165
0.154656
-0.00990979
0.0503023
0.00919906
-0.0105328
0.0589876
-0.0109836
0.0697195
-0.0111428
0.0825024
-0.0108433
0.0970915
-0.00990938
0.112444
-0.00825313
0.126953
-0.00592527
0.138968
-0.00309674
0.147336
0.151559
-0.00928508
0.0509873
0.00860007
-0.00984625
0.0595487
-0.0102158
0.070089
-0.0103022
0.0825888
-0.00996255
0.0967518
-0.00905138
0.111533
-0.00750243
0.125404
-0.00536759
0.136833
-0.00279927
0.144768
0.14876
-0.00855368
0.0516378
0.00790314
-0.0090553
0.0600503
-0.0093515
0.0703852
-0.00937708
0.0826144
-0.00901322
0.096388
-0.00814227
0.110662
-0.00671669
0.123979
-0.00478818
0.134905
-0.00249129
0.142471
0.146269
-0.00773417
0.0522441
0.00712787
-0.00816998
0.0604862
-0.00839665
0.0706119
-0.00837226
0.08259
-0.00799988
0.0960156
-0.007187
0.109849
-0.00590108
0.122693
-0.00419164
0.133195
-0.00217555
0.140455
0.144093
-0.00684384
0.0527978
0.00629016
-0.00720953
0.0608518
-0.00736844
0.0707708
-0.00730212
0.0825237
-0.00693389
0.0956474
-0.00619397
0.109109
-0.00506157
0.12156
-0.00358201
0.131716
-0.00185419
0.138727
0.142239
-0.00589702
0.0532888
0.00540602
-0.00619183
0.0611467
-0.00628582
0.0708648
-0.00618471
0.0824225
-0.00583084
0.0952935
-0.0051753
0.108454
-0.00420657
0.120592
-0.00296443
0.130474
-0.00152966
0.137292
0.140709
-0.00490974
0.053706
0.00449256
-0.00513491
0.0613718
-0.00516724
0.0708971
-0.00503802
0.0822933
-0.00470672
0.0949622
-0.00414394
0.107891
-0.00334548
0.119793
-0.0023448
0.129473
-0.00120482
0.136152
0.139505
-0.00389937
0.0540376
0.00356774
-0.00405832
0.0615308
-0.00403122
0.07087
-0.00387961
0.0821417
-0.00357682
0.0946594
-0.00311237
0.107427
-0.00248755
0.119168
-0.00172913
0.128714
-0.000882654
0.135306
0.138622
-0.00289321
0.0542768
0.00265399
-0.00298622
0.0616238
-0.00290079
0.0707846
-0.00273054
0.0819715
-0.00245908
0.0943879
-0.0020952
0.107063
-0.00164383
0.118717
-0.00112466
0.128195
-0.000566791
0.134748
0.138055
-0.00191057
0.0544259
0.00176151
-0.0019328
0.061646
-0.00179481
0.0706466
-0.00160635
0.081783
-0.00136708
0.0941487
-0.00110191
0.106798
-0.000820552
0.118436
-0.000536375
0.127911
-0.000259578
0.134471
0.137796
-0.000982043
0.0544993
0.000908667
-0.00092332
0.0615873
-0.000744138
0.0704675
-0.000537161
0.081576
-0.000332604
0.0939441
-0.000163721
0.106629
-4.78471e-05
0.11832
1.21585e-05
0.127851
2.7414e-05
0.134456
0.137823
-0.000144288
0.0545457
9.79174e-05
4.2784e-07
0.0614426
0.000234246
0.0702336
0.000477296
0.081333
0.000663043
0.0937584
0.0007502
0.106541
0.000716349
0.118354
0.000562299
0.128005
0.000312371
0.134706
0.138135
0.000693775
0.0545013
-0.000649435
0.000920372
0.061216
0.00118815
0.0699659
0.00144352
0.0810776
0.00160269
0.0935992
0.00160667
0.106537
0.00142698
0.118533
0.00107006
0.128362
0.000576412
0.135199
0.138712
0.00144993
0.0543949
-0.00134356
0.0017411
0.0609248
0.00204848
0.0696585
0.00232378
0.0808023
0.00246343
0.0934595
0.00239498
0.106606
0.00208293
0.118845
0.00153909
0.128906
0.00081957
0.135919
0.139531
0.00212225
0.0542556
-0.00198286
0.00247742
0.0605696
0.0028196
0.0693163
0.00311532
0.0805066
0.00324166
0.0933332
0.0031119
0.106736
0.00268198
0.119275
0.00196806
0.12962
0.00104122
0.136846
0.140572
0.00271914
0.0541128
-0.00257641
0.00312767
0.0601611
0.003498
0.068946
0.00381005
0.0801945
0.00392566
0.0932176
0.00374373
0.106918
0.00321088
0.119808
0.0023466
0.130484
0.0012356
0.137957
0.141808
0.00325434
0.0539979
-0.00313944
0.00369953
0.0597159
0.00409726
0.0685483
0.00442641
0.0798654
0.00453814
0.0931059
0.00431434
0.107141
0.00369056
0.120432
0.00268949
0.131485
0.00141032
0.139236
0.143218
0.00365509
0.0540073
-0.00366449
0.00409646
0.0592745
0.00451935
0.0681254
0.00485687
0.0795279
0.0049651
0.0929976
0.00471441
0.107392
0.00402925
0.121117
0.00293172
0.132583
0.00153071
0.140637
0.144749
-0.0354026
0.0498339
0.039576
-0.032188
0.0560599
-0.030052
0.0659893
-0.027779
0.0772549
-0.025026
0.0902446
-0.0214895
0.103856
-0.0170623
0.11669
-0.0118444
0.127365
-0.0060613
0.134854
0.138688
-0.0434496
0.046178
0.0471054
-0.0404766
0.053087
-0.0377678
0.0632805
-0.0346559
0.074143
-0.0310091
0.0865978
-0.026446
0.0992927
-0.0208901
0.111134
-0.0144627
0.120937
-0.00741923
0.12781
0.131269
-0.0525045
0.0427094
0.0559732
-0.0494585
0.0500409
-0.0461116
0.0599336
-0.0421484
0.0701798
-0.0374369
0.0818863
-0.0316182
0.0934739
-0.0247531
0.104269
-0.0169987
0.113183
-0.00861599
0.119428
0.122653
-0.0633768
0.0393908
0.0666954
-0.0598496
0.0465138
-0.055696
0.0557799
-0.0507643
0.0652482
-0.0448264
0.0759484
-0.0375826
0.0862301
-0.029237
0.0959234
-0.0199971
0.103943
-0.0101865
0.109617
0.112466
-0.0755321
0.0355275
0.0793955
-0.0711879
0.0421696
-0.0659709
0.0505629
-0.0596915
0.0589688
-0.052115
0.0683719
-0.0431287
0.0772438
-0.033097
0.0858917
-0.0222616
0.0931076
-0.0110471
0.0984026
0.101419
-0.0894433
0.031652
0.0933188
-0.0839949
0.0367212
-0.0775257
0.0440937
-0.069698
0.0511411
-0.0604073
0.0590811
-0.049727
0.0665635
-0.0379747
0.0741394
-0.0254563
0.0805891
-0.0128694
0.0858158
0.0885496
-0.102686
0.0259256
0.108412
-0.0960504
0.0300859
-0.0880557
0.0360991
-0.0782184
0.0413037
-0.0668549
0.0477177
-0.0539913
0.0536999
-0.0399892
0.0601373
-0.0253596
0.0659595
-0.0113127
0.0717688
0.0772369
-0.116698
0.0203341
0.12229
-0.10896
0.0223474
-0.0996431
0.0267823
-0.0885147
0.0301752
-0.0759356
0.0351387
-0.0617383
0.0395026
-0.0464343
0.0448333
-0.030551
0.0500763
-0.0161213
0.0573391
0.0611156
-0.131042
0.00990077
0.141476
-0.119964
0.0112687
-0.106867
0.0136853
-0.0921934
0.0155018
-0.075399
0.0183442
-0.0568131
0.0209167
-0.036379
0.0243992
-0.0150331
0.0287304
0.00468406
0.0376219
0.0657997
-0.236268
0.246169
-0.224999
-0.211314
-0.195812
-0.177468
-0.156551
-0.132152
-0.103422
-0.0657997
0.00198934
0.0409687
-0.003382
0.000739185
0.0483556
-0.000234411
0.0569468
-0.000877947
0.0673389
-0.00127066
0.0797882
-0.00141534
0.0934635
-0.00119181
0.108189
-0.00088925
0.121987
-0.00165394
0.14224
0.244515
0.00232253
0.0423158
-0.00366966
0.00110071
0.0495774
0.000126033
0.0579214
-0.000557444
0.0680224
-0.000988619
0.0802194
-0.0011651
0.09364
-0.00101646
0.10804
-0.000767419
0.121738
-0.00145638
0.142929
0.243058
0.00272325
0.043562
-0.00396947
0.00154099
0.0507597
0.000600609
0.0588618
-0.000127964
0.0687509
-0.000564658
0.0806561
-0.000782747
0.0938581
-0.000695219
0.107952
-0.000554182
0.121597
-0.00125679
0.143632
0.241802
0.00312695
0.0447079
-0.00427285
0.00199115
0.0518955
0.00108275
0.0597702
0.000372205
0.0694615
-9.04517e-05
0.0811187
-0.000348296
0.0941159
-0.000299535
0.107904
-0.000291253
0.121589
-0.00100083
0.144342
0.240801
0.00352499
0.0457497
-0.00456675
0.00245391
0.0529666
0.00158685
0.0606373
0.000909483
0.0701389
0.000449711
0.0815785
0.000137394
0.0944282
0.000143693
0.107897
-1.57921e-06
0.121734
-0.000699562
0.14504
0.240101
0.00392993
0.0466608
-0.00484102
0.00294516
0.0539513
0.0021277
0.0614547
0.00148569
0.0707809
0.00103445
0.0820297
0.000723819
0.0947388
0.000621954
0.107999
0.000431864
0.121924
-0.000357309
0.145829
0.239744
0.00434103
0.0474085
-0.0050888
0.00346307
0.0548293
0.00270482
0.062213
0.00210368
0.071382
0.001663
0.0824704
0.00133823
0.0950636
0.00115477
0.108183
0.00087203
0.122207
2.80273e-05
0.146673
0.239772
0.00475331
0.0479593
-0.00530409
0.00399862
0.055584
0.00330958
0.062902
0.00275573
0.0719359
0.00232974
0.0828964
0.00198948
0.0954039
0.00172849
0.108444
0.00134397
0.122592
0.000399189
0.147618
0.240171
0.00515791
0.0482815
-0.00548011
0.00454143
0.0562005
0.00393172
0.0635117
0.00343155
0.072436
0.00302629
0.0833016
0.00267113
0.095759
0.0023348
0.10878
0.00184647
0.12308
0.000810282
0.148654
0.240981
0.00554278
0.0483481
-0.00560938
0.00507981
0.0566634
0.00456036
0.0640312
0.00412019
0.0728762
0.00374269
0.0836791
0.00337346
0.0961283
0.00296545
0.109188
0.00237351
0.123672
0.00124217
0.149785
0.242224
0.0058907
0.0481395
-0.00568212
0.00559704
0.0569571
0.00518049
0.0644477
0.00480583
0.0732509
0.00446221
0.0840228
0.00408263
0.0965078
0.00360847
0.109662
0.00291539
0.124365
0.00168571
0.151015
0.243909
0.00619413
0.0476464
-0.00570099
0.00608605
0.0570652
0.00578404
0.0647498
0.0054811
0.0735538
0.0051772
0.0843267
0.00479286
0.0968922
0.00425841
0.110197
0.00346798
0.125155
0.00213781
0.152345
0.246047
0.00643632
0.0468735
-0.00566344
0.00652919
0.0569723
0.00635165
0.0649273
0.00612729
0.0737782
0.00586951
0.0845844
0.00548835
0.0972733
0.00490154
0.110783
0.00402075
0.126036
0.00259132
0.153774
0.248638
0.00660669
0.0458414
-0.00557455
0.00691212
0.0566669
0.00686815
0.0649713
0.00672918
0.0739171
0.00652444
0.0847892
0.00615579
0.097642
0.00552652
0.111413
0.00456507
0.126998
0.00303985
0.1553
0.251678
0.00669821
0.0445875
-0.00544437
0.00722263
0.0561424
0.0073196
0.0648743
0.00727226
0.0739645
0.007128
0.0849334
0.00678206
0.0979879
0.00612237
0.112072
0.00509253
0.128027
0.00347737
0.156915
0.255156
0.00670968
0.0431659
-0.00528805
0.00745148
0.0554006
0.00769397
0.0646318
0.00774338
0.0739151
0.00766729
0.0850095
0.00735417
0.098301
0.00667789
0.112749
0.00559455
0.129111
0.00389577
0.158614
0.259051
0.00664842
0.0416409
-0.00512342
0.00759354
0.0544555
0.00798165
0.0642437
0.00813195
0.0737648
0.00813096
0.0850105
0.007862
0.09857
0.00718501
0.113426
0.0060654
0.13023
0.00429045
0.160388
0.263342
0.00652907
0.040074
-0.00496221
0.00764742
0.0533372
0.00817709
0.063714
0.00842842
0.0735134
0.00850571
0.0849332
0.00829015
0.0987856
0.00762805
0.114088
0.00649327
0.131365
0.00464855
0.162233
0.26799
0.00634886
0.0385046
-0.00477941
0.00760811
0.0520779
0.00828353
0.0630386
0.00864012
0.0731568
0.00880176
0.0847716
0.0086511
0.0989362
0.00801811
0.114721
0.00688711
0.132496
0.00497543
0.164145
0.272966
0.00608185
0.0368751
-0.00445231
0.00740797
0.0507518
0.00822258
0.062224
0.00867966
0.0726998
0.00893058
0.0845207
0.0088548
0.099012
0.00828359
0.115292
0.00717783
0.133602
0.00526704
0.166056
0.278233
-0.0162421
0.0369644
0.0161528
-0.014557
0.0490667
-0.0120881
0.0597551
-0.00922002
0.0698317
-0.00623017
0.0815308
-0.00302205
0.0958039
0.000274457
0.111995
0.00269075
0.131186
0.00194908
0.166797
0.280182
-0.0289906
0.0357259
0.0302291
-0.0264225
0.0464985
-0.0227139
0.0560465
-0.0184591
0.065577
-0.0139521
0.0770237
-0.00905274
0.0909046
-0.0040219
0.106965
-9.14691e-05
0.127255
0.000677605
0.166028
0.28086
-0.0429481
0.0336244
0.0450496
-0.0392426
0.042793
-0.0341533
0.0509572
-0.0285218
0.0599454
-0.0224755
0.0709774
-0.0157562
0.0841853
-0.00874252
0.0999509
-0.00285166
0.121364
-0.000543217
0.16372
0.280316
-0.0581033
0.0306187
0.061109
-0.0529857
0.0376754
-0.0467072
0.0446787
-0.0398193
0.0530576
-0.0321111
0.0632692
-0.0233893
0.0754635
-0.0142746
0.0908362
-0.00636168
0.113451
-0.00214831
0.159506
0.278168
-0.0746445
0.0262208
0.0790425
-0.0683008
0.0313317
-0.0611998
0.0375776
-0.0529718
0.0448297
-0.0434472
0.0537445
-0.0326917
0.064708
-0.0214462
0.0795907
-0.0112751
0.10328
-0.00449853
0.15273
0.27367
-0.0932038
0.0212218
0.0982028
-0.0860064
0.0241343
-0.0779716
0.0295428
-0.0682119
0.03507
-0.0569973
0.0425299
-0.0443857
0.0520964
-0.0312501
0.0664551
-0.0187783
0.0908085
-0.00880486
0.142757
0.264865
-0.114731
0.0145921
0.121361
-0.107083
0.0164862
-0.0983131
0.020773
-0.0876945
0.0244513
-0.0757348
0.0305702
-0.0620842
0.0384458
-0.0475478
0.0519187
-0.0326453
0.075906
-0.0177761
0.127887
0.247089
-0.14547
0.00773521
0.152327
-0.13741
0.00842639
-0.127974
0.0113371
-0.117041
0.0135181
-0.104645
0.0181736
-0.0906118
0.0244131
-0.0751719
0.0364788
-0.0580713
0.0588054
-0.0359442
0.10576
0.211144
-0.203008
0.00189016
0.208854
-0.19692
0.00233803
-0.189195
0.00361174
-0.180665
0.00498865
-0.170228
0.0077361
-0.157817
0.012002
-0.141459
0.0201213
-0.117573
0.0349189
-0.0763067
0.064494
0.134838
-0.285049
0.286939
-0.28271
-0.279099
-0.27411
-0.266374
-0.254372
-0.234251
-0.199332
-0.134838
0.00207985
0.0169457
-0.00287272
0.000596382
0.0317126
-0.000953962
0.0465999
-0.0023501
0.0625051
-0.00348457
0.080177
-0.00443157
0.0991498
-0.00506946
0.121999
-0.00556627
0.152824
-0.00474057
0.208028
0.282198
0.00181466
0.0174136
-0.00228255
0.000623595
0.0329036
-0.000782722
0.0480062
-0.0021211
0.0638435
-0.00324505
0.0813009
-0.00417917
0.100084
-0.00482687
0.122646
-0.00534136
0.153338
-0.00429004
0.206977
0.277908
0.00164412
0.0176309
-0.00186143
0.000734186
0.0338136
-0.000495952
0.0492364
-0.00172196
0.0650695
-0.00279149
0.0823704
-0.00369571
0.100988
-0.00436724
0.123318
-0.00484915
0.15382
-0.00392458
0.206052
0.273983
0.00155537
0.0176365
-0.00156103
0.000912648
0.0344563
-0.000142211
0.0502912
-0.0012359
0.0661632
-0.0022306
0.0833651
-0.00310934
0.101867
-0.00379519
0.124004
-0.00428579
0.154311
-0.00350679
0.205273
0.270477
0.00154251
0.0174426
-0.00134858
0.00116819
0.0348306
0.000323133
0.0511363
-0.000666083
0.0671524
-0.00158402
0.0842831
-0.00243595
0.102719
-0.00313945
0.124707
-0.00365814
0.15483
-0.00304307
0.204658
0.267434
0.00160072
0.0170507
-0.00120886
0.00150321
0.0349281
0.000878952
0.0517606
-2.48463e-05
0.0680562
-0.000840041
0.0850983
-0.00167255
0.103551
-0.00239858
0.125433
-0.00296546
0.155396
-0.00254072
0.204233
0.264893
0.00172297
0.0164625
-0.0011347
0.00191103
0.0347401
0.00151547
0.0521561
0.000796298
0.0687754
-1.05425e-06
0.0858956
-0.000824621
0.104375
-0.00156872
0.126177
-0.00221166
0.156039
-0.00200619
0.204028
0.262887
0.00189986
0.0156859
-0.00112331
0.00238071
0.0342592
0.00222277
0.0523141
0.00166086
0.0693373
0.000934636
0.0866218
8.35627e-05
0.105226
-0.000649009
0.12691
-0.00140848
0.156799
-0.00144417
0.204063
0.261443
0.00212105
0.0147404
-0.00117555
0.00289739
0.0334829
0.00298668
0.0522248
0.00258651
0.0697375
0.00193615
0.0872722
0.00114349
0.106019
0.000331629
0.127722
-0.000575192
0.157706
-0.000856798
0.204345
0.260586
0.0023768
-0.00129611
0.00344295
0.00379253
0.00356143
0.00299116
0.00221237
0.00131923
0.000305389
-0.000240214
0.000165864
-0.0013061
0.000481684
-0.00301885
0.000883986
-0.00416341
0.00133733
-0.00488799
0.00182269
-0.0053008
0.00233138
-0.00548362
0.00286147
-0.00549905
0.00341637
-0.00539487
0.00400671
-0.00520805
-0.00497104
0.000168301
-0.0014744
0.000476841
-0.00332739
0.000858206
-0.00454478
0.00127623
-0.00530602
0.00171291
-0.00573747
0.00216127
-0.00593198
0.00262112
-0.0059589
0.00309655
-0.0058703
0.00359478
-0.00570628
-0.00550076
0.000162784
-0.00163719
0.000447698
-0.0036123
0.000786341
-0.00488342
0.00114391
-0.00566359
0.00150496
-0.00609852
0.00186555
-0.00629257
0.00222834
-0.00632169
0.00259951
-0.00624147
0.00298636
-0.00609313
-0.00590925
0.000148565
-0.00178575
0.000393104
-0.00385684
0.000667829
-0.00515815
0.00094161
-0.00593737
0.00120306
-0.00635997
0.00145209
-0.00654161
0.00169467
-0.00656427
0.00193946
-0.00648626
0.00219551
-0.00634918
-0.0061847
0.000125352
-0.0019111
0.000313364
-0.00404485
0.00050496
-0.00534974
0.000675065
-0.00610747
0.000817594
-0.0065025
0.000936791
-0.0066608
0.00104186
-0.00666934
0.00114357
-0.00658797
0.00125223
-0.00645784
-0.00631197
9.33574e-05
-0.00200446
0.00021026
-0.00416175
0.000302683
-0.00544217
0.000353838
-0.00615863
0.000363845
-0.0065125
0.000341315
-0.00663827
0.000298219
-0.00662624
0.000247
-0.00653675
0.000198446
-0.00640928
-0.00626948
5.33316e-05
-0.00205779
8.69254e-05
-0.00419535
6.81709e-05
-0.00542341
-9.66116e-06
-0.00608079
-0.000139746
-0.00638242
-0.000309457
-0.00646856
-0.000504768
-0.00643093
-0.000712858
-0.00632866
-0.000923261
-0.00619888
-0.00606746
6.2423e-06
-0.00206404
-5.22768e-05
-0.00413683
-0.000189765
-0.00528592
-0.000401231
-0.00586933
-0.000673248
-0.0061104
-0.00098983
-0.00615198
-0.00133587
-0.00608489
-0.00169887
-0.00596566
-0.00206925
-0.00582851
-0.00569627
-4.58801e-05
-0.00201816
-0.000202321
-0.00398039
-0.00046141
-0.00502684
-0.000806102
-0.00552464
-0.00121673
-0.00569977
-0.00167484
-0.00569388
-0.0021651
-0.00559463
-0.00267608
-0.00545468
-0.00320003
-0.00530456
-0.00516309
-0.000101313
-0.00191684
-0.000357534
-0.00372417
-0.000736771
-0.0046476
-0.00120979
-0.00505162
-0.00175143
-0.00515813
-0.00234159
-0.00510371
-0.00296543
-0.00497079
-0.00361294
-0.00480717
-0.00427825
-0.00463925
-0.00448168
-0.000149028
-0.00176782
-0.000499691
-0.0033735
-0.000993107
-0.00415418
-0.00158674
-0.00445799
-0.00225003
-0.00449484
-0.00296161
-0.00439213
-0.0037073
-0.00422511
-0.00447845
-0.00403601
-0.0052707
-0.003847
-0.00366884
-0.000202773
-0.00156504
-0.00064616
-0.00293011
-0.00124597
-0.00355437
-0.00194833
-0.00375563
-0.00271879
-0.00372438
-0.00353568
-0.00357524
-0.00438589
-0.0033749
-0.00526213
-0.00315977
-0.00616107
-0.00294806
-0.00274725
-0.000253426
-0.00131162
-0.000782099
-0.00240144
-0.00147734
-0.00285913
-0.00227501
-0.00295796
-0.00313769
-0.0028617
-0.00404392
-0.00266901
-0.00498185
-0.00243697
-0.00594534
-0.00219627
-0.00693174
-0.00196167
-0.00173802
-0.000299247
-0.00101237
-0.000903402
-0.00179729
-0.0016811
-0.00208144
-0.00255923
-0.00207983
-0.00349819
-0.00192274
-0.00447719
-0.00169001
-0.0054857
-0.00142846
-0.00651868
-0.00116329
-0.00757387
-0.000906476
-0.00066105
-0.000338751
-0.000673619
-0.00100678
-0.00112926
-0.00185261
-0.0012356
-0.00279551
-0.00113693
-0.00379437
-0.000923874
-0.00482934
-0.000655045
-0.00589138
-0.000366424
-0.00697659
-7.80768e-05
-0.00808307
0.0002
0.000465665
-0.000370791
-0.000302828
-0.00108982
-0.000410234
-0.00198872
-0.000336704
-0.00298043
-0.000145216
-0.00402278
0.000118473
-0.00509697
0.000419149
-0.00619561
0.000732219
-0.00731624
0.00104255
-0.00845762
0.00134138
0.001626
-0.000394594
9.17657e-05
-0.00115104
0.000346213
-0.00208776
0.000600012
-0.00311259
0.00087962
-0.00418244
0.00118832
-0.00527942
0.00151613
-0.00639774
0.00185055
-0.00753683
0.00218164
-0.00869698
0.00250153
0.00280492
-0.000409752
0.000501517
-0.00118982
0.00112628
-0.00214947
0.00155966
-0.00319264
0.00192279
-0.00427514
0.00227082
-0.00537938
0.00262036
-0.00650065
0.00297181
-0.00764026
0.00332126
-0.00880148
0.00366275
0.00398749
-0.000416189
0.000917707
-0.00120629
0.00191639
-0.00217484
0.00252821
-0.00322317
0.00297112
-0.00430582
0.00335346
-0.00540453
0.00371908
-0.00651423
0.00408151
-0.00763653
0.00444356
-0.00877773
0.00480396
0.00515987
-0.000414088
0.00133179
-0.0012011
0.0027034
-0.00216562
0.00349273
-0.00320817
0.00401367
-0.0042826
0.0044279
-0.00537012
0.0048066
-0.00646469
0.00517607
-0.00756558
0.00554445
-0.00867731
0.00591569
0.006297
-0.000404749
0.00173654
-0.00117628
0.00347493
-0.00212429
0.00444074
-0.00315104
0.00504042
-0.00421177
0.00548862
-0.00529078
0.00588561
-0.00638856
0.00627385
-0.00751717
0.00667307
-0.00870311
0.00710163
0.00758944
-0.000384626
0.00212117
-0.00112707
0.00421738
-0.00204647
0.00536014
-0.00304793
0.00604187
-0.00408777
0.00652846
-0.00515137
0.00694921
-0.00623938
0.00736186
-0.00735856
0.00779225
-0.00851141
0.00825447
0.00875264
-0.000356539
0.00247771
-0.00105763
0.00491847
-0.00193586
0.00623837
-0.00289994
0.00700594
-0.00390587
0.0075344
-0.00493675
0.00798009
-0.00598838
0.00841349
-0.00705853
0.0088624
-0.0081373
0.00933325
0.00981439
-0.000321184
0.00279889
-0.000969201
0.00556649
-0.00179359
0.00706276
-0.00270725
0.0079196
-0.00366476
0.0084919
-0.00464516
0.0089605
-0.0056387
0.00940702
-0.00663732
0.00986102
-0.00762923
0.0103252
0.0107852
-0.000279475
0.00307837
-0.000863593
0.00615061
-0.00162193
0.0078211
-0.0024724
0.00877008
-0.00336784
0.00938734
-0.00428307
0.00987572
-0.0052039
0.0103279
-0.0061199
0.010777
-0.00702152
0.0112268
0.0116669
-0.00023253
0.0033109
-0.000743217
0.0066613
-0.00142431
0.00850219
-0.00219995
0.00954572
-0.00302163
0.010209
-0.00386048
0.0107146
-0.00469923
0.0111666
-0.00552685
0.0116046
-0.00633662
0.0120365
0.0124581
-0.000181632
0.00349253
-0.000611011
0.00709068
-0.00120518
0.00909636
-0.00189595
0.0102365
-0.00263441
0.0109475
-0.0033888
0.011469
-0.00413959
0.0119174
-0.00487559
0.0123406
-0.00559195
0.0127529
0.0131563
-0.000128168
0.0036207
-0.0004703
0.00743281
-0.000969707
0.00959577
-0.00156744
0.0108342
-0.00221543
0.0115955
-0.0028798
0.0121333
-0.00353919
0.0125768
-0.00418189
0.0129833
-0.00480363
0.0133746
0.0137587
-7.35159e-05
0.00369421
-0.000324594
0.00768389
-0.000723486
0.00999466
-0.001222
0.0113327
-0.00177425
0.0121477
-0.0023451
0.0127042
-0.00291147
0.0131432
-0.00346058
0.0135325
-0.0039875
0.0139016
0.0142638
-1.89874e-05
0.0037132
-0.000177269
0.00784217
-0.000472165
0.0102896
-0.00086726
0.0117278
-0.00132035
0.0126008
-0.00179589
0.0131797
-0.00226916
0.0136164
-0.0027258
0.0139891
-0.00315932
0.0143351
0.0146722
1.59895e-05
0.00369721
-5.89067e-05
0.00791706
-0.000250925
0.0104816
-0.000539303
0.0120162
-0.00088874
0.0129503
-0.00126493
0.0135559
-0.00164221
0.0139937
-0.00200448
0.0143514
-0.0023433
0.0146739
0.0149829
6.11946e-05
0.00363602
7.30724e-05
0.00790518
-1.41774e-05
0.0105688
-0.000196564
0.0121986
-0.000443923
0.0131976
-0.00072399
0.013836
-0.00101045
0.0142802
-0.00128526
0.0146262
-0.00153787
0.0149265
0.0152065
0.000101919
0.0035341
0.000196203
0.0078109
0.000209954
0.0105551
0.000133536
0.012275
-1.22818e-05
0.0133434
-0.000197952
0.0140216
-0.000396746
0.014479
-0.000589028
0.0148185
-0.000761461
0.0150989
0.0153537
0.000137524
0.00339657
0.000308089
0.00764034
0.000418818
0.0104443
0.000445038
0.0122488
0.000398631
0.0133898
0.000305226
0.014115
0.000190668
0.0145935
7.52663e-05
0.0149339
-2.70122e-05
0.0152012
0.0154246
0.000167427
0.00322915
0.000406606
0.00740116
0.000608039
0.0102429
0.000732717
0.0121241
0.000782758
0.0133398
0.000778679
0.0141191
0.000744855
0.0146274
0.00070249
0.0149762
0.000667568
0.0152361
0.0154428
0.000191345
0.0030378
0.000490355
0.00710215
0.000774646
0.00995862
0.00099199
0.0119068
0.00113435
0.0131974
0.00121627
0.0140372
0.00125971
0.0145839
0.00128558
0.0149504
0.00130962
0.0152121
0.0154088
0.000209261
0.00282854
0.000558556
0.00675285
0.00091651
0.00960066
0.00121926
0.011604
0.00144867
0.012968
0.00161266
0.0138732
0.00173015
0.0144664
0.00182155
0.014859
0.00190256
0.0151311
0.0153285
0.00022138
0.00260716
0.000611028
0.0063632
0.0010324
0.00917929
0.00141193
0.0112245
0.00172181
0.0126581
0.00196304
0.013632
0.00215122
0.0142782
0.00230693
0.0147033
0.00244712
0.0149909
0.0151992
0.000228094
0.00237907
0.000648161
0.00594314
0.00112202
0.00870544
0.00156851
0.010778
0.0019508
0.0122759
0.0022628
0.01332
0.00251671
0.0140243
0.00273489
0.0144851
0.00294251
0.0147833
0.0150023
0.000229952
0.00214912
0.000670876
0.00550221
0.00118603
0.00819028
0.00168877
0.0102753
0.0021338
0.0118308
0.00250738
0.0129464
0.00281723
0.0137145
0.00308671
0.0142156
0.0033583
0.0145117
0.0146961
0.000227205
0.00192191
0.000681232
0.00504819
0.00122879
0.00764272
0.00177925
0.00972479
0.00227875
0.0113313
0.00270237
0.0125228
0.00304358
0.0133733
0.00329826
0.0139609
0.00343735
0.0143726
0.0147515
0.000224102
0.00169781
0.000684058
0.00458823
0.00125288
0.0070739
0.00183876
0.0091389
0.00238112
0.010789
0.0028452
0.0120587
0.00321369
0.0130048
0.00347584
0.0136988
0.00362078
0.0142277
0.0147026
0.000217684
0.00148013
0.000676613
0.0041293
0.00125789
0.00649262
0.00187089
0.0085259
0.00245084
0.010209
0.00295627
0.0115533
0.00336394
0.0125971
0.0036631
0.0133996
0.00385462
0.0140361
0.0145878
0.000208814
0.00127131
0.000660965
0.00367715
0.00124706
0.00590653
0.00187983
0.00789313
0.00249287
0.00959598
0.00304028
0.0110059
0.00349459
0.0121428
0.00384408
0.0130501
0.00409354
0.0137867
0.0144084
0.00019824
0.00107307
0.000638972
0.00323642
0.00122324
0.00532227
0.00186896
0.00724741
0.00251016
0.00895478
0.00309832
0.0104177
0.00360253
0.0116386
0.00400902
0.0126436
0.00432215
0.0134735
0.0141639
0.000186583
0.000886488
0.000612247
0.00281075
0.00118894
0.00474557
0.0018411
0.00659525
0.00250501
0.00829087
0.00313106
0.00979166
0.00368564
0.011084
0.00415203
0.0121772
0.00453118
0.0130944
0.013854
0.000174346
0.000712142
0.000582168
0.00240293
0.00114635
0.00418139
0.00179875
0.00594285
0.00247935
0.00761027
0.00313889
0.00913211
0.00374177
0.0104811
0.00426787
0.0116511
0.00471327
0.012649
0.0134785
0.000161923
0.000550219
0.000549895
0.00201496
0.00109739
0.0036339
0.00174415
0.00529609
0.00243494
0.00691948
0.00312211
0.00844494
0.00376892
0.00983433
0.004352
0.0110681
0.00486234
0.0121386
0.0130367
0.000149614
0.000400605
0.000516398
0.00164818
0.00104378
0.00310652
0.00167943
0.00466044
0.00237363
0.00622528
0.00308138
0.00773719
0.00376577
0.00914994
0.00440082
0.010433
0.00497285
0.0115666
0.0125295
0.00013761
0.000262995
0.000482477
0.00130331
0.000987087
0.00260191
0.00160675
0.00404077
0.00229759
0.00553444
0.00301807
0.00701671
0.00373209
0.00843593
0.00441192
0.00975318
0.00503997
0.0109385
0.0119601
0.000123548
0.000139447
0.000442961
0.000983896
0.000919796
0.00212508
0.00151694
0.00344363
0.00219665
0.00485473
0.00292152
0.00629184
0.00365708
0.00770036
0.00437472
0.00903554
0.00505364
0.0102596
0.0113316
0.00011286
2.65874e-05
0.00041011
0.000686646
0.00086053
0.00167466
0.00143359
0.00287057
0.0020973
0.00419101
0.00281859
0.00557055
0.00356527
0.00695368
0.00430872
0.00829209
0.0050259
0.00954244
0.0106565
0.000103071
-7.64839e-05
0.00037877
0.000410947
0.000802104
0.00125132
0.00134842
0.00232426
0.00199111
0.00354832
0.00270145
0.00486021
0.00344997
0.00620517
0.00420863
0.00753343
0.0049529
0.00879817
0.00994596
9.41104e-05
-0.000170594
0.000349
0.000156058
0.000745042
0.000855281
0.00126277
0.00180653
0.00188051
0.00293058
0.00257378
0.00416694
0.00331598
0.00546297
0.00408008
0.00676933
0.00484044
0.0080378
0.00921185
8.58389e-05
-0.000256433
0.000320618
-7.87214e-05
0.000689398
0.000486502
0.00117731
0.00131862
0.00176724
0.00234065
0.00243879
0.00349538
0.00316839
0.00473338
0.00393021
0.0060075
0.00469754
0.00727047
0.00846502
7.80328e-05
-0.000334466
0.000293163
-0.000293852
0.00063463
0.000145035
0.00109174
0.000861513
0.00165166
0.00178072
0.00229819
0.00284886
0.00301109
0.00402048
0.00376615
0.00525245
0.00453539
0.00650123
0.00771237
7.03826e-05
-0.000404849
0.00026589
-0.000489359
0.000579553
-0.000168628
0.00100449
0.000436572
0.00153206
0.00125316
0.00215055
0.00223036
0.0028441
0.00332694
0.00359142
0.00450512
0.00436388
0.00572877
0.00695282
6.25287e-05
-0.000467377
0.000237868
-0.000664698
0.000522464
-0.000453224
0.000912794
4.62422e-05
0.00140411
0.00076184
0.00198967
0.0016448
0.00265961
0.00265699
0.00339909
0.00376564
0.00418294
0.00494493
0.00617355
5.41306e-05
-0.000521508
0.000208193
-0.000818761
0.00046156
-0.000706591
0.000813214
-0.000305412
0.0012613
0.000313753
0.0018034
0.0011027
0.00243675
0.00202364
0.00315807
0.00304432
0.00395817
0.00414483
0.00535231
4.49628e-05
-0.000566471
0.00017631
-0.000950108
0.00039572
-0.000926
0.000703306
-0.000612998
0.00109759
-8.05338e-05
0.0015764
0.000623896
0.00213836
0.00146168
0.00278689
0.00239579
0.00354341
0.00338831
0.00444341
3.51937e-05
-0.000601664
0.00014246
-0.00105737
0.000325521
-0.00110906
0.000584474
-0.000871951
0.000915365
-0.000411425
0.00130944
0.000229821
0.00175095
0.00102017
0.00220992
0.00193681
0.00262229
0.00297594
0.00419298
2.40011e-05
-0.000625666
0.000106352
-0.00113973
0.000252424
-0.00125513
0.000461998
-0.00108153
0.000729054
-0.000678481
0.00104097
-8.20982e-05
0.0013773
0.000683843
0.00170885
0.00160526
0.00200457
0.00268022
0.003915
1.25424e-05
-0.000638208
7.02181e-05
-0.0011974
0.000180463
-0.00136538
0.000343656
-0.00124472
0.000553921
-0.000888747
0.00079953
-0.000327707
0.00106399
0.000419385
0.00132967
0.00133958
0.00158811
0.00242177
0.00364168
1.47938e-06
-0.000639687
3.57156e-05
-0.00123164
0.000113094
-0.00144276
0.000235395
-0.00136702
0.00039864
-0.00105199
0.000594445
-0.000523513
0.000812231
0.0002016
0.00104342
0.00110839
0.00128828
0.00217692
0.00336893
-9.1857e-06
-0.000630502
4.61445e-06
-0.00124544
5.35287e-05
-0.00149167
0.000141809
-0.0014553
0.000268257
-0.00117844
0.000428535
-0.000683791
0.000617366
1.27686e-05
0.000831587
0.000894173
0.00107327
0.00193524
0.00309362
-1.80746e-05
-0.000612427
-2.14349e-05
-0.00124208
4.72727e-06
-0.00151783
6.66128e-05
-0.00151718
0.000166074
-0.0012779
0.000302574
-0.000820291
0.000474954
-0.000159611
0.000682909
0.000686218
0.000927618
0.00169053
0.00281238
-2.49153e-05
-0.000587512
-4.06684e-05
-0.00122632
-3.06922e-05
-0.00152781
1.30367e-05
-0.00156091
9.47706e-05
-0.00135963
0.000217138
-0.000942658
0.000381991
-0.000324464
0.000590622
0.000477587
0.000842975
0.00143818
0.00252065
-2.90817e-05
-0.00055843
-5.15247e-05
-0.00120388
-5.00869e-05
-0.00152925
-1.5834e-05
-0.00159517
5.71681e-05
-0.00143264
0.000173805
-0.0010593
0.000338094
-0.000488753
0.000552485
0.000263196
0.000816339
0.00117432
0.00221368
-3.00375e-05
-0.000528392
-5.26109e-05
-0.00118131
-5.11871e-05
-0.00153067
-1.70081e-05
-0.00162934
5.65116e-05
-0.00150616
0.000175559
-0.00117834
0.000345642
-0.000658836
0.000570295
3.85437e-05
0.000849162
0.000895454
0.00188729
-2.73799e-05
-4.28367e-05
-3.2103e-05
1.22085e-05
9.6202e-05
0.000226409
0.000409165
0.000649041
0.00094663
)
;

boundaryField
{
    inlet
    {
        type            calculated;
        value           uniform 0;
    }
    outlet
    {
        type            calculated;
        value           nonuniform List<scalar> 
40
(
0.00492527
0.0285238
0.0518936
0.0755806
0.101625
0.130239
0.161644
0.19924
0.245568
0.288449
-0.00198742
-0.00329634
-0.00450925
-0.00562216
-0.00663383
-0.00754599
-0.00836306
-0.00909141
-0.00973872
-0.0103133
-0.010824
-0.0112793
-0.0116879
-0.012058
-0.0123978
-0.012715
-0.0130171
-0.0133114
-0.0136049
-0.0139047
-0.0543753
-0.0607839
-0.0701167
-0.0829558
-0.0991105
-0.117255
-0.135065
-0.150021
-0.160428
-0.165676
)
;
    }
    cylinder
    {
        type            calculated;
        value           uniform 0;
    }
    top
    {
        type            symmetryPlane;
        value           uniform 0;
    }
    bottom
    {
        type            symmetryPlane;
        value           uniform 0;
    }
    defaultFaces
    {
        type            empty;
        value           nonuniform 0();
    }
}


// ************************************************************************* //
