/*--------------------------------*- C++ -*----------------------------------*\
  =========                 |
  \\      /  F ield         | OpenFOAM: The Open Source CFD Toolbox
   \\    /   O peration     | Website:  https://openfoam.org
    \\  /    A nd           | Version:  7
     \\/     M anipulation  |
\*---------------------------------------------------------------------------*/
FoamFile
{
    version     2.0;
    format      ascii;
    class       volVectorField;
    location    "75.8";
    object      U;
}
// * * * * * * * * * * * * * * * * * * * * * * * * * * * * * * * * * * * * * //

dimensions      [0 1 -1 0 0 0 0];

internalField   nonuniform List<vector> 
2000
(
(-0.000144379 -0.00612375 -2.61769e-22)
(2.08179e-05 -0.0139177 0)
(0.000719675 -0.0179568 0)
(0.00191327 -0.0188259 -1.34322e-21)
(0.00355267 -0.0168811 4.35311e-22)
(0.00560751 -0.0123497 1.61245e-23)
(0.00806368 -0.0054066 -7.48978e-22)
(0.0108951 0.00376791 0)
(0.0140362 0.0149427 0)
(0.0173182 0.027809 0)
(0.000395453 -0.00592396 0)
(0.00146671 -0.0139692 -1.02488e-21)
(0.0028856 -0.0183632 9.4514e-22)
(0.00449233 -0.0196541 1.79388e-21)
(0.00625855 -0.0182008 0)
(0.00818034 -0.0142453 1.63672e-21)
(0.010278 -0.00795899 -1.52204e-21)
(0.012569 0.000511514 0)
(0.0150436 0.0110029 2.78171e-21)
(0.017552 0.0233013 -5.35341e-21)
(0.000977478 -0.00578941 0)
(0.00314442 -0.0140803 8.19672e-21)
(0.00551562 -0.0187604 0)
(0.00775475 -0.0203888 7.32687e-21)
(0.00984981 -0.0193464 0)
(0.0118193 -0.015906 -6.60048e-21)
(0.0137142 -0.0102503 0)
(0.0155926 -0.0025039 5.95747e-21)
(0.0175037 0.00723438 -5.57951e-21)
(0.0193112 0.018846 -5.45109e-21)
(0.00163782 -0.00575233 -2.13518e-21)
(0.00510764 -0.0142876 -4.08862e-21)
(0.00865494 -0.0191634 -1.91747e-21)
(0.0117347 -0.0210151 -3.59788e-21)
(0.0143513 -0.0202651 -3.44434e-21)
(0.0165478 -0.0172316 3.24817e-21)
(0.0184055 -0.012125 3.11711e-21)
(0.0200199 -0.00506408 -1.83988e-23)
(0.0215003 0.00390657 5.63945e-21)
(0.0227231 0.0147533 5.44908e-21)
(0.00241804 -0.00583713 -2.10388e-21)
(0.00741128 -0.0146151 -4.17947e-21)
(0.0123376 -0.019578 -7.93709e-21)
(0.0164354 -0.0215191 3.65123e-21)
(0.019736 -0.0209181 0)
(0.0223157 -0.0181509 0)
(0.0242913 -0.0134691 -6.40003e-21)
(0.0257951 -0.00700286 -6.06166e-21)
(0.0269951 0.00124274 5.71874e-21)
(0.0277873 0.0112996 1.64426e-20)
(0.00336485 -0.00605643 2.13657e-21)
(0.0101051 -0.0150632 2.16757e-21)
(0.016575 -0.019996 -1.17778e-20)
(0.0218175 -0.0218869 1.87126e-20)
(0.0259112 -0.0212869 -3.48831e-21)
(0.0289816 -0.0186364 0)
(0.0311916 -0.0142367 0)
(0.0327151 -0.00824339 3.02534e-20)
(0.0337774 -0.00063735 -2.85663e-20)
(0.0343055 0.00865725 5.41319e-21)
(0.00452386 -0.00640373 1.66801e-20)
(0.0132251 -0.0156075 0)
(0.021347 -0.0203925 1.57378e-20)
(0.0277913 -0.0221042 -1.49366e-20)
(0.0327127 -0.0213745 0)
(0.0363077 -0.0187098 6.79294e-21)
(0.0388014 -0.0144637 -1.90518e-20)
(0.0404191 -0.00882525 -2.41932e-20)
(0.0414432 -0.00176321 1.13529e-20)
(0.0418431 0.00682946 1.09657e-20)
(0.005933 -0.00685221 -3.3337e-20)
(0.016784 -0.0161973 -4.2343e-21)
(0.0265946 -0.0207259 -7.97493e-21)
(0.0342138 -0.0221554 -1.8774e-20)
(0.0399083 -0.0212035 -7.1924e-21)
(0.0439716 -0.0184386 -6.79406e-21)
(0.0467096 -0.0142628 4.63377e-23)
(0.0484125 -0.00890239 0)
(0.049424 -0.00232184 0)
(0.0497646 0.00562496 8.43445e-23)
(0.00761607 -0.00735594 1.66573e-20)
(0.0207614 -0.0167581 -1.68587e-20)
(0.0322142 -0.0209407 1.18601e-20)
(0.0408912 -0.0220251 2.64293e-20)
(0.0472125 -0.0208134 -7.0531e-21)
(0.0515962 -0.0179246 6.78928e-21)
(0.0544458 -0.0137998 6.39845e-21)
(0.0561269 -0.00870145 0)
(0.057054 -0.00259807 0)
(0.0573194 0.00470522 -2.66892e-22)
(0.00957735 -0.00785418 -2.0902e-21)
(0.0250971 -0.0171988 2.11535e-20)
(0.0380568 -0.0209747 -3.95789e-21)
(0.0475873 -0.0217033 0)
(0.0543093 -0.020259 0)
(0.0587938 -0.0172928 1.34368e-20)
(0.0615548 -0.0132654 0)
(0.0630358 -0.00846542 -1.17868e-20)
(0.0637117 -0.00288808 1.91649e-23)
(0.063769 0.00365584 1.0543e-20)
(0.0245462 0.0594847 2.06408e-22)
(0.0389809 0.124657 -2.08785e-22)
(0.045551 0.185478 -2.39254e-22)
(0.045337 0.240848 -2.72748e-22)
(0.0398728 0.297027 -3.35368e-22)
(0.0352751 0.357722 -1.18452e-23)
(0.0233243 0.425801 1.76694e-22)
(0.0201503 0.51185 6.30768e-22)
(-0.00020639 0.637156 0)
(0.00617855 0.787667 -4.62105e-22)
(0.0225398 0.0541708 7.90792e-22)
(0.0355345 0.119628 -9.02524e-22)
(0.0426867 0.183178 1.61675e-21)
(0.0430174 0.24046 2.73202e-22)
(0.03801 0.297709 5.91296e-22)
(0.033768 0.359105 1.019e-21)
(0.0223411 0.427711 -3.82058e-22)
(0.0193053 0.514181 -4.23051e-22)
(-0.000183377 0.639037 8.27119e-22)
(0.00574809 0.78815 4.61011e-22)
(0.0219548 0.0485508 0)
(0.0326604 0.113412 -8.62811e-22)
(0.0401838 0.179624 -4.6903e-22)
(0.0409838 0.238984 0)
(0.0363805 0.297429 -1.8207e-21)
(0.0324688 0.35962 5.67898e-22)
(0.0215046 0.428814 6.41258e-22)
(0.0185643 0.515721 2.27839e-21)
(-0.000121319 0.640477 -8.24441e-22)
(0.00536234 0.788438 1.66182e-21)
(0.0230389 0.0429372 0)
(0.0304608 0.106184 8.70064e-22)
(0.038042 0.17481 0)
(0.0392177 0.236398 2.10776e-21)
(0.0349678 0.296181 -2.11869e-21)
(0.0313599 0.359257 -1.29542e-21)
(0.0208017 0.429062 -8.14176e-23)
(0.0179373 0.516379 -2.22624e-21)
(-2.15637e-05 0.641188 -3.64623e-22)
(0.00499931 0.78834 -2.04395e-21)
(0.025958 0.0376493 3.62905e-23)
(0.0290926 0.0982261 -2.48507e-21)
(0.0362656 0.168769 9.6193e-23)
(0.0377019 0.23269 -1.86431e-21)
(0.0337533 0.293975 0)
(0.0304194 0.35807 -1.23666e-21)
(0.0202105 0.428593 -1.06982e-22)
(0.0173989 0.516449 2.7979e-21)
(8.69435e-05 0.641609 3.70839e-22)
(0.00466221 0.788193 -3.72189e-22)
(0.0306759 0.03295 -6.74388e-21)
(0.0287482 0.0899087 4.26029e-21)
(0.0348714 0.161579 1.82019e-21)
(0.036423 0.227866 -1.81929e-21)
(0.032723 0.290788 -1.00378e-21)
(0.0296375 0.355969 0)
(0.0197343 0.427194 -2.47635e-21)
(0.0169688 0.515483 1.23536e-21)
(0.000226893 0.641012 1.35515e-21)
(0.00433161 0.787553 1.41243e-21)
(0.036845 0.0289976 -8.11394e-22)
(0.0295891 0.0816599 0)
(0.0338946 0.153387 0)
(0.0353669 0.221962 0)
(0.0318527 0.286737 -1.07222e-21)
(0.028986 0.35326 2.07279e-21)
(0.0193345 0.425433 2.41342e-21)
(0.0165797 0.514445 -3.76155e-21)
(0.000336968 0.640694 6.66811e-22)
(0.00402943 0.787151 -2.05927e-21)
(0.0437575 0.025791 5.09942e-21)
(0.0316134 0.0738077 3.46428e-21)
(0.0333712 0.144434 -3.43289e-21)
(0.0345369 0.214976 3.7059e-21)
(0.0311392 0.281497 -4.60554e-21)
(0.028476 0.349246 0)
(0.019058 0.422178 -1.08419e-21)
(0.0163303 0.511615 5.53333e-23)
(0.000510122 0.638569 -1.20229e-21)
(0.00371747 0.785934 -1.26529e-21)
(0.0503325 0.0229536 -4.33613e-21)
(0.0344956 0.0660674 0)
(0.0332944 0.134652 -3.87572e-21)
(0.0338815 0.207334 7.02269e-21)
(0.03055 0.276269 -2.6215e-21)
(0.0280381 0.34587 -4.87714e-22)
(0.0187751 0.420052 1.08186e-21)
(0.0160026 0.51044 9.45963e-24)
(0.000561273 0.638253 1.73633e-21)
(0.00344406 0.785529 1.83784e-21)
(0.0550718 0.0203086 -3.48985e-21)
(0.0375026 0.05834 3.41032e-21)
(0.0337331 0.123031 4.26641e-22)
(0.0334695 0.196213 0)
(0.0300557 0.266829 0)
(0.0278083 0.338076 4.77409e-22)
(0.0187665 0.413356 2.03541e-21)
(0.0160205 0.504451 -1.9773e-21)
(0.000816891 0.633769 -5.34866e-22)
(0.00313538 0.783567 5.17659e-22)
(0.0575671 0.0221999 0)
(0.0413203 0.054679 0)
(0.035036 0.115208 0)
(0.0335889 0.191133 0)
(0.0294311 0.265384 0)
(0.0264063 0.339164 0)
(0.0176134 0.415795 0)
(0.0146742 0.508119 0)
(0.000433814 0.636761 0)
(0.00255384 0.783657 0)
(0.0597069 0.0416177 0)
(0.0444865 0.0746079 0)
(0.0346419 0.125992 0)
(0.0317791 0.196315 0)
(0.0279438 0.269917 0)
(0.0247772 0.344551 0)
(0.0166002 0.422649 0)
(0.0133123 0.516446 0)
(0.000379729 0.643983 0)
(0.00202254 0.785435 0)
(0.0574255 0.0487617 0)
(0.0461893 0.0858576 0)
(0.0351234 0.134631 0)
(0.0304289 0.202066 0)
(0.0262475 0.275207 0)
(0.0228273 0.349842 0)
(0.0153247 0.428302 0)
(0.0119579 0.522355 0)
(0.000234199 0.648677 0)
(0.0015829 0.785788 0)
(0.0528129 0.0534157 0)
(0.045511 0.0948984 0)
(0.0351172 0.142205 0)
(0.0293951 0.207098 0)
(0.0250804 0.280352 0)
(0.021553 0.356012 0)
(0.0145506 0.43582 0)
(0.0110481 0.530894 0)
(0.00041817 0.655851 0)
(0.0013183 0.787539 0)
(0.0474421 0.055763 0)
(0.0432726 0.102356 0)
(0.0343919 0.149744 0)
(0.0283092 0.212002 0)
(0.0237444 0.284251 0)
(0.0200864 0.359974 0)
(0.013578 0.440179 0)
(0.0100767 0.535418 0)
(0.000333253 0.659305 0)
(0.00102811 0.7875 0)
(0.0415268 0.055923 0)
(0.0400022 0.107679 0)
(0.0327055 0.156314 0)
(0.0269722 0.217062 0)
(0.0228675 0.2891 0)
(0.0193306 0.365756 0)
(0.0131887 0.447353 0)
(0.0095451 0.543663 0)
(0.000618326 0.666077 0)
(0.000884888 0.789043 0)
(0.0353617 0.0540562 0)
(0.0364912 0.111366 0)
(0.0311653 0.162583 0)
(0.0254878 0.22164 0)
(0.0213768 0.2921 0)
(0.0180782 0.368439 0)
(0.0124652 0.45022 0)
(0.00889753 0.546547 0)
(0.000565579 0.668184 0)
(0.000702422 0.788701 0)
(0.0288956 0.049744 0)
(0.0321392 0.111583 0)
(0.0289672 0.166493 0)
(0.0244907 0.226683 0)
(0.0208648 0.297468 0)
(0.0176408 0.374672 0)
(0.0123255 0.457796 0)
(0.00862516 0.555125 0)
(0.000965157 0.675048 0)
(0.000658732 0.790263 0)
(0.0239501 0.045956 0)
(0.0297178 0.112934 0)
(0.0279886 0.17065 0)
(0.0234008 0.229555 0)
(0.019749 0.299027 0)
(0.0167845 0.375979 0)
(0.0118416 0.459259 0)
(0.00824262 0.556488 0)
(0.000928772 0.67603 0)
(0.000565867 0.789926 0)
(0.0164262 0.0314761 0)
(0.0244522 0.104474 0)
(0.0267498 0.17128 0)
(0.0240563 0.235043 0)
(0.0203896 0.305419 0)
(0.0170579 0.383217 0)
(0.0121466 0.467859 0)
(0.00824028 0.566101 0)
(0.00147801 0.683535 0)
(0.000593025 0.791733 0)
(0.0670992 0.0116423 3.06976e-21)
(0.0654319 0.0210466 -3.01821e-21)
(0.0599243 0.0235001 2.5948e-22)
(0.0535418 0.0240263 0)
(0.0468255 0.0227644 0)
(0.0396186 0.0200288 7.5627e-23)
(0.0322277 0.0159114 -8.85569e-23)
(0.0247979 0.00999515 8.70342e-23)
(0.0183356 0.00466486 -1.54928e-23)
(0.0102185 -0.00837161 1.52257e-23)
(0.0687171 0.00729149 -4.0638e-21)
(0.0650759 0.0123455 0)
(0.0586989 0.0125437 1.4577e-21)
(0.0519954 0.011354 -2.89247e-21)
(0.0451048 0.00871113 1.42859e-21)
(0.0377645 0.00493152 -7.39853e-23)
(0.030243 3.33926e-05 6.42927e-23)
(0.0227868 -0.00636112 1.07558e-23)
(0.0159009 -0.0122044 -2.484e-23)
(0.00836813 -0.0242356 -2.80194e-23)
(0.0693662 0.0025524 4.57622e-21)
(0.0641481 0.00372953 -2.10736e-21)
(0.0572666 0.00177393 2.08709e-21)
(0.0503379 -0.0011278 -1.13784e-21)
(0.0432886 -0.00515077 8.93116e-22)
(0.0358231 -0.00995561 0)
(0.0281922 -0.0155783 -6.44397e-23)
(0.0207344 -0.0222903 3.57423e-25)
(0.0136253 -0.0284005 1.05917e-23)
(0.00671333 -0.0390191 4.27492e-23)
(0.0691994 -0.00328181 -6.96113e-22)
(0.0626727 -0.00545709 0)
(0.0555383 -0.00925267 0)
(0.0484697 -0.0136534 0)
(0.0413317 -0.0188766 5.68977e-22)
(0.0337899 -0.0245367 -3.49344e-22)
(0.0261125 -0.0307127 2.56082e-23)
(0.0186794 -0.0375361 1.17202e-23)
(0.011559 -0.0436257 1.01027e-23)
(0.00523761 -0.0526482 1.8366e-23)
(0.0681115 -0.0102996 -4.86093e-22)
(0.0605604 -0.015277 -1.85279e-21)
(0.0533926 -0.0205929 -7.4018e-22)
(0.0462729 -0.0262163 7.39647e-22)
(0.0391335 -0.0323926 -2.16909e-22)
(0.0316009 -0.0386713 0)
(0.0239777 -0.0451766 -6.2498e-23)
(0.0166558 -0.0518903 1.93089e-23)
(0.00970931 -0.0576912 -5.46987e-24)
(0.00400598 -0.0650975 -2.87663e-23)
(0.0662001 -0.0183484 -5.11709e-21)
(0.0579253 -0.0255499 8.54067e-22)
(0.0509113 -0.0321107 2.19867e-22)
(0.0438197 -0.0386675 7.26963e-22)
(0.0367518 -0.0455402 0)
(0.0293151 -0.0521882 0)
(0.0218392 -0.058792 0)
(0.0147238 -0.0651942 2.44877e-23)
(0.00809447 -0.0704997 0)
(0.00302119 -0.0763849 0)
(0.0635465 -0.0271821 0)
(0.0549026 -0.0360086 1.45294e-21)
(0.0481783 -0.043594 -9.35468e-22)
(0.0411905 -0.0508006 -5.24509e-22)
(0.0342698 -0.0581301 5.27201e-22)
(0.0270081 -0.0649151 1.04847e-22)
(0.0197616 -0.0714119 -1.32243e-22)
(0.0129371 -0.077346 -1.15786e-22)
(0.00672256 -0.0820287 9.1942e-24)
(0.00225552 -0.0865628 8.42475e-24)
(0.0602342 -0.036512 0)
(0.0516134 -0.0463849 -5.17806e-22)
(0.0452706 -0.0548084 -2.08536e-22)
(0.0384585 -0.0624047 0)
(0.0317572 -0.0699828 6.90784e-23)
(0.0247439 -0.0767079 -2.57419e-22)
(0.0177964 -0.0829364 1.06974e-22)
(0.0113306 -0.0883039 2.48626e-24)
(0.00558479 -0.0923147 -7.17476e-24)
(0.00167426 -0.0957065 -9.35262e-24)
(0.0564016 -0.046044 6.952e-22)
(0.04814 -0.0564411 4.69385e-22)
(0.0422557 -0.0655436 -1.59562e-22)
(0.0356921 -0.0732983 8.09166e-23)
(0.0292742 -0.0809549 1.12867e-22)
(0.0225751 -0.0874691 1.1336e-22)
(0.0159801 -0.0933203 -2.3969e-23)
(0.0099198 -0.0980818 -1.23196e-23)
(0.0046592 -0.101436 7.19823e-24)
(0.00124187 -0.103902 1.95218e-25)
(0.0521956 -0.0555296 -1.46091e-22)
(0.0445633 -0.0659895 1.47395e-22)
(0.039196 -0.0756342 -1.05787e-22)
(0.0329539 -0.083351 -8.07936e-23)
(0.0268708 -0.0909546 5.01777e-23)
(0.0205407 -0.0971563 -9.00384e-23)
(0.014333 -0.102571 3.36256e-23)
(0.00870366 -0.106739 2.59614e-24)
(0.00391613 -0.109496 0)
(0.000924739 -0.111241 -1.9563e-25)
(0.0477854 -0.064771 1.50003e-22)
(0.0409769 -0.0749041 -1.51274e-22)
(0.0361617 -0.0849695 -1.12034e-22)
(0.0303088 -0.0924922 -8.67015e-23)
(0.0245914 -0.0999457 -5.31145e-23)
(0.0186696 -0.105781 8.3732e-24)
(0.0128637 -0.110742 1.84761e-23)
(0.00766991 -0.114365 2.8071e-23)
(0.0033238 -0.116609 0)
(0.000693458 -0.11781 -2.16972e-24)
(0.0433475 -0.0736368 0)
(0.0374832 -0.0831217 -5.06804e-22)
(0.0332239 -0.0934929 8.55384e-22)
(0.027818 -0.10071 8.68291e-23)
(0.022472 -0.107942 1.36179e-22)
(0.0169802 -0.113399 1.42122e-22)
(0.0115706 -0.117918 -2.93799e-23)
(0.00679971 -0.121069 -1.70386e-23)
(0.0028523 -0.122889 2.0137e-23)
(0.000524409 -0.123694 2.16454e-24)
(0.0390221 -0.0820604 0)
(0.0341625 -0.0906393 -5.89777e-22)
(0.0304304 -0.101195 -2.33137e-22)
(0.0255205 -0.108045 0)
(0.0205309 -0.115 -3.75798e-22)
(0.0154755 -0.120099 1.44149e-22)
(0.0104435 -0.124206 8.65053e-23)
(0.00607061 -0.126968 1.41703e-22)
(0.00247555 -0.128447 -2.00713e-23)
(0.000399644 -0.128974 1.48093e-23)
(0.0349083 -0.090027 0)
(0.0310682 -0.0975127 5.94664e-22)
(0.0278058 -0.108108 0)
(0.0234324 -0.114581 6.81517e-22)
(0.0187711 -0.121205 -6.85053e-22)
(0.0141462 -0.125994 -1.79874e-22)
(0.00946555 -0.129721 4.0364e-23)
(0.00545933 -0.132177 -1.48181e-22)
(0.00217211 -0.133387 -2.72002e-23)
(0.000305847 -0.133729 -2.28918e-23)
(0.0310781 -0.0975581 6.15434e-21)
(0.0282421 -0.103849 -2.305e-21)
(0.0253662 -0.114291 -2.25231e-22)
(0.0215576 -0.120434 -9.25644e-22)
(0.0171899 -0.126667 0)
(0.012977 -0.131206 -1.92976e-22)
(0.00861946 -0.134585 6.43285e-23)
(0.0049447 -0.136812 2.25606e-22)
(0.00192546 -0.13781 9.18675e-24)
(0.000233546 -0.138038 -9.1781e-24)
(0.0275717 -0.104687 5.4302e-22)
(0.0257191 -0.109802 3.5904e-21)
(0.0231282 -0.119829 9.70514e-22)
(0.0198934 -0.125736 -9.6992e-22)
(0.0157851 -0.131506 -3.3728e-22)
(0.0119526 -0.135863 0)
(0.00789003 -0.138918 -3.14961e-22)
(0.00450939 -0.140982 1.68555e-22)
(0.00172374 -0.141811 8.50131e-23)
(0.000176292 -0.141978 2.15258e-23)
(0.0244136 -0.111428 -8.66877e-22)
(0.0235449 -0.115558 0)
(0.0211261 -0.124819 0)
(0.0184414 -0.130626 0)
(0.0145619 -0.135851 -2.67015e-22)
(0.0110626 -0.140089 6.0362e-22)
(0.0072673 -0.142837 3.24806e-22)
(0.00414111 -0.144791 -3.85062e-22)
(0.00155928 -0.145482 2.20463e-23)
(0.000129743 -0.145629 -4.31369e-23)
(0.0216018 -0.117744 -2.01119e-21)
(0.0217402 -0.121324 2.67066e-21)
(0.0193866 -0.129368 -2.64546e-21)
(0.0171854 -0.135233 1.69093e-21)
(0.0135175 -0.13983 -2.05122e-21)
(0.0102918 -0.144 0)
(0.00673989 -0.146449 -1.98462e-22)
(0.00382869 -0.148336 -8.99955e-24)
(0.00142605 -0.148911 -7.34386e-23)
(9.03675e-05 -0.149072 -2.47956e-23)
(0.0188569 -0.123485 -9.41859e-22)
(0.020041 -0.1273 0)
(0.0177736 -0.133598 -2.61039e-21)
(0.0159833 -0.139678 4.04859e-21)
(0.0125659 -0.14357 -1.39006e-21)
(0.00957281 -0.147709 -1.48323e-22)
(0.00626671 -0.149861 1.9801e-22)
(0.00354675 -0.15171 2.44431e-23)
(0.00131312 -0.152184 1.51374e-22)
(5.60892e-05 -0.152388 4.93056e-23)
(0.0161385 -0.128249 -3.81294e-21)
(0.0183177 -0.133666 3.72703e-21)
(0.0162989 -0.137681 3.37909e-22)
(0.0148163 -0.144082 0)
(0.0116928 -0.147211 0)
(0.00890076 -0.151332 1.52721e-22)
(0.00584199 -0.153182 3.69275e-22)
(0.00329442 -0.155007 -3.62391e-22)
(0.00122096 -0.155388 -2.73621e-23)
(3.9128e-05 -0.155659 2.67742e-23)
(0.0161132 -0.135298 0)
(0.0186855 -0.148868 0)
(0.016108 -0.147093 0)
(0.014345 -0.154514 0)
(0.0112295 -0.155913 0)
(0.00839781 -0.160088 0)
(0.00551016 -0.161225 0)
(0.00309194 -0.162998 0)
(0.00119131 -0.163117 0)
(7.39815e-05 -0.163504 0)
(0.0147763 -0.159436 0)
(0.0133731 -0.174199 0)
(0.0114327 -0.168634 0)
(0.00971123 -0.176158 0)
(0.00756414 -0.175125 0)
(0.00563025 -0.179061 0)
(0.00369694 -0.178875 0)
(0.00211894 -0.180504 0)
(0.000849011 -0.180064 0)
(8.80876e-05 -0.180561 0)
(0.0152165 -0.188617 0)
(0.0125269 -0.204441 0)
(0.010309 -0.196087 0)
(0.0082466 -0.204055 0)
(0.00631664 -0.201037 0)
(0.00456993 -0.205138 0)
(0.00302554 -0.203813 0)
(0.00176211 -0.205566 0)
(0.000767275 -0.204566 0)
(0.000101646 -0.205261 0)
(0.0151316 -0.225307 0)
(0.0115792 -0.242402 0)
(0.00940443 -0.232013 0)
(0.0071009 -0.240847 0)
(0.00545094 -0.236168 0)
(0.00381895 -0.240828 0)
(0.00260591 -0.238463 0)
(0.00152842 -0.240603 0)
(0.000733199 -0.239006 0)
(0.000103336 -0.24003 0)
(0.0147352 -0.270823 0)
(0.0107688 -0.288401 0)
(0.0086934 -0.27726 0)
(0.00621746 -0.286862 0)
(0.00482758 -0.281156 0)
(0.00323376 -0.286507 0)
(0.00229858 -0.283349 0)
(0.00130295 -0.286019 0)
(0.000681948 -0.283888 0)
(7.56276e-05 -0.285362 0)
(0.0136905 -0.323262 0)
(0.00971489 -0.33947 0)
(0.00784512 -0.329549 0)
(0.00534923 -0.339009 0)
(0.00421279 -0.333406 0)
(0.0026524 -0.33901 0)
(0.00194629 -0.335623 0)
(0.000981498 -0.338631 0)
(0.000542415 -0.336242 0)
(6.67778e-06 -0.338091 0)
(0.0117188 -0.376598 0)
(0.00817583 -0.389574 0)
(0.00659601 -0.382712 0)
(0.00433697 -0.390725 0)
(0.00343364 -0.386477 0)
(0.00200292 -0.391446 0)
(0.00146683 -0.388588 0)
(0.000569086 -0.391373 0)
(0.000312639 -0.389204 0)
(-7.52605e-05 -0.391068 0)
(0.00890226 -0.42267 0)
(0.00614021 -0.431667 0)
(0.00493277 -0.428592 0)
(0.00316099 -0.434307 0)
(0.00248646 -0.432091 0)
(0.00133146 -0.435664 0)
(0.000928231 -0.433862 0)
(0.00019504 -0.435853 0)
(8.8741e-05 -0.434307 0)
(-0.000119716 -0.435721 0)
(0.00551958 -0.455176 0)
(0.00376437 -0.460867 0)
(0.00301526 -0.46095 0)
(0.0018973 -0.464492 0)
(0.0014801 -0.464109 0)
(0.00072919 -0.466197 0)
(0.000469464 -0.46546 0)
(-9.98172e-06 -0.46651 0)
(-2.98297e-05 -0.465667 0)
(-0.000104881 -0.466435 0)
(0.00186626 -0.471577 0)
(0.00125479 -0.475518 0)
(0.00101029 -0.477309 0)
(0.000626368 -0.479595 0)
(0.000490097 -0.480237 0)
(0.000227348 -0.481417 0)
(0.000138801 -0.481308 0)
(-2.99707e-05 -0.481762 0)
(-2.66595e-05 -0.481366 0)
(-4.15526e-05 -0.481697 0)
(0.0157269 -0.144899 4.47223e-21)
(0.016238 -0.170453 -4.38477e-21)
(0.0173252 -0.201415 5.65743e-22)
(0.0174201 -0.239193 0)
(0.0170086 -0.284355 0)
(0.0157209 -0.334501 6.55578e-22)
(0.0134258 -0.38393 -2.81842e-21)
(0.01024 -0.425696 2.78058e-21)
(0.0064057 -0.454773 7.56392e-22)
(0.00217726 -0.469355 -7.44555e-22)
(0.0159167 -0.149808 -5.28488e-21)
(0.0170965 -0.175224 0)
(0.0183262 -0.206305 3.85439e-21)
(0.0184569 -0.244095 -8.89594e-21)
(0.0180098 -0.288871 5.7121e-21)
(0.0166083 -0.338045 -6.06157e-22)
(0.0141779 -0.38604 1.35166e-21)
(0.0108357 -0.426325 2.85344e-21)
(0.00680252 -0.454281 8.04073e-22)
(0.00231246 -0.468295 7.80313e-22)
(0.0164406 -0.154917 6.17576e-21)
(0.0183004 -0.180275 -4.2541e-21)
(0.0195732 -0.211227 4.2138e-21)
(0.0196953 -0.248783 -4.71874e-21)
(0.0191666 -0.292992 3.49165e-21)
(0.0176107 -0.34109 0)
(0.0150021 -0.387654 -1.35495e-21)
(0.0114584 -0.426549 7.03386e-23)
(0.00719406 -0.45351 -1.49842e-21)
(0.00243582 -0.467041 -1.53064e-21)
(0.0173245 -0.159502 -9.99197e-22)
(0.0197828 -0.184949 0)
(0.0210456 -0.215836 0)
(0.0211323 -0.253171 0)
(0.0204886 -0.296818 3.89147e-21)
(0.0187517 -0.343867 -2.6024e-21)
(0.01593 -0.389051 -1.78925e-23)
(0.0121411 -0.426603 -1.60105e-21)
(0.00760768 -0.452582 -8.21844e-22)
(0.00256006 -0.465613 -8.79974e-22)
(0.0186359 -0.163656 1.00357e-22)
(0.0215204 -0.189039 -3.01917e-21)
(0.0227187 -0.219836 -2.3069e-21)
(0.0227463 -0.25697 2.30545e-21)
(0.0219621 -0.300103 -1.27155e-21)
(0.0200289 -0.346201 0)
(0.016974 -0.39014 -1.49254e-21)
(0.0129095 -0.426461 3.26791e-21)
(0.00807261 -0.451515 -1.6725e-21)
(0.0027006 -0.464054 1.72186e-21)
(0.0204137 -0.167456 -8.02846e-21)
(0.0235344 -0.192583 8.6967e-22)
(0.0246069 -0.223165 -1.68875e-22)
(0.0245392 -0.260053 2.36974e-21)
(0.0235855 -0.302684 0)
(0.0214394 -0.347923 0)
(0.0181338 -0.390772 0)
(0.0137703 -0.426027 1.75152e-21)
(0.00859996 -0.450273 0)
(0.00286499 -0.462376 0)
(0.0226696 -0.170811 0)
(0.0258426 -0.19556 3.31877e-21)
(0.0267375 -0.225819 -2.24272e-21)
(0.0265299 -0.262406 -2.66154e-21)
(0.0253737 -0.304528 2.67538e-21)
(0.0229912 -0.348984 1.59555e-21)
(0.0194114 -0.390888 -1.58297e-21)
(0.0147225 -0.425244 -6.257e-21)
(0.0091888 -0.448823 4.45479e-22)
(0.00305433 -0.460572 -1.52474e-21)
(0.0254118 -0.173594 0)
(0.028452 -0.197894 -1.0786e-21)
(0.0291291 -0.22776 -6.0931e-22)
(0.028735 -0.264021 0)
(0.0273448 -0.305646 7.78038e-22)
(0.0246987 -0.349398 -2.34808e-21)
(0.0208149 -0.390492 2.61441e-21)
(0.0157681 -0.424104 9.32741e-22)
(0.00983711 -0.44715 -1.02074e-21)
(0.0032682 -0.458627 2.02289e-21)
(0.0286509 -0.175706 9.69049e-22)
(0.0313673 -0.199517 1.17128e-21)
(0.0317932 -0.228936 -2.59715e-22)
(0.0311644 -0.264874 3.48449e-22)
(0.0295123 -0.306036 7.40791e-22)
(0.0265746 -0.349183 1.24372e-21)
(0.0223542 -0.389605 -4.67802e-22)
(0.0169125 -0.422621 -5.05472e-22)
(0.0105458 -0.445254 1.02411e-21)
(0.00350699 -0.456531 5.55003e-22)
(0.032397 -0.177065 -2.70487e-22)
(0.034594 -0.200394 2.73002e-22)
(0.0347391 -0.229308 -3.13699e-22)
(0.0338245 -0.264943 -3.47997e-22)
(0.031886 -0.305686 4.13248e-22)
(0.0286285 -0.34834 -8.43736e-22)
(0.0240389 -0.388236 7.15842e-22)
(0.0181634 -0.420802 2.5595e-22)
(0.0113189 -0.443135 0)
(0.00377234 -0.454281 -5.56244e-22)
(0.0366575 -0.177609 2.77278e-22)
(0.0381348 -0.20052 -2.7995e-22)
(0.0379757 -0.228857 -3.36934e-22)
(0.03672 -0.264226 -3.7617e-22)
(0.0344741 -0.304595 -4.31302e-22)
(0.0308669 -0.346875 -3.02538e-23)
(0.0258757 -0.386393 2.52286e-22)
(0.0195262 -0.418653 8.1454e-22)
(0.0121595 -0.440796 0)
(0.00406528 -0.451871 -6.07102e-22)
(0.0414373 -0.177322 0)
(0.0419896 -0.199892 -1.28947e-21)
(0.041509 -0.227594 2.3374e-21)
(0.0398532 -0.262732 3.76803e-22)
(0.0372844 -0.302767 8.75383e-22)
(0.0332967 -0.344787 1.43716e-21)
(0.0278733 -0.38407 -5.11224e-22)
(0.0210094 -0.416167 -5.52591e-22)
(0.0130736 -0.438231 1.22227e-21)
(0.00438777 -0.449298 6.05688e-22)
(0.0467376 -0.176245 0)
(0.0461583 -0.198504 -1.272e-21)
(0.0453411 -0.225557 -7.02769e-22)
(0.043228 -0.26048 0)
(0.040322 -0.300235 -2.75746e-21)
(0.0359216 -0.342102 9.21502e-22)
(0.0300343 -0.38129 1.09769e-21)
(0.0226135 -0.413362 3.54453e-21)
(0.0140596 -0.435437 -1.2183e-21)
(0.00473814 -0.446549 2.62964e-21)
(0.0525537 -0.17449 0)
(0.0506433 -0.19635 1.28284e-21)
(0.0494604 -0.22287 0)
(0.0468447 -0.257467 3.52289e-21)
(0.0435918 -0.297014 -3.54096e-21)
(0.0387502 -0.338813 -2.16539e-21)
(0.0323684 -0.378033 -4.85877e-23)
(0.0243526 -0.410211 -3.64795e-21)
(0.0151308 -0.432396 -6.08089e-22)
(0.00512031 -0.443604 -3.27091e-21)
(0.0588564 -0.172147 9.26923e-21)
(0.0554491 -0.193417 -3.55928e-21)
(0.053868 -0.219525 3.80618e-22)
(0.0507288 -0.253704 -3.28947e-21)
(0.0470853 -0.293133 0)
(0.0417841 -0.334958 -2.25837e-21)
(0.0348734 -0.374344 -1.88966e-22)
(0.0262214 -0.406753 4.95467e-21)
(0.0162811 -0.429138 6.79182e-22)
(0.00553027 -0.440488 -6.81796e-22)
(0.0655975 -0.169205 -9.54056e-22)
(0.0605982 -0.189774 6.65584e-21)
(0.0585317 -0.215525 3.42271e-21)
(0.0548693 -0.249316 -3.42039e-21)
(0.0508057 -0.288623 -2.06204e-21)
(0.0450325 -0.330525 0)
(0.0375662 -0.370176 -5.06047e-21)
(0.0282415 -0.402935 2.53801e-21)
(0.0175287 -0.425629 2.71012e-21)
(0.00597439 -0.437173 2.9094e-21)
(0.0727059 -0.165721 -1.27884e-21)
(0.066087 -0.185541 0)
(0.063425 -0.210986 0)
(0.0592518 -0.244417 0)
(0.0547466 -0.283637 -2.38033e-21)
(0.0484775 -0.32571 4.43468e-21)
(0.0404149 -0.365731 5.15517e-21)
(0.0303714 -0.398915 -8.11748e-21)
(0.0188387 -0.421954 1.4527e-21)
(0.00643523 -0.433703 -4.32123e-21)
(0.0800637 -0.161815 -1.91052e-21)
(0.0719081 -0.180714 6.56483e-21)
(0.0685303 -0.205887 -6.50216e-21)
(0.0638781 -0.238857 8.34325e-21)
(0.0589333 -0.27791 -1.0493e-20)
(0.0521782 -0.320129 0)
(0.0435138 -0.360602 -2.69526e-21)
(0.0327197 -0.394381 -1.11044e-22)
(0.0202981 -0.417936 -3.01943e-21)
(0.00694867 -0.429962 -3.07677e-21)
(0.0874951 -0.157955 -1.35923e-21)
(0.0780044 -0.175737 0)
(0.0737544 -0.200816 -8.6793e-21)
(0.068636 -0.233456 1.63464e-20)
(0.0632209 -0.272525 -6.32743e-21)
(0.0559351 -0.315013 -1.27551e-21)
(0.0466122 -0.355912 2.68941e-21)
(0.0350307 -0.390106 -1.3587e-22)
(0.0217166 -0.413971 4.40744e-21)
(0.00742971 -0.42617 4.55332e-21)
(0.0952749 -0.152386 -6.12112e-21)
(0.0852131 -0.168687 6.00121e-21)
(0.0797328 -0.193477 9.2579e-22)
(0.0740689 -0.225532 0)
(0.0681597 -0.264429 0)
(0.0603757 -0.307299 1.25393e-21)
(0.0503969 -0.349131 5.74286e-21)
(0.0379454 -0.384466 -5.61868e-21)
(0.0235514 -0.409249 -1.53797e-21)
(0.00807119 -0.421839 1.51226e-21)
(0.105991 -0.152795 0)
(0.101051 -0.165939 0)
(0.0924133 -0.191564 0)
(0.0853244 -0.223033 0)
(0.0779916 -0.260987 0)
(0.0686623 -0.302384 0)
(0.057012 -0.342498 0)
(0.0427655 -0.376267 0)
(0.0264649 -0.4001 0)
(0.0089187 -0.412513 0)
(0.125016 -0.138972 0)
(0.127757 -0.157111 0)
(0.114597 -0.185852 0)
(0.10671 -0.216913 0)
(0.0968112 -0.253746 0)
(0.0846905 -0.292753 0)
(0.0699444 -0.329847 0)
(0.0522974 -0.360517 0)
(0.0323901 -0.381519 0)
(0.0112084 -0.39158 0)
(0.150391 -0.125721 0)
(0.156238 -0.146329 0)
(0.138613 -0.17534 0)
(0.130517 -0.205046 0)
(0.117243 -0.240207 0)
(0.101868 -0.276214 0)
(0.0834174 -0.310241 0)
(0.0618974 -0.338631 0)
(0.038015 -0.358894 0)
(0.012565 -0.370028 0)
(0.181999 -0.116463 0)
(0.188962 -0.137391 0)
(0.166611 -0.165266 0)
(0.158573 -0.193645 0)
(0.140874 -0.227047 0)
(0.12201 -0.259713 0)
(0.0992504 -0.290447 0)
(0.0733049 -0.315505 0)
(0.0450652 -0.332366 0)
(0.0157493 -0.339617 0)
(0.21919 -0.105051 0)
(0.224461 -0.12432 0)
(0.197539 -0.149773 0)
(0.188687 -0.175631 0)
(0.164649 -0.205258 0)
(0.141662 -0.233204 0)
(0.113511 -0.260325 0)
(0.0828144 -0.283 0)
(0.0500823 -0.300156 0)
(0.0158017 -0.311399 0)
(0.262216 -0.0962547 0)
(0.264292 -0.113169 0)
(0.233497 -0.136831 0)
(0.222567 -0.159553 0)
(0.19121 -0.185359 0)
(0.164879 -0.20948 0)
(0.130926 -0.233786 0)
(0.0952464 -0.253251 0)
(0.0579212 -0.266608 0)
(0.0213582 -0.269817 0)
(0.30684 -0.0792526 0)
(0.301733 -0.0924444 0)
(0.267999 -0.11203 0)
(0.251978 -0.129138 0)
(0.213058 -0.149605 0)
(0.182951 -0.168509 0)
(0.140535 -0.188004 0)
(0.0995855 -0.20437 0)
(0.057325 -0.220776 0)
(0.0141175 -0.239273 0)
(0.351248 -0.0677684 0)
(0.340133 -0.0769114 0)
(0.306294 -0.0930814 0)
(0.284298 -0.105709 0)
(0.242432 -0.123429 0)
(0.208527 -0.139057 0)
(0.160471 -0.157077 0)
(0.115917 -0.173396 0)
(0.0686435 -0.189587 0)
(0.033592 -0.186137 0)
(0.389283 -0.0373204 0)
(0.373805 -0.04141 0)
(0.328404 -0.0511296 0)
(0.299435 -0.0571067 0)
(0.246333 -0.0677207 0)
(0.203724 -0.075101 0)
(0.141945 -0.0851896 0)
(0.0860969 -0.0945163 0)
(0.028909 -0.114118 0)
(-0.0354052 -0.164973 0)
(0.639641 -0.0192935 0)
(0.618241 -0.0222976 0)
(0.577223 -0.0268526 0)
(0.543913 -0.0310434 0)
(0.492256 -0.0374014 0)
(0.44481 -0.0440996 0)
(0.378095 -0.0544896 0)
(0.307377 -0.0696043 0)
(0.213639 -0.0988364 0)
(0.152723 -0.156853 0)
(0.127118 -0.137441 6.26175e-21)
(0.148635 -0.123049 -6.16764e-21)
(0.174192 -0.110207 1.01382e-21)
(0.205386 -0.101215 0)
(0.242409 -0.0907269 0)
(0.283618 -0.0827482 1.54857e-21)
(0.327169 -0.0676989 -7.38692e-21)
(0.368881 -0.0584858 7.28854e-21)
(0.415875 -0.0317962 2.0771e-21)
(0.660777 -0.0168618 -2.10373e-21)
(0.134126 -0.130826 -5.81424e-21)
(0.155413 -0.116223 0)
(0.180433 -0.103833 7.24716e-21)
(0.211468 -0.0951067 -1.75294e-20)
(0.248553 -0.0850291 1.18265e-20)
(0.289664 -0.077421 -1.44422e-21)
(0.333212 -0.0631024 3.14548e-21)
(0.374845 -0.0548138 7.09069e-21)
(0.425692 -0.0296278 1.92637e-21)
(0.669031 -0.0158233 1.92641e-21)
(0.140283 -0.123471 6.71681e-21)
(0.161094 -0.109043 -6.79244e-21)
(0.185497 -0.0973091 6.72819e-21)
(0.216176 -0.0889585 -9.32571e-21)
(0.253147 -0.0793847 6.76135e-21)
(0.29429 -0.0722453 0)
(0.337863 -0.0587291 -3.15307e-21)
(0.37997 -0.0514047 -6.60014e-23)
(0.434311 -0.0276769 -3.64655e-21)
(0.676775 -0.0148254 -3.84404e-21)
(0.146386 -0.115582 -1.15747e-21)
(0.167129 -0.101646 0)
(0.191094 -0.0906687 0)
(0.221468 -0.0827565 0)
(0.258132 -0.0737694 7.66536e-21)
(0.299225 -0.0671821 -5.22153e-21)
(0.342657 -0.0545421 -2.05709e-22)
(0.385166 -0.0481735 -3.60565e-21)
(0.442355 -0.0259176 -1.83353e-21)
(0.684224 -0.0139031 -1.87744e-21)
(0.151955 -0.107304 1.18567e-21)
(0.172856 -0.0941456 -3.66951e-21)
(0.196501 -0.0840002 -3.82409e-21)
(0.226758 -0.0765532 3.82171e-21)
(0.263147 -0.0682042 -2.40927e-21)
(0.30423 -0.0622433 0)
(0.347476 -0.0505061 -3.06947e-21)
(0.390371 -0.0450522 6.86171e-21)
(0.449977 -0.0242979 -3.448e-21)
(0.691337 -0.0130616 3.74681e-21)
(0.156783 -0.0986618 -8.64394e-21)
(0.177874 -0.0865649 4.22757e-22)
(0.201216 -0.0773244 -6.11789e-22)
(0.231372 -0.0704036 3.73584e-21)
(0.267634 -0.0627255 0)
(0.308765 -0.057433 0)
(0.351837 -0.046626 0)
(0.395319 -0.0420312 3.27988e-21)
(0.457044 -0.0227817 0)
(0.698015 -0.0122909 0)
(0.160798 -0.0896729 0)
(0.18213 -0.0788907 4.37762e-21)
(0.205202 -0.0706185 -3.03983e-21)
(0.235189 -0.0643055 -4.27388e-21)
(0.27137 -0.0573492 4.2961e-21)
(0.312603 -0.0527416 2.78203e-21)
(0.355551 -0.0429125 -2.62476e-21)
(0.399731 -0.0391244 -1.12925e-20)
(0.463364 -0.0213514 7.99306e-22)
(0.704174 -0.0115938 -2.67849e-21)
(0.163894 -0.080368 0)
(0.185591 -0.0711144 -1.34223e-21)
(0.20848 -0.0638636 -8.10358e-22)
(0.238263 -0.0582385 0)
(0.274362 -0.0520557 1.29694e-21)
(0.315687 -0.0481565 -3.7296e-21)
(0.358644 -0.0393407 4.4411e-21)
(0.403453 -0.0363256 1.70473e-21)
(0.468968 -0.0200037 -1.68081e-21)
(0.709797 -0.0109652 3.58103e-21)
(0.165947 -0.0707784 8.28131e-22)
(0.188188 -0.0632294 1.444e-21)
(0.211009 -0.0570503 -2.50998e-22)
(0.240593 -0.052186 4.76502e-22)
(0.276624 -0.0468172 1.12331e-21)
(0.318028 -0.0436608 1.92663e-21)
(0.36112 -0.0358773 -7.11021e-22)
(0.406487 -0.0336257 -7.84816e-22)
(0.473843 -0.0187362 1.68635e-21)
(0.714859 -0.0103941 8.67897e-22)
(0.166839 -0.0609334 -2.74688e-22)
(0.18985 -0.0552257 2.78187e-22)
(0.212726 -0.0501677 -3.96988e-22)
(0.242132 -0.046133 -4.75875e-22)
(0.278121 -0.0416099 5.89495e-22)
(0.319622 -0.0392334 -1.23161e-21)
(0.362946 -0.0324943 1.08152e-21)
(0.408863 -0.031013 4.12133e-22)
(0.477941 -0.0175351 0)
(0.719335 -0.00986552 -8.69795e-22)
(0.166506 -0.0508644 2.69639e-22)
(0.190548 -0.0470927 -2.73085e-22)
(0.213593 -0.0431997 -3.86835e-22)
(0.242848 -0.0400596 -4.65843e-22)
(0.278816 -0.0364122 -5.83977e-22)
(0.320457 -0.0348508 -3.57604e-23)
(0.364089 -0.029168 3.31639e-22)
(0.410585 -0.0284726 1.13887e-21)
(0.481232 -0.0163816 0)
(0.72324 -0.00936911 -8.4985e-22)
(0.164952 -0.0406192 0)
(0.190288 -0.0388192 -1.38067e-21)
(0.213606 -0.0361249 2.54644e-21)
(0.242738 -0.0339415 4.66621e-22)
(0.278692 -0.0312001 1.08196e-21)
(0.320514 -0.0304874 1.86825e-21)
(0.364521 -0.0258747 -6.97901e-22)
(0.41163 -0.0259879 -7.68362e-22)
(0.483676 -0.0152589 1.61843e-21)
(0.72656 -0.00889501 8.47863e-22)
(0.16221 -0.0302764 0)
(0.189076 -0.0303926 -1.20867e-21)
(0.212768 -0.0289184 -7.70147e-22)
(0.241811 -0.02775 0)
(0.27775 -0.0259449 -3.39734e-21)
(0.319788 -0.0261144 1.08585e-21)
(0.364236 -0.0225891 1.31954e-21)
(0.411992 -0.0235409 4.49453e-21)
(0.485297 -0.014154 -1.61318e-21)
(0.729333 -0.00844127 3.34054e-21)
(0.158329 -0.0199385 0)
(0.186889 -0.0218045 1.21895e-21)
(0.211074 -0.0215584 0)
(0.240072 -0.0214572 3.99707e-21)
(0.275995 -0.0206171 -4.01757e-21)
(0.31827 -0.0217021 -2.613e-21)
(0.363219 -0.0192844 -1.37122e-22)
(0.411643 -0.0211123 -4.50429e-21)
(0.486044 -0.0130532 -7.46538e-22)
(0.731516 -0.00799724 -4.13285e-21)
(0.153405 -0.00973183 7.12673e-21)
(0.183714 -0.013054 -2.66416e-21)
(0.208529 -0.014031 6.3877e-22)
(0.237537 -0.0150374 -3.38391e-21)
(0.273446 -0.0151881 0)
(0.315984 -0.0172227 -2.61828e-21)
(0.361505 -0.0159377 -2.60595e-22)
(0.410633 -0.0186882 5.90935e-21)
(0.486054 -0.0119491 8.09013e-22)
(0.733197 -0.00756693 -8.0852e-22)
(0.147608 0.000185254 -1.22366e-21)
(0.179566 -0.00415159 5.3991e-21)
(0.205156 -0.00633152 3.39648e-21)
(0.234221 -0.0084687 -3.39413e-21)
(0.2701 -0.00963103 -2.17867e-21)
(0.312899 -0.0126464 0)
(0.359025 -0.0125174 -5.67122e-21)
(0.408869 -0.0162448 2.82579e-21)
(0.485123 -0.0108221 3.09174e-21)
(0.734255 -0.00712939 3.28053e-21)
(0.14117 0.00961409 -8.67553e-22)
(0.174497 0.00487777 0)
(0.201027 0.00153534 0)
(0.23021 -0.00173478 0)
(0.266074 -0.0039284 -2.5227e-21)
(0.309184 -0.00796047 4.69328e-21)
(0.355991 -0.00902171 5.68105e-21)
(0.406599 -0.0137917 -8.94233e-21)
(0.483764 -0.00967431 1.60896e-21)
(0.734901 -0.00669892 -4.83685e-21)
(0.134414 0.0183157 -1.2175e-21)
(0.168555 0.0139822 5.58359e-21)
(0.196092 0.00955803 -5.53047e-21)
(0.22538 0.00519056 8.26479e-21)
(0.261147 0.0019639 -1.04128e-20)
(0.304481 -0.00309958 0)
(0.351937 -0.00536757 -2.81881e-21)
(0.403327 -0.011264 -3.45167e-23)
(0.481069 -0.00846417 -3.17371e-21)
(0.734822 -0.00623217 -3.26593e-21)
(0.127644 0.0261077 -8.84693e-22)
(0.162278 0.0230996 0)
(0.190997 0.0176405 -7.84068e-21)
(0.220522 0.0121987 1.5354e-20)
(0.256324 0.00792556 -6.0404e-21)
(0.300016 0.00179997 -1.28587e-21)
(0.348152 -0.00170664 2.81267e-21)
(0.400268 -0.00879391 -9.22489e-23)
(0.479034 -0.00722029 4.60969e-21)
(0.73453 -0.00576322 4.80089e-21)
(0.118376 0.0338329 -4.21161e-21)
(0.152866 0.0332985 4.11712e-21)
(0.182869 0.0267276 7.95841e-22)
(0.212781 0.0200586 0)
(0.24853 0.0145914 0)
(0.292544 0.00729737 1.26669e-21)
(0.341617 0.00246443 5.83975e-21)
(0.39481 -0.00603404 -5.69992e-21)
(0.473752 -0.0058565 -1.55386e-21)
(0.733289 -0.00521908 1.47779e-21)
(0.120351 0.054407 0)
(0.152082 0.056055 0)
(0.181633 0.0458636 0)
(0.210994 0.0370759 0)
(0.245903 0.0289742 0)
(0.288972 0.0190657 0)
(0.336983 0.0112128 0)
(0.389864 -0.000397013 0)
(0.471584 -0.00236834 0)
(0.730738 -0.00387832 0)
(0.115908 0.0874974 0)
(0.14546 0.0939583 0)
(0.173758 0.0778678 0)
(0.20258 0.0666613 0)
(0.237623 0.0542568 0)
(0.280201 0.039915 0)
(0.32811 0.026746 0)
(0.383712 0.00996133 0)
(0.47484 0.00352529 0)
(0.739062 -0.00140507 0)
(0.107182 0.12602 0)
(0.133738 0.134073 0)
(0.159012 0.11154 0)
(0.186523 0.0990077 0)
(0.220784 0.0820348 0)
(0.261415 0.0631124 0)
(0.30739 0.0441383 0)
(0.362977 0.0218985 0)
(0.458205 0.00966182 0)
(0.725194 2.37417e-05 0)
(0.0989266 0.169624 0)
(0.120793 0.177238 0)
(0.143487 0.148246 0)
(0.170364 0.135799 0)
(0.203858 0.113239 0)
(0.242598 0.0894474 0)
(0.288251 0.0639785 0)
(0.347816 0.035876 0)
(0.454966 0.0166472 0)
(0.729187 0.00234499 0)
(0.0858754 0.219707 0)
(0.102351 0.225045 0)
(0.122811 0.19119 0)
(0.147184 0.179146 0)
(0.176455 0.149168 0)
(0.210301 0.12079 0)
(0.2525 0.0883667 0)
(0.311216 0.0536297 0)
(0.42199 0.0265184 0)
(0.699657 0.00433549 0)
(0.07535 0.276363 0)
(0.0867225 0.279296 0)
(0.106358 0.241239 0)
(0.126301 0.228337 0)
(0.152017 0.189735 0)
(0.182723 0.158948 0)
(0.224395 0.119377 0)
(0.287236 0.0783355 0)
(0.409888 0.0416306 0)
(0.695008 0.00950333 0)
(0.0518218 0.342247 0)
(0.0589247 0.34081 0)
(0.074161 0.300531 0)
(0.0875204 0.286073 0)
(0.108038 0.241837 0)
(0.132457 0.211928 0)
(0.168812 0.165345 0)
(0.227469 0.119889 0)
(0.348591 0.0721065 0)
(0.633435 0.0174159 0)
(0.0443821 0.422314 0)
(0.0489636 0.419447 0)
(0.0616562 0.377355 0)
(0.071097 0.362351 0)
(0.0887633 0.315199 0)
(0.108692 0.287601 0)
(0.143745 0.235665 0)
(0.203041 0.191594 0)
(0.325778 0.128954 0)
(0.59996 0.0373478 0)
(0.00485337 0.56145 0)
(0.00464346 0.55832 0)
(0.00900591 0.522621 0)
(0.0113651 0.510521 0)
(0.0195976 0.470237 0)
(0.0306497 0.447723 0)
(0.0560434 0.397976 0)
(0.103121 0.353959 0)
(0.203773 0.260267 0)
(0.442296 0.0759069 0)
(0.0137944 0.760793 0)
(0.0175891 0.756345 0)
(0.0223855 0.738983 0)
(0.0289819 0.729461 0)
(0.038219 0.704796 0)
(0.051736 0.683578 0)
(0.0728268 0.639899 0)
(0.107142 0.580948 0)
(0.169922 0.4444 0)
(0.313191 0.150581 0)
(0.0935497 0.0659109 4.1334e-21)
(0.0987061 0.107888 -4.08428e-21)
(0.0928161 0.149652 6.96803e-22)
(0.085548 0.19487 0)
(0.0739138 0.246174 0)
(0.0644084 0.301944 1.14416e-21)
(0.0439974 0.367641 -5.49069e-21)
(0.0374844 0.447607 5.44669e-21)
(0.00333882 0.582658 1.53205e-21)
(0.0125499 0.769769 -1.54518e-21)
(0.0831938 0.0697437 -3.98348e-21)
(0.0913506 0.114494 0)
(0.0870351 0.156897 5.06536e-21)
(0.0804019 0.202487 -1.237e-20)
(0.0693399 0.254161 8.42315e-21)
(0.0602582 0.3102 -1.06413e-21)
(0.0409698 0.376165 2.25594e-21)
(0.034772 0.456763 5.11337e-21)
(0.00275592 0.59067 1.32774e-21)
(0.0120205 0.772181 1.35508e-21)
(0.0736082 0.072206 4.676e-21)
(0.083952 0.119767 -4.5699e-21)
(0.0812779 0.163095 4.52579e-21)
(0.0753905 0.208986 -6.55012e-21)
(0.0649688 0.260779 4.72458e-21)
(0.0563839 0.317222 0)
(0.0381762 0.383418 -2.2614e-21)
(0.0323152 0.464963 -9.36053e-23)
(0.00211697 0.597909 -2.5885e-21)
(0.0113601 0.77387 -2.72366e-21)
(0.0647838 0.073848 -7.87902e-22)
(0.0767742 0.124395 0)
(0.0756725 0.169246 0)
(0.0705593 0.215604 0)
(0.0608027 0.26759 5.33324e-21)
(0.0527576 0.324347 -3.65324e-21)
(0.0355991 0.390654 -1.75122e-22)
(0.0301016 0.472943 -2.52863e-21)
(0.00147329 0.604839 -1.26951e-21)
(0.0106081 0.77596 -1.29498e-21)
(0.0567237 0.0746206 5.03289e-22)
(0.0699885 0.128052 -2.52869e-21)
(0.0703291 0.174779 -2.57144e-21)
(0.065995 0.221847 2.56962e-21)
(0.0569094 0.274207 -1.65583e-21)
(0.0494 0.331354 0)
(0.0332252 0.397813 -2.11235e-21)
(0.0281043 0.480644 4.69172e-21)
(0.0009118 0.611457 -2.32864e-21)
(0.00984442 0.778433 2.59488e-21)
(0.0494009 0.0744645 -6.37845e-21)
(0.0636449 0.130561 4.26758e-22)
(0.0653027 0.179296 -4.05588e-22)
(0.0617415 0.227395 2.47757e-21)
(0.0533273 0.280095 0)
(0.0463463 0.337768 0)
(0.0310638 0.404475 0)
(0.0263175 0.487765 2.15772e-21)
(0.00048414 0.617548 0)
(0.00911954 0.780869 0)
(0.042809 0.0733482 0)
(0.0577577 0.131889 2.91231e-21)
(0.0606327 0.182744 -2.01051e-21)
(0.0578003 0.232071 -2.78433e-21)
(0.0500442 0.285129 2.7987e-21)
(0.0436144 0.343392 1.80046e-21)
(0.0291173 0.410378 -1.65859e-21)
(0.0247377 0.494132 -7.29336e-21)
(0.00019261 0.622974 5.12757e-22)
(0.00844803 0.782973 -1.68505e-21)
(0.0369667 0.0712536 0)
(0.0523399 0.132003 -9.04346e-22)
(0.0563214 0.185128 -5.20947e-22)
(0.0541857 0.235771 0)
(0.0470562 0.28939 8.33472e-22)
(0.0411696 0.348244 -2.35395e-21)
(0.0273765 0.415418 2.7953e-21)
(0.0233556 0.499692 1.11093e-21)
(9.5526e-06 0.627625 -9.94797e-22)
(0.00781768 0.78462 2.25702e-21)
(0.0319162 0.0681924 7.55765e-22)
(0.0474003 0.130855 9.51021e-22)
(0.052369 0.186412 -1.87216e-22)
(0.0509068 0.238478 2.94041e-22)
(0.044375 0.292834 7.02289e-22)
(0.0389721 0.352288 1.1904e-21)
(0.0258279 0.419622 -4.20487e-22)
(0.0221517 0.504542 -4.68811e-22)
(-0.000103445 0.631562 9.98083e-22)
(0.00722529 0.78591 5.1104e-22)
(0.0277337 0.0642256 -2.06358e-22)
(0.0429442 0.128408 2.08712e-22)
(0.0487783 0.186543 -2.52231e-22)
(0.0479612 0.240178 -2.93654e-22)
(0.0419878 0.295393 3.50799e-22)
(0.0370076 0.355452 -7.38502e-22)
(0.0244796 0.423083 6.36689e-22)
(0.0210983 0.508617 2.51368e-22)
(-0.000177862 0.634667 0)
(0.00666794 0.786867 -5.12164e-22)
(0.011798 -0.00827643 0)
(0.0296884 -0.017421 0)
(0.0439313 -0.020769 -1.63105e-20)
(0.0540381 -0.0211907 0)
(0.0608797 -0.0196112 7.19214e-21)
(0.0652095 -0.0166862 -6.66507e-21)
(0.0676684 -0.0128663 0)
(0.0687921 -0.0084437 0)
(0.0691284 -0.00350389 -1.08177e-20)
(0.0691866 0.00179783 2.05389e-20)
(0.0142212 -0.00854039 0)
(0.0343818 -0.017327 -1.31482e-20)
(0.0496081 -0.020277 -4.28722e-21)
(0.0599646 -0.0205064 -1.5496e-20)
(0.0666215 -0.0189576 -7.22407e-21)
(0.0705395 -0.0162599 -2.00503e-20)
(0.0724947 -0.0128262 0)
(0.073108 -0.00891837 0)
(0.0729539 -0.00461863 0)
(0.0724891 -8.47723e-05 -3.05393e-22)
(0.0167466 -0.0085677 0)
(0.0389688 -0.0168424 -4.86647e-21)
(0.0548258 -0.0194832 8.02347e-21)
(0.0650906 -0.0196955 1.16285e-20)
(0.071273 -0.0183967 -1.14221e-22)
(0.0745562 -0.016158 -2.97179e-23)
(0.0758506 -0.0133335 1.23294e-20)
(0.0758495 -0.0101364 -1.13266e-20)
(0.0751443 -0.00660449 2.08158e-20)
(0.0741623 -0.00283287 -1.95926e-20)
(0.0192551 -0.00830605 -2.2704e-21)
(0.0432218 -0.0159352 1.33636e-20)
(0.059329 -0.018411 2.10777e-20)
(0.0691786 -0.0188276 -2.38918e-20)
(0.0746445 -0.0180275 1.45761e-20)
(0.0771337 -0.0164931 1.34844e-20)
(0.0776795 -0.0145027 -6.12693e-21)
(0.0770324 -0.0122102 2.25005e-20)
(0.075786 -0.00960272 -3.43481e-22)
(0.0743527 -0.00672821 -9.80471e-21)
(0.0216083 -0.00772909 -2.41131e-21)
(0.0469045 -0.0146177 2.29098e-21)
(0.0628853 -0.0171212 0)
(0.0720463 -0.0179908 2.00033e-20)
(0.0766286 -0.0179422 -3.7156e-21)
(0.0782473 -0.0173409 -1.08784e-22)
(0.078037 -0.0163795 -6.23841e-21)
(0.0767848 -0.0151515 -1.67475e-20)
(0.0750694 -0.0136053 9.39495e-23)
(0.0732831 -0.0117678 1.40799e-20)
(0.0236557 -0.00684123 0)
(0.0497903 -0.0129493 -1.47313e-20)
(0.0653033 -0.0157089 4.47824e-21)
(0.0735783 -0.0172855 -1.24837e-20)
(0.0771996 -0.0182198 3.79425e-21)
(0.0779578 -0.0187407 3.89619e-23)
(0.0770572 -0.0189531 3.80696e-23)
(0.0752966 -0.0188984 1.11943e-20)
(0.0732204 -0.0185062 -1.52856e-20)
(0.0711891 -0.0177995 1.4162e-20)
(0.025248 -0.00568138 1.30725e-21)
(0.051682 -0.0110348 9.87473e-21)
(0.066448 -0.0142966 0)
(0.07373 -0.0168164 1.25882e-20)
(0.0764034 -0.0189228 -1.17109e-20)
(0.0763867 -0.0206994 -3.4418e-21)
(0.0749187 -0.0221718 9.46634e-21)
(0.072779 -0.0233405 0)
(0.0704633 -0.0241357 0)
(0.0682822 -0.0246036 0)
(0.0262485 -0.00432242 -1.38307e-21)
(0.0524284 -0.00901739 -4.05844e-21)
(0.066248 -0.0130246 4.91494e-21)
(0.0725228 -0.0166852 6.62515e-21)
(0.0743423 -0.0200963 5.81634e-21)
(0.0736941 -0.0232019 3.61576e-21)
(0.0718127 -0.0259599 0)
(0.0694351 -0.0283469 5.66867e-21)
(0.0669988 -0.0303116 -2.68514e-21)
(0.0647615 -0.0319436 0)
(0.026543 -0.00286758 0)
(0.0519367 -0.00706921 8.18157e-21)
(0.0646974 -0.012041 -4.91405e-21)
(0.070035 -0.0169865 -4.45665e-21)
(0.0711564 -0.0217719 6.41314e-23)
(0.0700565 -0.0262166 -1.75411e-21)
(0.0679273 -0.0302312 1.66285e-21)
(0.065448 -0.0337886 0)
(0.0629939 -0.0368724 -2.62394e-21)
(0.0607754 -0.0395996 -2.37549e-21)
(0.0260692 -0.00144624 1.94637e-22)
(0.0501855 -0.0053798 -3.16552e-21)
(0.0618562 -0.0114922 -3.15723e-22)
(0.0663916 -0.0178039 1.57865e-23)
(0.06701 -0.0239687 -1.53751e-21)
(0.0656526 -0.029707 0)
(0.0634399 -0.0349037 -1.66247e-21)
(0.0609829 -0.0395456 0)
(0.0585967 -0.043657 0)
(0.056445 -0.0473679 0)
(0.0248639 -0.00019484 -4.11727e-22)
(0.0472456 -0.00413292 0)
(0.0578491 -0.0115113 0)
(0.0617559 -0.0192052 -1.87733e-21)
(0.0620815 -0.0266962 5.13912e-22)
(0.060658 -0.0336359 -3.84018e-23)
(0.0585139 -0.0399057 -8.83564e-22)
(0.0561888 -0.0455176 0)
(0.0539448 -0.0505354 0)
(0.0519032 -0.0550929 0)
(0.0229577 0.000767133 0)
(0.0432199 -0.00347761 -1.54882e-21)
(0.0528276 -0.0122055 1.42843e-21)
(0.0562996 -0.021245 2.47563e-21)
(0.0565415 -0.0299623 0)
(0.0552304 -0.0379772 1.95465e-21)
(0.0532903 -0.0451867 -1.81775e-21)
(0.0511937 -0.0516365 0)
(0.0491596 -0.0574239 2.77375e-21)
(0.047275 -0.0626801 -2.68999e-21)
(0.0203668 0.00131612 0)
(0.0382251 -0.00356254 1.32705e-20)
(0.04696 -0.013672 0)
(0.0502058 -0.0239672 1.05474e-20)
(0.0505651 -0.0337704 0)
(0.0495261 -0.0427072 -8.31129e-21)
(0.047906 -0.0507075 0)
(0.0461198 -0.0578544 6.371e-21)
(0.0443553 -0.0642711 -5.96693e-21)
(0.0426728 -0.0700806 -5.47157e-21)
(0.0171873 0.00133945 -3.67959e-21)
(0.0324464 -0.00451482 -6.4519e-21)
(0.040452 -0.0159868 -3.06408e-21)
(0.0436706 -0.0274021 -5.30536e-21)
(0.0443244 -0.038119 -4.84272e-21)
(0.0436907 -0.0478064 4.19344e-21)
(0.0424837 -0.0564402 3.82953e-21)
(0.0410741 -0.0641417 2.22329e-22)
(0.0396295 -0.0710522 6.11698e-21)
(0.0381901 -0.0772788 5.47681e-21)
(0.0135587 0.000750311 -3.93504e-21)
(0.0261072 -0.00642537 -6.82776e-21)
(0.0335282 -0.0191987 -1.22614e-20)
(0.0368945 -0.0315646 5.5918e-21)
(0.0379877 -0.0430014 0)
(0.0378616 -0.0532571 0)
(0.0371363 -0.062364 -7.48671e-21)
(0.0361515 -0.0704808 -6.6618e-21)
(0.0350663 -0.0777587 6.18104e-21)
(0.033904 -0.0842807 -5.38546e-21)
(0.00964389 -0.000506626 3.89191e-21)
(0.0194524 -0.00934492 3.27316e-21)
(0.0264225 -0.0233278 -1.93371e-20)
(0.0300782 -0.0364529 2.79201e-20)
(0.0317196 -0.0484036 -5.04683e-21)
(0.0321715 -0.0590403 0)
(0.0319696 -0.0684597 0)
(0.031437 -0.0768572 3.45672e-20)
(0.0307344 -0.0843876 -3.11962e-20)
(0.029872 -0.0910997 -1.70783e-20)
(0.00561964 -0.00245153 3.30477e-20)
(0.0127376 -0.0132818 0)
(0.0193707 -0.0283649 2.54027e-20)
(0.0234205 -0.0420492 -2.24582e-20)
(0.0256826 -0.0543049 0)
(0.0267519 -0.0651353 8.69229e-21)
(0.0270879 -0.0747074 -2.39832e-20)
(0.0270085 -0.0832531 -2.79047e-20)
(0.0266874 -0.0909299 1.29879e-20)
(0.0261311 -0.0977411 1.17959e-20)
(0.00166717 -0.00506783 -6.62133e-20)
(0.00621774 -0.0182014 -7.10947e-21)
(0.0126036 -0.0342716 -1.28422e-20)
(0.0171151 -0.04832 -2.85519e-20)
(0.0200387 -0.0606799 -9.86963e-21)
(0.0217406 -0.0715234 -8.79405e-21)
(0.0226056 -0.0810906 -1.33408e-22)
(0.0229505 -0.0896503 0)
(0.0229763 -0.0973701 0)
(0.0227107 -0.104199 2.4135e-20)
(-0.0020384 -0.00830311 3.31663e-20)
(0.000136729 -0.0240272 -2.87211e-20)
(0.00633943 -0.0409814 1.94069e-20)
(0.011346 -0.0552185 3.9699e-20)
(0.0149494 -0.0675029 -1.03006e-20)
(0.0172919 -0.0781973 8.7931e-21)
(0.0186793 -0.0876106 7.83224e-21)
(0.0194206 -0.096043 0)
(0.0197519 -0.103688 0)
(0.0197205 -0.110447 -1.22102e-20)
(-0.00533822 -0.0120734 -4.09597e-21)
(-0.0052837 -0.0306436 3.57472e-20)
(0.000774362 -0.0484002 -6.47579e-21)
(0.00627779 -0.0626858 0)
(0.010565 -0.0747578 0)
(0.0135739 -0.0851897 1.79712e-20)
(0.0155418 -0.094352 0)
(0.0167781 -0.102549 -1.42747e-20)
(0.0175328 -0.109981 4.29716e-22)
(0.0177086 -0.116483 1.2586e-20)
(-0.00809904 -0.0162706 0)
(-0.00985481 -0.0379034 0)
(-0.00392783 -0.0564082 -2.46803e-20)
(0.00203891 -0.0706483 0)
(0.00698646 -0.082437 9.80307e-21)
(0.0106793 -0.0926128 -9.08515e-21)
(0.013311 -0.101677 0)
(0.0152002 -0.110054 0)
(0.016553 -0.118151 -1.32202e-20)
(0.0170796 -0.126211 2.57006e-20)
(-0.010203 -0.020753 0)
(-0.0134141 -0.045621 -1.99029e-20)
(-0.00763268 -0.0648494 -5.45635e-21)
(-0.00128216 -0.0789873 -2.15488e-20)
(0.00423963 -0.0904455 -9.73763e-21)
(0.00852999 -0.100352 -2.65642e-20)
(0.0117098 -0.109324 0)
(0.014044 -0.117792 0)
(0.0156654 -0.126044 0)
(0.0163469 -0.133992 3.25451e-23)
(-0.01156 -0.0253419 0)
(-0.015837 -0.0535632 -5.2905e-21)
(-0.0102373 -0.0735239 1.2672e-20)
(-0.00361952 -0.0875325 1.61777e-20)
(0.00234522 -0.0986099 4.48312e-22)
(0.00709745 -0.10817 2.9124e-22)
(0.0106736 -0.116908 1.58418e-20)
(0.0132827 -0.12519 -1.45791e-20)
(0.0150472 -0.133143 2.69181e-20)
(0.0159127 -0.140562 -2.59945e-20)
(-0.0121288 -0.0298576 -3.50578e-21)
(-0.0170528 -0.0614842 1.9278e-20)
(-0.0116757 -0.0822138 2.87714e-20)
(-0.00492401 -0.0960927 -3.03564e-20)
(0.00133654 -0.10674 1.91062e-20)
(0.00641409 -0.115849 1.74086e-20)
(0.0102688 -0.124179 -7.92219e-21)
(0.0130737 -0.132035 2.90513e-20)
(0.0149771 -0.139452 -1.22445e-22)
(0.0160599 -0.146244 -1.30704e-20)
(-0.0119103 -0.0341217 -3.17952e-21)
(-0.0170394 -0.0691313 3.02125e-21)
(-0.0119156 -0.0906903 0)
(-0.0051632 -0.10447 2.50719e-20)
(0.00124611 -0.114659 -4.54912e-21)
(0.00652178 -0.123227 9.22667e-23)
(0.0105606 -0.131012 -7.76757e-21)
(0.0135112 -0.1383 -2.15548e-20)
(0.0155503 -0.145104 2.71606e-24)
(0.0168375 -0.151308 1.95874e-20)
(-0.0109439 -0.0379642 0)
(-0.0158227 -0.0762549 -1.59807e-20)
(-0.0109592 -0.0987239 5.05183e-21)
(-0.00432597 -0.11247 -1.39034e-20)
(0.00209447 -0.122205 4.36383e-21)
(0.00745143 -0.13018 9.61641e-23)
(0.0115907 -0.13734 6.34396e-23)
(0.0146392 -0.143995 1.43058e-20)
(0.0167888 -0.150182 -2.01244e-20)
(0.0182376 -0.15586 1.9611e-20)
(-0.00930597 -0.0412329 1.38283e-21)
(-0.0134757 -0.0826203 1.05024e-20)
(-0.00884531 -0.106093 0)
(-0.00242574 -0.119906 1.36872e-20)
(0.00388512 -0.129232 -1.23886e-20)
(0.00921851 -0.136606 -3.97871e-21)
(0.0133821 -0.143109 1.12279e-20)
(0.016479 -0.149112 0)
(0.0187007 -0.154701 0)
(0.0202571 -0.159896 0)
(-0.00710382 -0.0437995 -1.23311e-21)
(-0.0101157 -0.088017 -3.24401e-21)
(-0.00564863 -0.11259 4.2512e-21)
(0.000497688 -0.126604 6.23431e-21)
(0.00660194 -0.135607 6.24299e-21)
(0.0118215 -0.142414 3.76206e-21)
(0.0159404 -0.148268 0)
(0.0190363 -0.153629 7.01258e-21)
(0.0212882 -0.158641 -3.25956e-21)
(0.0228989 -0.163375 0)
(-0.00447043 -0.045561 0)
(-0.00590116 -0.0922642 6.41489e-21)
(-0.00147919 -0.118028 -4.25014e-21)
(0.00437742 -0.132399 -4.09124e-21)
(0.010208 -0.141204 -8.38762e-23)
(0.0152414 -0.147518 -1.94898e-21)
(0.0192557 -0.152763 1.75855e-21)
(0.0223046 -0.157509 0)
(0.0245475 -0.161966 -3.30775e-21)
(0.0261662 -0.166243 -3.31639e-21)
(-0.00155913 -0.0464701 1.23093e-22)
(-0.00102937 -0.0952308 -2.24513e-21)
(0.00351662 -0.122249 -2.59395e-22)
(0.00911779 -0.137147 -3.06727e-23)
(0.0146444 -0.145907 -1.42863e-21)
(0.0194418 -0.151834 0)
(0.0233041 -0.156535 -1.75798e-21)
(0.0262669 -0.160706 0)
(0.0284686 -0.164629 0)
(0.0300601 -0.168444 0)
(0.00147614 -0.0466353 -2.16862e-22)
(0.00428149 -0.0969197 0)
(0.00916261 -0.125188 0)
(0.0145965 -0.140755 -1.22544e-21)
(0.0198308 -0.149629 4.80825e-22)
(0.0243702 -0.155296 5.42928e-23)
(0.0280493 -0.159538 -8.2419e-22)
(0.0308971 -0.163183 0)
(0.033036 -0.166592 0)
(0.0345813 -0.169934 0)
(0.00452193 -0.0460919 0)
(0.00985583 -0.0972968 -8.06733e-22)
(0.0152869 -0.126752 7.43983e-22)
(0.020678 -0.143114 1.6766e-21)
(0.0256673 -0.152269 0)
(0.0299541 -0.157823 1.72135e-21)
(0.0334394 -0.161709 -1.60078e-21)
(0.0361571 -0.164893 0)
(0.0382261 -0.167816 3.34358e-21)
(0.0397273 -0.170676 -3.22216e-21)
(0.00745551 -0.0448126 0)
(0.0154941 -0.0963402 5.1519e-21)
(0.0217012 -0.126875 0)
(0.0272102 -0.144132 5.83167e-21)
(0.0320419 -0.153749 0)
(0.0361094 -0.159346 -6.30374e-21)
(0.0394111 -0.162998 0)
(0.041997 -0.165797 6.72357e-21)
(0.0439991 -0.168274 -6.29713e-21)
(0.0454795 -0.170657 -6.64872e-21)
(0.0101595 -0.0428621 -1.19555e-21)
(0.020991 -0.0940891 -2.70264e-21)
(0.0282042 -0.125539 -1.21102e-21)
(0.0340132 -0.143761 -2.81472e-21)
(0.0388131 -0.153998 -2.78662e-21)
(0.0427376 -0.159802 3.05085e-21)
(0.0458863 -0.163352 3.02462e-21)
(0.0483519 -0.165864 -2.73916e-22)
(0.0502933 -0.167949 6.2528e-21)
(0.0517897 -0.169874 6.64225e-21)
(0.0125389 -0.0403446 -9.58158e-22)
(0.0261534 -0.0906376 -2.37654e-21)
(0.0345864 -0.122783 -5.01262e-21)
(0.0409068 -0.141984 2.4128e-21)
(0.0458317 -0.152961 0)
(0.0497144 -0.159132 0)
(0.0527674 -0.162725 -6.51291e-21)
(0.0551406 -0.165058 -6.65383e-21)
(0.0570366 -0.166825 6.44709e-21)
(0.0585763 -0.168317 -7.19882e-21)
(0.0145218 -0.0373765 9.23323e-22)
(0.0308104 -0.0861198 1.28547e-21)
(0.0406461 -0.118678 -5.86586e-21)
(0.0476983 -0.138809 1.22715e-20)
(0.0529343 -0.150614 -2.48858e-21)
(0.0569052 -0.157294 0)
(0.0599436 -0.16107 0)
(0.0622679 -0.163342 3.20033e-20)
(0.0641485 -0.164875 -3.21505e-20)
(0.0657613 -0.165985 -2.11303e-20)
(0.0160606 -0.0340799 5.39025e-21)
(0.0348202 -0.0806999 0)
(0.0461957 -0.113338 8.45854e-21)
(0.0541941 -0.134284 -9.57762e-21)
(0.0599461 -0.146958 0)
(0.064163 -0.154258 6.00692e-21)
(0.0672925 -0.158345 -1.73881e-20)
(0.0696248 -0.160675 -2.55665e-20)
(0.0715147 -0.162076 1.22224e-20)
(0.0732446 -0.16288 1.33475e-20)
(0.0171321 -0.0305779 -1.02063e-20)
(0.0380744 -0.0745643 -1.84355e-21)
(0.0510691 -0.106912 -3.55018e-21)
(0.0602076 -0.128497 -1.05577e-20)
(0.0666881 -0.142019 -5.41388e-21)
(0.0713311 -0.150011 -5.72197e-21)
(0.0746807 -0.154514 2.37413e-22)
(0.0770884 -0.15701 0)
(0.0789928 -0.158381 0)
(0.0808537 -0.158968 2.73113e-20)
(0.0177366 -0.0269883 4.81612e-21)
(0.040501 -0.0679128 -6.01336e-21)
(0.0551282 -0.0995805 5.35892e-21)
(0.0655664 -0.12157 1.51295e-20)
(0.0729838 -0.135861 -4.31487e-21)
(0.0782507 -0.144566 6.021e-21)
(0.0819788 -0.149554 6.24921e-21)
(0.0845566 -0.152296 0)
(0.0864578 -0.153735 0)
(0.0883787 -0.154252 -1.32837e-20)
(0.0178958 -0.0234208 -5.3418e-22)
(0.0420664 -0.0609498 7.67637e-21)
(0.0582685 -0.0915497 -1.53268e-21)
(0.0701188 -0.113665 0)
(0.0786656 -0.128585 0)
(0.0847613 -0.137969 1.04358e-20)
(0.089043 -0.143447 0)
(0.0918842 -0.146404 -1.27149e-20)
(0.0936076 -0.14778 -1.29364e-21)
(0.0950805 -0.148062 1.26579e-20)
(0.0176501 -0.0199692 0)
(0.0427732 -0.0538684 0)
(0.0604208 -0.0830333 -6.61127e-21)
(0.0737376 -0.104967 0)
(0.0835811 -0.120328 4.92419e-21)
(0.0907372 -0.130308 -4.56343e-21)
(0.09588 -0.136228 0)
(0.0995301 -0.139273 0)
(0.102122 -0.140443 -1.33871e-20)
(0.105002 -0.140759 2.62975e-20)
(0.0170327 -0.0166966 0)
(0.0426396 -0.046835 -4.14173e-21)
(0.0615419 -0.0742421 -1.40564e-21)
(0.0763171 -0.0956858 -7.52533e-21)
(0.0875788 -0.111281 -3.7835e-21)
(0.0959984 -0.12178 -1.40398e-20)
(0.102251 -0.128222 0)
(0.106987 -0.131672 0)
(0.110781 -0.133312 0)
(0.114676 -0.134404 2.95615e-22)
(0.016079 -0.0136571 0)
(0.0417066 -0.0400164 -1.71457e-21)
(0.0616213 -0.0654002 3.28835e-21)
(0.0777783 -0.086052 5.84469e-21)
(0.0905114 -0.10165 1.9244e-22)
(0.100329 -0.11256 2.60451e-22)
(0.107843 -0.119554 1.02595e-20)
(0.113735 -0.123565 -1.10948e-20)
(0.118634 -0.125769 2.46289e-20)
(0.123318 -0.127271 -2.56223e-20)
(0.0148482 -0.0109045 -5.5309e-22)
(0.0400495 -0.0335634 4.22173e-21)
(0.0606899 -0.0567188 8.06641e-21)
(0.0780837 -0.076293 -1.14857e-20)
(0.0922673 -0.0916385 7.60453e-21)
(0.103545 -0.102788 8.54893e-21)
(0.112411 -0.110253 -5.59587e-21)
(0.119492 -0.114802 2.27883e-20)
(0.125386 -0.117499 1.08095e-21)
(0.130718 -0.119258 -1.18604e-20)
(0.0134049 -0.00847698 -6.98066e-22)
(0.0377653 -0.0275993 6.63215e-22)
(0.0588147 -0.0483877 0)
(0.0772405 -0.0666268 9.42556e-21)
(0.0927842 -0.0814504 -1.87274e-21)
(0.105522 -0.0926222 4.30405e-22)
(0.11579 -0.100413 -4.54183e-21)
(0.124107 -0.105409 -1.65603e-20)
(0.130996 -0.108528 -8.87869e-22)
(0.136965 -0.110517 1.86498e-20)
(0.0118113 -0.00639498 0)
(0.0349632 -0.0222171 -5.05412e-21)
(0.0560919 -0.0405697 1.60408e-21)
(0.0752983 -0.0572578 -5.77713e-21)
(0.0920499 -0.0712953 1.87004e-21)
(0.106189 -0.0822477 -3.13791e-22)
(0.117866 -0.0901779 -2.86305e-22)
(0.127459 -0.0954919 1.07171e-20)
(0.135394 -0.0989429 -1.67949e-20)
(0.142063 -0.101132 1.74407e-20)
(0.0101258 -0.00466452 3.47548e-22)
(0.0317587 -0.0174807 3.31443e-21)
(0.0526407 -0.0333977 0)
(0.0723447 -0.0483703 5.78706e-21)
(0.0900988 -0.0613789 -5.92157e-21)
(0.105521 -0.0718612 -2.33423e-21)
(0.118566 -0.0797152 6.89003e-21)
(0.129448 -0.0851828 0)
(0.138478 -0.088847 0)
(0.145934 -0.0911862 0)
(0.00840156 -0.0032799 -4.24192e-22)
(0.0282685 -0.0134269 -1.44545e-21)
(0.0485964 -0.0269731 1.89429e-21)
(0.0684989 -0.0401234 2.98086e-21)
(0.0870082 -0.0518944 3.09146e-21)
(0.103542 -0.0616627 2.13574e-21)
(0.11786 -0.0692091 0)
(0.130006 -0.0746382 5.17527e-21)
(0.140159 -0.0783716 -2.30724e-21)
(0.148479 -0.0807877 0)
(0.00668481 -0.00222606 0)
(0.0246044 -0.0100681 2.82552e-21)
(0.0441009 -0.0213659 -1.89389e-21)
(0.0639025 -0.0326467 -1.95203e-21)
(0.0828922 -0.0430164 -5.65666e-23)
(0.10032 -0.0518476 -1.13169e-21)
(0.115769 -0.0588534 1.11248e-21)
(0.129108 -0.0640348 0)
(0.140379 -0.0676708 -2.53954e-21)
(0.149614 -0.0700602 -2.80842e-21)
(0.00501997 -0.00148089 5.57131e-23)
(0.0208768 -0.00739553 -1.10816e-21)
(0.039303 -0.0166167 -1.42883e-22)
(0.0587164 -0.0260399 -2.34315e-23)
(0.0778973 -0.0348966 -7.79863e-22)
(0.0959667 -0.0426016 0)
(0.112356 -0.0488455 -1.11217e-21)
(0.126772 -0.0535632 0)
(0.139112 -0.056915 0)
(0.149274 -0.0591388 0)
(0.00346356 -0.00101623 -1.20579e-22)
(0.0172143 -0.00538172 0)
(0.03438 -0.0127376 0)
(0.0531452 -0.0203714 -7.94042e-22)
(0.0722287 -0.0276604 2.97542e-22)
(0.0906636 -0.034095 5.07945e-23)
(0.107761 -0.0393816 -5.21143e-22)
(0.123088 -0.0434251 0)
(0.136399 -0.0462929 0)
(0.147453 -0.0481754 0)
(0.00203721 -0.000798357 0)
(0.0136924 -0.00397704 -5.78924e-22)
(0.0294574 -0.00970062 5.33857e-22)
(0.0473479 -0.0156561 1.06723e-21)
(0.0660599 -0.0213758 0)
(0.0845774 -0.0264468 1.12193e-21)
(0.102128 -0.0306196 -1.0433e-21)
(0.118163 -0.033801 0)
(0.132305 -0.0359905 2.44322e-21)
(0.14418 -0.0373358 -2.33269e-21)
(0.000741874 -0.000794872 0)
(0.0103592 -0.00312756 4.832e-21)
(0.0246339 -0.00746509 0)
(0.0414683 -0.0118895 4.56161e-21)
(0.059566 -0.0160883 0)
(0.0778954 -0.019755 -4.37004e-21)
(0.0956354 -0.0227039 0)
(0.112153 -0.0248684 4.63846e-21)
(0.126954 -0.0262044 -4.34421e-21)
(0.139535 -0.026815 -4.72794e-21)
(-0.000412009 -0.000974737 -1.23891e-21)
(0.00726721 -0.00277463 -2.38684e-21)
(0.0200091 -0.00597566 -1.16933e-21)
(0.0356512 -0.00904265 -2.1865e-21)
(0.0529274 -0.0118118 -2.19385e-21)
(0.070819 -0.0140856 2.09756e-21)
(0.0884882 -0.0157514 2.11316e-21)
(0.105251 -0.0167873 -1.96496e-22)
(0.120513 -0.0171255 4.29011e-21)
(0.133648 -0.0168164 4.72874e-21)
(-0.00141488 -0.00130737 -1.24943e-21)
(0.00446085 -0.00285429 -2.64572e-21)
(0.0156695 -0.00516169 -5.19251e-21)
(0.0300264 -0.00706064 2.3472e-21)
(0.0463132 -0.00852634 0)
(0.0635461 -0.00946619 0)
(0.0808989 -0.0098437 -4.53676e-21)
(0.0976675 -0.00969081 -4.52179e-21)
(0.113182 -0.00893013 4.38105e-21)
(0.126697 -0.00754517 -5.19241e-21)
(-0.00226141 -0.00176291 1.36858e-21)
(0.00197186 -0.00329895 1.4539e-21)
(0.0116824 -0.00494043 -8.00545e-21)
(0.0247011 -0.00586606 1.25696e-20)
(0.0398698 -0.00617897 -2.32428e-21)
(0.0562566 -0.00588504 0)
(0.0730707 -0.00502196 0)
(0.0896193 -0.00367908 2.21332e-20)
(0.105183 -0.00177731 -2.1857e-20)
(0.118905 0.000790368 -1.42619e-20)
(-0.00294948 -0.00231196 1.1354e-20)
(-0.000179201 -0.00403826 0)
(0.00809613 -0.00521935 1.05523e-20)
(0.0197573 -0.00536168 -1.00538e-20)
(0.0337151 -0.00468536 0)
(0.0491004 -0.00328814 4.72292e-21)
(0.0651779 -0.00127944 -1.34006e-20)
(0.0812974 0.00119158 -1.77306e-20)
(0.0967274 0.00419952 8.41501e-21)
(0.110507 0.00797897 8.85826e-21)
(-0.00347919 -0.00292516 -2.32353e-20)
(-0.0019814 -0.005 -2.9659e-21)
(0.00494199 -0.00589849 -5.74564e-21)
(0.015253 -0.00543334 -1.32723e-20)
(0.0279351 -0.00393082 -5.03954e-21)
(0.0421877 -0.00157544 -4.88801e-21)
(0.0573444 0.00145118 -1.25896e-22)
(0.0728307 0.00493128 0)
(0.0879588 0.00891629 0)
(0.101707 0.0138232 1.76842e-20)
(-0.0038525 -0.00357305 1.18816e-20)
(-0.00343212 -0.00611132 -1.23225e-20)
(0.00223655 -0.00687362 8.39351e-21)
(0.0112252 -0.00595378 1.88257e-20)
(0.0225888 -0.00377158 -5.05394e-21)
(0.0355889 -0.000593685 4.67976e-21)
(0.0496244 0.00332043 4.59051e-21)
(0.0642093 0.00765771 0)
(0.078766 0.0123717 0)
(0.092352 0.018113 -8.54742e-21)
(-0.00407367 -0.00422652 -1.58196e-21)
(-0.00453593 -0.00730109 1.54958e-20)
(-1.47078e-05 -0.0080412 -2.92427e-21)
(0.00769849 -0.00678981 0)
(0.0177246 -0.00403908 0)
(0.0293677 -0.000120591 9.76812e-21)
(0.042049 0.00463943 0)
(0.0552913 0.009816 -9.109e-21)
(0.0685714 0.01507 -2.0547e-22)
(0.0811886 0.0210165 8.36512e-21)
(-0.00414947 -0.00485816 0)
(-0.00530408 -0.0085039 0)
(-0.00181532 -0.00930707 -1.2371e-20)
(0.00469135 -0.00782011 0)
(0.0134026 -0.00457283 5.41721e-21)
(0.0236534 9.14657e-05 -5.02021e-21)
(0.0348439 0.0058902 0)
(0.0463929 0.0125679 0)
(0.057777 0.0199873 -9.29641e-21)
(0.0687619 0.0290111 1.81592e-20)
(-0.00408662 -0.00543932 0)
(-0.00575225 -0.00966152 -1.01718e-20)
(-0.00317558 -0.0105937 -3.45606e-21)
(0.00221724 -0.00895665 -1.19311e-20)
(0.00969381 -0.00528973 -5.62443e-21)
(0.018649 8.14571e-05 -1.56621e-20)
(0.0285381 0.00693184 0)
(0.0388734 0.0151261 0)
(0.0494067 0.0246024 0)
(0.0601693 0.035638 2.25076e-22)
(-0.00389557 -0.00594037 0)
(-0.00590384 -0.0107217 -3.85039e-21)
(-0.00411524 -0.01184 6.10401e-21)
(0.000271844 -0.0101424 8.93607e-21)
(0.00662024 -0.00616294 -2.9094e-22)
(0.0144053 -0.000209052 -2.6861e-22)
(0.0231675 0.00751484 1.01842e-20)
(0.0325261 0.0168716 -9.70746e-21)
(0.0423264 0.0277131 1.88842e-20)
(0.0524569 0.039875 -1.86028e-20)
(-0.00359414 -0.00633994 -1.82384e-21)
(-0.00578949 -0.0116453 1.03711e-20)
(-0.00466264 -0.0130025 1.63539e-20)
(-0.00116683 -0.011341 -1.88057e-20)
(0.0041622 -0.00718187 1.13973e-20)
(0.0108835 -0.000821704 1.07047e-20)
(0.018616 0.00752787 -5.0701e-21)
(0.027049 0.0176744 1.96626e-20)
(0.0360292 0.0293483 4.68381e-22)
(0.0453219 0.0421507 -9.23554e-21)
(-0.00320374 -0.00662419 -1.89154e-21)
(-0.00544314 -0.012407 1.79721e-21)
(-0.00484931 -0.0140536 0)
(-0.00212588 -0.0125291 1.5762e-20)
(0.00229186 -0.00833604 -2.95781e-21)
(0.00804362 -0.00176375 -3.00377e-23)
(0.0148163 0.00696148 -5.24586e-21)
(0.0223468 0.0175934 -1.52456e-20)
(0.0304637 0.029776 -2.66767e-23)
(0.0388724 0.0429964 1.44559e-20)
(-0.00274625 -0.00678492 0)
(-0.00489942 -0.0129972 -1.12253e-20)
(-0.00470447 -0.0149792 3.44395e-21)
(-0.00262781 -0.0136918 -9.85871e-21)
(0.000988836 -0.00961197 3.02903e-21)
(0.00586058 -0.00302066 -1.12297e-22)
(0.0117346 0.00584587 -1.07195e-22)
(0.0183847 0.0167079 1.02754e-20)
(0.0256231 0.0291661 -1.48154e-20)
(0.0331416 0.0426652 1.45444e-20)
(-0.00224554 -0.00682267 9.87606e-22)
(-0.00418992 -0.0134194 7.49042e-21)
(-0.00424847 -0.0157774 0)
(-0.00268368 -0.0148197 9.93275e-21)
(0.000248152 -0.0109912 -9.41515e-21)
(0.00433019 -0.00456147 -2.96259e-21)
(0.00936455 0.00423318 8.2402e-21)
(0.0151593 0.0151026 0)
(0.0215222 0.0276399 0)
(0.0281603 0.0412926 0)
(-0.00172302 -0.00674951 -1.01111e-21)
(-0.00333709 -0.0136883 -2.92802e-21)
(-0.00349049 -0.0164558 3.64529e-21)
(-0.0022888 -0.0159052 5.13776e-21)
(8.58501e-05 -0.0124478 4.73466e-21)
(0.00347562 -0.00633885 3.04181e-21)
(0.0077343 0.00219569 0)
(0.0127064 0.0128758 5.43019e-21)
(0.0182111 0.0253138 -2.49501e-21)
(0.0239855 0.0389896 0)
(-0.00119438 -0.00658473 0)
(-0.00235352 -0.0138316 5.86169e-21)
(-0.0024258 -0.0170306 -3.64451e-21)
(-0.00141997 -0.0169409 -3.42491e-21)
(0.000540978 -0.0139471 1.99595e-25)
(0.00334921 -0.00828858 -1.51835e-21)
(0.00690751 -0.000173763 1.46876e-21)
(0.0111009 0.0101433 0)
(0.015775 0.0223136 -2.59043e-21)
(0.0207019 0.0358714 -2.57066e-21)
(-0.000668594 -0.00635886 1.29679e-22)
(-0.0012396 -0.0138895 -2.22369e-21)
(-0.00103379 -0.0175224 -2.40168e-22)
(-3.67098e-05 -0.0179183 -9.38325e-24)
(0.00167241 -0.0154443 -1.23292e-21)
(0.00402873 -0.0103277 0)
(0.00697904 -0.00275789 -1.46834e-21)
(0.0104522 0.00704652 0)
(0.0143335 0.0187905 0)
(0.0184278 0.0320799 0)
)
;

boundaryField
{
    inlet
    {
        type            uniformFixedValue;
        uniformValue    constant (1 0 0);
        value           uniform (1 0 0);
    }
    outlet
    {
        type            pressureInletOutletVelocity;
        value           nonuniform List<vector> 
40
(
(0.0164262 0.0314761 0)
(0.0244522 0.104474 0)
(0.0267498 0.17128 0)
(0.0240563 0.235043 0)
(0.0203896 0.305419 0)
(0.0170579 0.383217 0)
(0.0121466 0.467859 0)
(0.00824028 0.566101 0)
(0.00147801 0.683535 0)
(0.000593025 0.791733 0)
(0 -0.00837161 0)
(0 -0.0242356 0)
(0 -0.0390191 0)
(0 -0.0526482 0)
(0 -0.0650975 0)
(0 -0.0763849 0)
(0 -0.0865628 0)
(0 -0.0957065 0)
(0 -0.103902 0)
(0 -0.111241 0)
(0 -0.11781 0)
(0 -0.123694 0)
(0 -0.128974 0)
(0 -0.133729 0)
(0 -0.138038 0)
(0 -0.141978 0)
(0 -0.145629 0)
(0 -0.149072 0)
(0 -0.152388 0)
(0 -0.155659 0)
(0 -0.163504 0)
(0 -0.180561 0)
(0 -0.205261 0)
(0 -0.24003 0)
(0 -0.285362 0)
(0 -0.338091 0)
(0 -0.391068 0)
(0 -0.435721 0)
(0 -0.466435 0)
(0 -0.481697 0)
)
;
    }
    cylinder
    {
        type            fixedValue;
        value           uniform (0 0 0);
    }
    top
    {
        type            symmetryPlane;
    }
    bottom
    {
        type            symmetryPlane;
    }
    defaultFaces
    {
        type            empty;
    }
}


// ************************************************************************* //
