/*--------------------------------*- C++ -*----------------------------------*\
  =========                 |
  \\      /  F ield         | OpenFOAM: The Open Source CFD Toolbox
   \\    /   O peration     | Website:  https://openfoam.org
    \\  /    A nd           | Version:  7
     \\/     M anipulation  |
\*---------------------------------------------------------------------------*/
FoamFile
{
    version     2.0;
    format      ascii;
    class       surfaceScalarField;
    location    "3.2";
    object      phi;
}
// * * * * * * * * * * * * * * * * * * * * * * * * * * * * * * * * * * * * * //

dimensions      [0 3 -1 0 0 0 0];

internalField   nonuniform List<scalar> 
3880
(
0.000143549
0.00300515
-0.0031487
0.000596296
0.00673315
-0.0071859
0.00133546
0.00931237
-0.0100515
0.00232943
0.0111883
-0.0121823
0.00354173
0.012612
-0.0138243
0.00493201
0.0137332
-0.0151235
0.00645616
0.0146475
-0.0161716
0.00806615
0.0154206
-0.0170306
0.0097096
0.0160997
-0.0177431
0.0167168
0.011329
-0.0183362
0.000154052
0.0028511
0.000645353
0.00624185
0.00145048
0.00850724
0.00253752
0.0101012
0.00387057
0.011279
0.00541031
0.0121935
0.00711327
0.0129445
0.00893063
0.0136032
0.0108064
0.014224
0.0148483
0.0126748
0.000169256
0.00268185
0.000708734
0.00570237
0.00159153
0.00762444
0.00278371
0.00890905
0.00424901
0.0098137
0.00594903
0.0104934
0.00784186
0.0110517
0.00987957
0.0115655
0.0120046
0.012099
0.0127084
0.0141445
0.000190715
0.00249113
0.000790667
0.00510242
0.00176614
0.00664897
0.00307889
0.0075963
0.00469074
0.00820185
0.00656352
0.00862067
0.0086572
0.00895799
0.0109266
0.00929614
0.0133154
0.00971011
0.0102765
0.0157473
0.00021995
0.00227118
0.000895174
0.0044272
0.00198148
0.00556266
0.00343367
0.00614411
0.00520943
0.00642609
0.00726911
0.00656099
0.00957399
0.00665311
0.0120828
0.0067873
0.0147446
0.00704834
0.00753742
0.0174837
0.00025828
0.0020129
0.00102565
0.00365983
0.00224363
0.00434469
0.00385721
0.00453053
0.00581723
0.00446607
0.00807981
0.0042984
0.0106054
0.00412749
0.0133567
0.004036
0.0162917
0.00411341
0.00448622
0.0193429
0.000306644
0.00170626
0.00118422
0.00278225
0.00255623
0.00297268
0.00435523
0.00273153
0.0065224
0.0022989
0.00900614
0.00181467
0.0117621
0.00137152
0.014754
0.00104414
0.0179507
0.000916702
0.00113347
0.0213034
0.000365354
0.0013409
0.001371
0.00177661
0.00291908
0.00142459
0.00492769
0.000722919
0.00732623
-9.9631e-05
0.0100521
-0.000911163
0.0130506
-0.001627
0.0162791
-0.00218437
0.0197143
-0.00251853
-0.00249661
0.0233444
0.000433902
0.000907002
0.00158345
0.000627061
0.00332659
-0.000318547
0.00556593
-0.00151642
0.00821896
-0.00275266
0.0112114
-0.00390365
0.0144749
-0.00489043
0.0179482
-0.00565772
0.0215958
-0.00616605
-0.0063817
0.0254808
0.000510803
0.000396199
0.00181586
-0.000677993
0.00376631
-0.002269
0.00624928
-0.00399938
0.00917304
-0.00567642
0.0124585
-0.00718912
0.0160345
-0.00846646
0.0198306
-0.00945376
0.0237623
-0.0100978
0.0277898
-0.0104092
0.0131325
0.0662621
-0.0680656
0.0139268
0.0716797
-0.072474
0.0135927
0.07721
-0.0768759
0.0124623
0.0825225
-0.0813921
0.0108218
0.0875637
-0.0859232
0.00885769
0.0921523
-0.0901881
0.00673826
0.0961508
-0.0940314
0.00452859
0.0998564
-0.0976467
0.00227551
0.103219
-0.100966
0.106097
-0.103821
0.0147674
0.0641695
0.0157568
0.0706903
0.0154898
0.077477
0.0143005
0.0837119
0.0124966
0.0893676
0.0102874
0.0943614
0.00786067
0.0985776
0.00530024
0.102417
0.00266685
0.105853
0.108764
0.0164736
0.0618403
0.017624
0.0695399
0.0174181
0.077683
0.0161719
0.084958
0.0142087
0.0913308
0.0117551
0.0968151
0.00901829
0.101314
0.00609883
0.105336
0.00307376
0.108878
0.111837
0.0182503
0.0593373
0.0195168
0.0682734
0.0193617
0.0778381
0.0180614
0.0862584
0.0159456
0.0934466
0.0132515
0.0995091
0.0102057
0.10436
0.00692189
0.10862
0.00349554
0.112304
0.115333
0.0200914
0.0567296
0.0214209
0.0669439
0.0213029
0.0779561
0.0199512
0.08761
0.0176925
0.0957053
0.0147661
0.102436
0.0114162
0.10771
0.00776611
0.11227
0.00393111
0.116139
0.119264
0.0219831
0.0540894
0.0233187
0.0656083
0.023221
0.0780538
0.0218216
0.0890094
0.0194325
0.0980944
0.0162859
0.105582
0.0126413
0.111355
0.00862697
0.116285
0.00437878
0.120387
0.123643
0.0238985
0.0514943
0.0251852
0.0643217
0.0250904
0.0781486
0.0236483
0.0904514
0.0211446
0.100598
0.0177946
0.108932
0.0138697
0.11528
0.00949787
0.120656
0.00483585
0.125049
0.128479
0.0257878
0.0490509
0.0269789
0.0631306
0.0268745
0.0782529
0.0253991
0.0919269
0.0228012
0.103196
0.01927
0.112463
0.0150851
0.119464
0.0103689
0.125373
0.00529797
0.13012
0.133777
0.0276154
0.0469163
0.0286662
0.0620799
0.0285415
0.0783776
0.0270426
0.0934258
0.0243726
0.105866
0.0206855
0.11615
0.0162664
0.123884
0.0112255
0.130414
0.00575849
0.135587
0.139535
0.029434
0.0452721
0.0303015
0.0612123
0.0300947
0.0785844
0.0285619
0.0949586
0.0258248
0.108603
0.022
0.119975
0.0173725
0.128511
0.0120369
0.135749
0.00620143
0.141423
0.145737
0.114327
0.061788
-0.130843
0.100907
0.0746328
0.0890503
0.0904409
0.0775634
0.106446
0.0657689
0.120398
0.0535129
0.132231
0.0407423
0.141282
0.0274619
0.14903
0.0138095
0.155075
0.159546
0.138752
0.079068
-0.156032
0.122041
0.0913438
0.106475
0.106006
0.0916234
0.121298
0.0769077
0.135113
0.0620577
0.147081
0.0469242
0.156415
0.0315111
0.164443
0.0158759
0.17071
0.175422
0.155817
0.0956804
-0.172429
0.138624
0.108536
0.121655
0.122976
0.105019
0.137933
0.0883324
0.1518
0.0714099
0.164004
0.0540695
0.173756
0.0364337
0.182078
0.0184502
0.188694
0.193872
0.170426
0.111352
-0.186098
0.153495
0.125467
0.13608
0.140391
0.118415
0.155598
0.100267
0.169948
0.0814964
0.182775
0.0619116
0.19334
0.0417368
0.202253
0.0210686
0.209362
0.214941
0.185396
0.126406
-0.20045
0.168716
0.142148
0.151018
0.158089
0.13252
0.174096
0.113032
0.189436
0.0924018
0.203405
0.0705273
0.215215
0.0476946
0.225086
0.0241022
0.232955
0.239043
0.200814
0.141029
-0.215436
0.184313
0.158648
0.166468
0.175934
0.147364
0.1932
0.126834
0.209966
0.104797
0.225441
0.0812534
0.238759
0.0562332
0.250106
0.0291921
0.259996
0.268235
0.218753
0.154536
-0.23226
0.202738
0.174663
0.184771
0.193901
0.164747
0.213223
0.14219
0.232523
0.1167
0.250932
0.0883165
0.267142
0.0581298
0.280293
0.0282816
0.289844
0.296517
0.233847
0.164238
-0.243549
0.219121
0.189389
0.201872
0.21115
0.182762
0.232333
0.16148
0.253804
0.137402
0.275009
0.109753
0.294792
0.0776144
0.312431
0.0406381
0.32682
0.337155
0.248819
0.159803
-0.244384
0.242462
0.195746
0.226812
0.226801
0.204413
0.254732
0.177039
0.281178
0.145755
0.306294
0.111428
0.329118
0.0754382
0.348421
0.0381005
0.364158
0.375255
0.22759
-0.199475
0.242839
0.245614
0.236918
0.2178
0.189019
0.151432
0.106007
0.054806
0.0400186
-0.138832
-0.03203
0.0445389
-0.160552
0.0471515
-0.175042
0.0489755
-0.187922
0.0502149
-0.201689
0.0510705
-0.216292
0.0504685
-0.231658
0.0479296
-0.24101
0.0390817
-0.235536
-0.186996
0.0399907
-0.145659
-0.0331635
0.0438543
-0.164415
0.0461297
-0.177317
0.0477482
-0.189541
0.0488376
-0.202779
0.0494858
-0.21694
0.0485591
-0.230732
0.045331
-0.237782
0.0357319
-0.225937
-0.17399
0.0395465
-0.151596
-0.0336093
0.0427899
-0.167659
0.044753
-0.17928
0.0461895
-0.190977
0.0471601
-0.203749
0.0476009
-0.217381
0.0463617
-0.229492
0.0424371
-0.233857
0.032292
-0.215792
-0.160459
0.0384908
-0.156682
-0.0334056
0.0411853
-0.170353
0.0428902
-0.180985
0.0441915
-0.192279
0.0450801
-0.204638
0.045341
-0.217642
0.0438034
-0.227955
0.0392575
-0.229311
0.0286929
-0.205227
-0.146518
0.0367744
-0.160934
-0.0325223
0.0389901
-0.172569
0.0405008
-0.182496
0.0417249
-0.193503
0.0425751
-0.205488
0.0426906
-0.217757
0.0408802
-0.226144
0.0358034
-0.224235
0.0249747
-0.194399
-0.132269
0.0343741
-0.16439
-0.030918
0.0361994
-0.174394
0.0375882
-0.183885
0.0387967
-0.194711
0.0396528
-0.206344
0.0396585
-0.217763
0.037605
-0.224091
0.0320818
-0.218711
0.0211935
-0.18351
-0.117809
0.0313084
-0.167116
-0.0285819
0.0328444
-0.17593
0.0341844
-0.185225
0.0354354
-0.195962
0.0363378
-0.207247
0.0362685
-0.217694
0.0340015
-0.221824
0.0280856
-0.212795
0.0173405
-0.172765
-0.103425
0.0276312
-0.169203
-0.0255441
0.0289787
-0.177278
0.0303365
-0.186582
0.0316805
-0.197306
0.0326648
-0.208231
0.0325558
-0.217585
0.0301101
-0.219378
0.0238543
-0.20654
0.0132087
-0.16212
-0.0899781
0.0234221
-0.170752
-0.0218732
0.0246707
-0.178526
0.0261012
-0.188013
0.0275792
-0.198784
0.0286769
-0.209329
0.0285665
-0.217474
0.0259892
-0.216801
0.019498
-0.200048
0.00902655
-0.151648
-0.0780287
0.0187764
-0.171861
-0.0176676
0.0199977
-0.179748
0.0215413
-0.189557
0.0231849
-0.200428
0.0244248
-0.210568
0.0243553
-0.217405
0.0217098
-0.214155
0.0151222
-0.193461
0.00498939
-0.141516
-0.0676086
0.0138092
-0.172612
-0.0130578
0.0150529
-0.180991
0.0167343
-0.191238
0.0185651
-0.202259
0.0199727
-0.211976
0.0199889
-0.217421
0.0173497
-0.211516
0.0108098
-0.186921
0.000959746
-0.131666
-0.05877
0.00860253
-0.173067
-0.00814755
0.00989795
-0.182287
0.0117301
-0.19307
0.0137638
-0.204292
0.0153653
-0.213578
0.0155162
-0.217572
0.0129631
-0.208963
0.00662558
-0.180583
-0.00241097
-0.122629
-0.0508976
0.00326301
-0.173252
-0.00307862
0.00462739
-0.183651
0.00661099
-0.195054
0.00885458
-0.206536
0.0106729
-0.215396
0.0110041
-0.217903
0.00860952
-0.206568
0.00258577
-0.17456
-0.00568122
-0.114362
-0.0438962
-0.00209341
-0.173179
0.00202021
-0.000675184
-0.185069
0.00144772
-0.197177
0.00390283
-0.208991
0.00595751
-0.217451
0.00651
-0.218456
0.0043351
-0.204394
-0.00130773
-0.168917
-0.00893871
-0.106731
-0.0377484
-0.00735105
-0.172853
0.00702527
-0.00593055
-0.18649
-0.00368739
-0.19942
-0.00103083
-0.211648
0.00127753
-0.219759
0.0020899
-0.219268
0.000130059
-0.202434
-0.00511364
-0.163673
-0.0120962
-0.0997484
-0.032362
-0.012447
-0.172231
0.0118253
-0.0110702
-0.187867
-0.00873367
-0.201756
-0.00588519
-0.214496
-0.00331117
-0.222333
-0.00220695
-0.220372
-0.00380132
-0.200839
-0.00868779
-0.158787
-0.0151182
-0.0933179
-0.0276278
-0.017265
-0.171291
0.0163244
-0.0159916
-0.18914
-0.0135921
-0.204156
-0.0105729
-0.217515
-0.00773408
-0.225172
-0.006322
-0.221784
-0.00758754
-0.199574
-0.0120596
-0.154315
-0.0179895
-0.0873881
-0.023436
-0.0216275
-0.170112
0.0204487
-0.0205312
-0.190236
-0.018122
-0.206565
-0.0149837
-0.220654
-0.0119085
-0.228247
-0.0101967
-0.223496
-0.0111415
-0.198629
-0.0152208
-0.150235
-0.0207044
-0.0819045
-0.0196828
-0.0255081
-0.168775
0.0241708
-0.02471
-0.191034
-0.02237
-0.208905
-0.019166
-0.223858
-0.0158695
-0.231543
-0.0138488
-0.225517
-0.0144651
-0.198013
-0.0181713
-0.146529
-0.0232646
-0.0768112
-0.0162723
-0.0292584
-0.167025
0.0275093
-0.0288458
-0.191447
-0.0267117
-0.211039
-0.0234218
-0.227147
-0.0198303
-0.235135
-0.0174038
-0.227943
-0.0175654
-0.197851
-0.0209424
-0.143152
-0.0256464
-0.0721072
-0.0130733
0.00321274
-0.168673
-0.00156484
0.0021951
-0.190429
0.00407997
-0.212924
0.00427287
-0.22734
-0.0021171
-0.228745
-0.0201738
-0.209887
-0.0509173
-0.167108
-0.0878731
-0.106196
-0.116113
-0.0438669
-0.00333325
-0.0261741
-0.16946
0.0269607
-0.023066
-0.193537
-0.0216955
-0.214295
-0.0248959
-0.22414
-0.0383331
-0.215308
-0.0650469
-0.183173
-0.101236
-0.130918
-0.13633
-0.0711027
-0.158157
-0.0220394
0.000838862
-0.0530782
-0.170513
0.0541307
-0.0514136
-0.195202
-0.0524954
-0.213213
-0.0613599
-0.215275
-0.0826361
-0.194032
-0.115644
-0.150165
-0.152503
-0.0940594
-0.181936
-0.0416697
-0.196061
-0.0079148
0.0015326
-0.0829339
-0.169719
0.0821402
-0.0843175
-0.193818
-0.0902507
-0.20728
-0.106381
-0.199145
-0.134981
-0.165432
-0.171102
-0.114044
-0.204306
-0.0608546
-0.225154
-0.0208223
-0.231478
-0.00159067
0.000555897
-0.116236
-0.164857
0.111374
-0.123112
-0.186942
-0.136465
-0.193927
-0.160685
-0.174924
-0.194241
-0.131877
-0.228687
-0.0795974
-0.253975
-0.035567
-0.265316
-0.00948096
-0.266202
-0.000704849
-0.000506704
-0.153761
-0.153302
0.142206
-0.169002
-0.171701
-0.191455
-0.171474
-0.222471
-0.143908
-0.256712
-0.0976352
-0.284798
-0.0515117
-0.300197
-0.0201676
-0.303852
-0.00582666
-0.302482
-0.00207411
-0.000820433
-0.195354
-0.131979
0.17403
-0.221001
-0.146054
-0.252608
-0.139866
-0.287529
-0.108987
-0.318264
-0.0669007
-0.337721
-0.032055
-0.344838
-0.0130504
-0.344805
-0.00585927
-0.343872
-0.00300754
-0.000464976
-0.236838
-0.100116
0.204975
-0.274388
-0.108503
-0.314694
-0.0995605
-0.351271
-0.07241
-0.377051
-0.0411209
-0.389611
-0.0194951
-0.392842
-0.00981889
-0.392984
-0.00571727
-0.393477
-0.00251452
-9.96577e-06
-0.273115
-0.0546148
0.227614
-0.323061
-0.0585572
-0.370932
-0.0516889
-0.407806
-0.0355364
-0.429516
-0.0194111
-0.439106
-0.00990497
-0.442896
-0.00602865
-0.445052
-0.00356125
-0.446344
-0.00122268
0.000120114
-0.29705
0.242436
-0.355608
-0.407297
-0.442833
-0.462244
-0.472149
-0.478178
-0.481739
-0.482962
-0.0377046
0.00515123
0.0309886
-0.043089
0.0323451
-0.0468739
0.0579157
-0.0490703
0.0843366
-0.0492258
0.111529
-0.0468017
0.139782
-0.0409362
0.168164
-0.0309959
0.195035
-0.0171317
0.213749
0.225304
-0.0383328
0.0109128
0.0325712
-0.042826
0.0368383
-0.045933
0.0610227
-0.0474424
0.085846
-0.0469911
0.111078
-0.0441268
0.136917
-0.0381774
0.162215
-0.0285788
0.185436
-0.0156769
0.200848
0.209627
-0.0386815
0.0161404
0.0334539
-0.0424218
0.0405786
-0.0448272
0.063428
-0.0456604
0.0866793
-0.0446398
0.110058
-0.0413888
0.133666
-0.0353882
0.156214
-0.0262091
0.176257
-0.0142449
0.188883
0.195382
-0.0384362
0.0208723
0.0337044
-0.0415398
0.0436822
-0.0433081
0.0651962
-0.0435404
0.0869115
-0.0420396
0.108557
-0.0385018
0.130129
-0.0325422
0.150255
-0.023846
0.167561
-0.0128436
0.177881
0.182539
-0.0376434
0.0251207
0.0333949
-0.0401838
0.0462226
-0.0413955
0.066408
-0.0411231
0.0866392
-0.0392452
0.106679
-0.035526
0.126409
-0.0296961
0.144425
-0.0215396
0.159405
-0.0114984
0.16784
0.17104
-0.036382
0.028916
0.0325866
-0.0384309
0.0482716
-0.0391626
0.0671396
-0.0384806
0.0859572
-0.036325
0.104523
-0.0325224
0.122607
-0.0268996
0.138802
-0.0193234
0.151828
-0.0102267
0.158743
0.160814
-0.0347221
0.0322959
0.0313422
-0.0363568
0.0499063
-0.0366878
0.0674706
-0.0356883
0.0849577
-0.0333475
0.102182
-0.0295479
0.118807
-0.0241947
0.133449
-0.0172217
0.144855
-0.00903897
0.15056
0.151775
-0.0327348
0.0353002
0.0297304
-0.0340307
0.0512022
-0.034042
0.0674819
-0.032813
0.0837286
-0.0303714
0.0997408
-0.0266487
0.115085
-0.021613
0.128413
-0.01525
0.138492
-0.0079399
0.14325
0.143835
-0.0304934
0.0379696
0.027824
-0.0315202
0.052229
-0.0312898
0.0672515
-0.0299122
0.082351
-0.0274446
0.0972733
-0.0238599
0.1115
-0.0191752
0.123728
-0.0134162
0.132734
-0.00692986
0.136764
0.136905
-0.0280705
0.0403421
0.0256979
-0.0288897
0.0530483
-0.0284892
0.066851
-0.0270345
0.0808962
-0.0246047
0.0948435
-0.0212063
0.108101
-0.0168938
0.119416
-0.0117224
0.127562
-0.00600657
0.131048
0.130898
-0.0255385
0.0424513
0.0234294
-0.0262021
0.0537119
-0.0256948
0.0663437
-0.0242235
0.0794249
-0.0218839
0.092504
-0.0187078
0.104925
-0.0147775
0.115486
-0.0101687
0.122953
-0.00516722
0.126046
0.125731
-0.0229551
0.0443226
0.0210837
-0.0235028
0.0542596
-0.0229411
0.065782
-0.0215026
0.0779864
-0.0192949
0.0902962
-0.0163671
0.101998
-0.0128218
0.11194
-0.00874732
0.118879
-0.00440562
0.121705
0.121325
-0.02038
0.0459754
0.0187272
-0.0208401
0.0547197
-0.0202662
0.0652081
-0.0188989
0.0766191
-0.0168543
0.0882516
-0.0141916
0.0993348
-0.0110272
0.108776
-0.00745481
0.115306
-0.00371821
0.117968
0.117607
-0.017862
0.0474227
0.0164147
-0.0182514
0.0551091
-0.0176966
0.0646533
-0.0164287
0.0753513
-0.0145693
0.0863922
-0.0121806
0.0969461
-0.00938822
0.105983
-0.00628461
0.112203
-0.00310041
0.114784
0.114507
-0.01544
0.0486728
0.0141899
-0.0157652
0.0554343
-0.0152506
0.0641387
-0.0141015
0.0742021
-0.0124413
0.0847321
-0.0103293
0.0948341
-0.0078973
0.103551
-0.00522923
0.109535
-0.00254757
0.112102
0.111959
-0.0131417
0.0497311
0.0120835
-0.0134012
0.0556938
-0.0129392
0.0636767
-0.0119201
0.073183
-0.0104666
0.0832786
-0.00862952
0.092997
-0.00654442
0.101466
-0.00428014
0.10727
-0.00205487
0.109877
0.109904
-0.0109823
0.0505998
0.0101137
-0.0111703
0.0558818
-0.0107658
0.0632722
-0.00988192
0.0722991
-0.00863695
0.0820336
-0.00706938
0.0914295
-0.00531731
0.0997143
-0.00342765
0.105381
-0.00161728
0.108067
0.108287
-0.00896783
0.0512795
0.00828812
-0.00907862
0.0559926
-0.00873026
0.0629238
-0.00798073
0.0715496
-0.00694072
0.0809936
-0.00563417
0.0901229
-0.0042013
0.0982814
-0.00266068
0.10384
-0.00122933
0.106635
0.107058
-0.00710095
0.0517669
0.00661352
-0.00712481
0.0560165
-0.00682481
0.0626238
-0.00620302
0.0709278
-0.00535976
0.0801503
-0.00430354
0.0890667
-0.00317749
0.0971553
-0.00196545
0.102628
-0.000884665
0.105554
0.106173
-0.00534862
0.0519993
0.00511621
-0.00526614
0.055934
-0.00500057
0.0623583
-0.00450279
0.07043
-0.0038522
0.0794998
-0.00304445
0.0882589
-0.00221953
0.0963304
-0.00132693
0.101736
-0.000576388
0.104804
0.105597
-0.066143
0.0450041
0.0731382
-0.0613039
0.0510949
-0.0567125
0.0577669
-0.051429
0.0651465
-0.0448963
0.0729671
-0.0370862
0.0804488
-0.0280497
0.087294
-0.0184024
0.0920882
-0.00882749
0.095229
0.0967691
-0.0606367
0.0387181
0.0669227
-0.0550435
0.0455017
-0.0496368
0.0523602
-0.0438788
0.0593884
-0.0374761
0.0665644
-0.0304184
0.0733911
-0.0227531
0.0796286
-0.0149982
0.0843333
-0.00736117
0.087592
0.089408
-0.0538611
0.0332393
0.0593399
-0.0484834
0.0401239
-0.0430099
0.0468868
-0.0372626
0.0536411
-0.0311483
0.0604501
-0.024788
0.0670308
-0.0182337
0.0730743
-0.0119681
0.0780677
-0.00591766
0.0815416
0.0834903
-0.0469603
0.0286004
0.0515992
-0.0419118
0.0350755
-0.036519
0.0414939
-0.0308402
0.0479623
-0.024964
0.054574
-0.0191225
0.0611893
-0.0134513
0.0674031
-0.00843981
0.0730562
-0.00402151
0.0771233
0.0794688
-0.0404281
0.0244935
0.044535
-0.0355983
0.0302456
-0.0302132
0.0361089
-0.024479
0.0422281
-0.0186275
0.0487225
-0.0130259
0.0555878
-0.00798614
0.0623633
-0.00406053
0.0691306
-0.00152605
0.0745888
0.0779428
-0.0350729
0.0206014
0.038965
-0.0301757
0.0253484
-0.0245285
0.0304617
-0.0184357
0.0361354
-0.0122235
0.0425102
-0.00640216
0.0497665
-0.00162476
0.0575859
0.00150897
0.0659969
0.00191005
0.0741877
0.0798528
-0.0338536
0.0163793
0.0380757
-0.0283358
0.0198306
-0.0218855
0.0240114
-0.0147866
0.0290364
-0.00741602
0.0351397
-0.000302196
0.0426526
0.00539928
0.0518844
0.00857444
0.0628217
0.0069884
0.0757738
0.0868412
-0.0480733
0.0107553
0.0536974
-0.0412335
0.0129908
-0.0332086
0.0159864
-0.0240197
0.0198476
-0.0138926
0.0250126
-0.00325197
0.032012
0.00674331
0.0418891
0.0141344
0.0554306
0.0137464
0.0761618
0.100588
-0.110167
0.00365467
0.117268
-0.102199
0.00502224
-0.0926956
0.00648318
-0.0812227
0.00837467
-0.06741
0.0111999
-0.0509245
0.0155264
-0.0312216
0.0221862
-0.00890516
0.0331142
0.0095349
0.0577217
0.110122
-0.269751
0.273406
-0.264729
-0.258246
-0.249871
-0.238671
-0.223145
-0.200958
-0.167844
-0.110122
-0.00369429
0.0725748
0.0042577
-0.00256432
0.0657927
-0.00128729
0.0580629
-0.000153215
0.0504651
0.00067157
0.0437102
0.000972378
0.0386642
0.000407661
0.0386404
-0.00136105
0.0554661
-0.0031177
0.119025
0.270288
-0.00288199
0.0722482
0.00320858
-0.00201273
0.0649234
-0.00094214
0.0569923
4.1206e-06
0.0495189
0.000676629
0.0430377
0.000865432
0.0384754
0.000279847
0.039226
-0.00133835
0.0570843
-0.00284676
0.120533
0.267441
-0.00210263
0.0721057
0.00224514
-0.00145002
0.0642708
-0.000587329
0.0561296
0.000185512
0.048746
0.000699418
0.0425238
0.000791287
0.0383835
0.000202313
0.039815
-0.00125411
0.0585407
-0.00255699
0.121836
0.264884
-0.00140355
0.0721072
0.001402
-0.000945222
0.0638125
-0.000269435
0.0554538
0.000338534
0.0481381
0.000728126
0.0421342
0.000750654
0.038361
0.000184664
0.040381
-0.00110241
0.0598278
-0.00222329
0.122957
0.262661
-0.000803653
0.0722167
0.000694173
-0.00051262
0.0635215
-3.21489e-07
0.0549415
0.000469798
0.047668
0.000761533
0.0418424
0.000742583
0.03838
0.000224541
0.040899
-0.000887189
0.0609395
-0.0018497
0.123919
0.260811
-0.00029783
0.0723785
0.000136002
-0.000152138
0.0633758
0.000231639
0.0545578
0.000583462
0.0473161
0.000801559
0.0416243
0.000765574
0.0384159
0.000316124
0.0413485
-0.000617035
0.0618727
-0.00144291
0.124745
0.259368
0.000116709
0.0725782
-0.000316366
0.000152927
0.0633396
0.000421944
0.0542887
0.000681577
0.0470565
0.000848498
0.0414574
0.000816604
0.0384478
0.000452382
0.0417127
-0.000300945
0.062626
-0.00100912
0.125453
0.258359
0.000416366
0.0727939
-0.000632035
0.00040624
0.0633497
0.000574483
0.0541205
0.000764343
0.0468666
0.00090039
0.0413214
0.000890604
0.0384576
0.000624833
0.0419784
5.15292e-05
0.0631993
-0.00055425
0.126059
0.257805
0.000638815
0.0729763
-0.00082123
0.000590567
0.0633979
0.000689563
0.0540215
0.000830949
0.0467253
0.000953659
0.0411987
0.00098079
0.0384305
0.000823684
0.0421356
0.000430802
0.0635922
-8.38049e-05
0.126574
0.257721
0.000784326
0.0730949
-0.000902902
0.000716508
0.0634658
0.000769085
0.0539689
0.000879918
0.0466144
0.00100355
0.041075
0.00107916
0.0383549
0.00103825
0.0421765
0.000825343
0.0638051
0.00039355
0.127006
0.258115
0.000854016
0.0731321
-0.000891226
0.000787542
0.0635322
0.000813045
0.0539434
0.000907567
0.0465199
0.0010431
0.0409395
0.00117583
0.0382221
0.00125633
0.042096
0.00122319
0.0638382
0.000871876
0.127357
0.258987
0.000869577
0.0730854
-0.000822941
0.000820712
0.0635811
0.000829758
0.0539344
0.000916051
0.0464336
0.00106943
0.0407861
0.00126424
0.0380273
0.00146934
0.0418909
0.00161635
0.0636912
0.00134647
0.127627
0.260333
0.00084352
0.0729627
-0.000720742
0.000824233
0.0636004
0.000820855
0.0539378
0.000902314
0.0463522
0.00107564
0.0406128
0.00133461
0.0377684
0.00166569
0.0415598
0.00199289
0.063364
0.00180879
0.127811
0.262142
0.000796314
0.0727828
-0.000616425
0.000810144
0.0635865
0.000792086
0.0539558
0.00086641
0.0462778
0.00105719
0.040422
0.00137914
0.0374464
0.00183575
0.0411032
0.00234286
0.0628569
0.00225154
0.127902
0.264393
0.00075248
0.0725741
-0.000543797
0.000792431
0.0635466
0.000751292
0.053997
0.000810181
0.0462189
0.00101111
0.0402211
0.0013912
0.0370663
0.00197093
0.0405235
0.00265698
0.0621709
0.00266721
0.127892
0.267061
0.000741175
0.0723697
-0.000536784
0.000787666
0.0635001
0.000709001
0.0540756
0.000737899
0.04619
0.000936471
0.0400225
0.00136566
0.0366371
0.00206366
0.0398255
0.0029267
0.0613078
0.00304824
0.12777
0.270109
0.000796755
0.0722021
-0.000629143
0.000816283
0.0634806
0.00067917
0.0542127
0.000657012
0.0462122
0.000835041
0.0398445
0.00129901
0.0361732
0.002107
0.0390175
0.00314376
0.0602711
0.00338682
0.127527
0.273496
0.000952881
0.0721032
-0.000854024
0.000901206
0.0635322
0.000678239
0.0544357
0.000577933
0.0463125
0.000711207
0.0397112
0.00118892
0.0356955
0.0020936
0.0381128
0.00329953
0.0590651
0.00367405
0.127153
0.27717
0.00122522
0.0721053
-0.00122726
0.00106057
0.0636969
0.000718484
0.0547778
0.000509466
0.0465215
0.000569106
0.0396516
0.00103267
0.0352319
0.00201527
0.0371302
0.0033885
0.0576919
0.00390431
0.126637
0.281074
0.00166919
0.0721401
-0.00170399
0.00130405
0.064062
0.000803145
0.0552787
0.000453038
0.0468716
0.000413111
0.0396915
0.00083503
0.03481
0.0018781
0.0360871
0.00342854
0.0561415
0.00409439
0.125971
0.285168
-0.0537905
0.0583969
0.0675337
-0.0423917
0.0526632
-0.0330723
0.0459593
-0.025291
0.0390904
-0.0185032
0.0329037
-0.0124684
0.0287751
-0.00732432
0.030943
-0.00354974
0.0523669
-0.0014088
0.12383
0.28376
-0.0587077
0.0476704
0.0694342
-0.0487692
0.0427248
-0.0398479
0.037038
-0.0317792
0.0310216
-0.024321
0.0254455
-0.0173699
0.021824
-0.01112
0.0246932
-0.00607716
0.047324
-0.00238467
0.120138
0.281375
-0.0623667
0.0385437
0.0714934
-0.0537884
0.0341464
-0.0454926
0.0287422
-0.037446
0.022975
-0.0295044
0.017504
-0.0216292
0.0139488
-0.0141149
0.0171789
-0.00762682
0.0408359
-0.00274431
0.115255
0.278631
-0.0664661
0.030937
0.0740728
-0.0588447
0.026525
-0.0510999
0.0209973
-0.0431633
0.0150385
-0.0348617
0.00920237
-0.0261175
0.00520462
-0.0172756
0.00833697
-0.00922833
0.0327887
-0.00303091
0.109058
0.2756
-0.0711559
0.0240585
0.0780345
-0.0642688
0.0196379
-0.0570907
0.0138191
-0.0494192
0.00736698
-0.0409428
0.000725978
-0.031454
-0.00428414
-0.021282
-0.00183504
-0.0115455
0.0230521
-0.00374995
0.101262
0.27185
-0.0761837
0.0181556
0.0820865
-0.0700878
0.013542
-0.0637467
0.00747807
-0.0567796
0.000399915
-0.0485708
-0.00748282
-0.0386867
-0.0141683
-0.0273521
-0.0131696
-0.0158312
0.0115312
-0.00577755
0.0912087
0.266072
-0.0815216
0.0125066
0.0871707
-0.0762001
0.00822043
-0.0710116
0.00228951
-0.0655561
-0.00505551
-0.0588906
-0.0141484
-0.0500904
-0.0229685
-0.0389502
-0.0243098
-0.0263747
-0.00104438
-0.0125056
0.0773397
0.253567
-0.0868476
0.00792077
0.0914334
-0.0828457
0.0042186
-0.079527
-0.00102924
-0.0765789
-0.00800357
-0.0733562
-0.0173711
-0.0687028
-0.0276219
-0.0616398
-0.0313728
-0.0503289
-0.0123552
-0.0304262
0.057437
0.22314
-0.0916831
0.00366349
0.0959404
-0.0889429
0.00147838
-0.0882405
-0.00173164
-0.0897027
-0.00654136
-0.0935062
-0.0135676
-0.0991227
-0.0220054
-0.103899
-0.0265961
-0.10168
-0.0145746
-0.0752513
0.0310082
0.147889
-0.095359
0.0990225
-0.0938807
-0.0956123
-0.102154
-0.115721
-0.137727
-0.164323
-0.178897
-0.147889
-8.75579e-06
0.0690247
-0.00148224
-0.000867767
0.0702932
-0.00135641
0.071982
-0.00171082
0.0744272
-0.00190607
0.0782297
-0.00199499
0.0821755
-0.00178921
0.0869649
-0.00140058
0.0910448
-0.000751387
0.0952912
0.0982711
0.00105725
0.0701637
-0.00219635
0.000140564
0.0712099
-0.000379964
0.0725026
-0.000796222
0.0748435
-0.00107778
0.0785113
-0.0012748
0.0823725
-0.00119727
0.0868874
-0.000973299
0.0908208
-0.000520208
0.0948381
0.0977509
0.00217611
0.0710253
-0.00303764
0.00141032
0.0719757
0.000829258
0.0730836
0.000287347
0.0753854
-0.000141412
0.0789401
-0.000453947
0.082685
-0.000533222
0.0869667
-0.000498973
0.0907865
-0.000270557
0.0946097
0.0974804
0.00337274
0.0715962
-0.00394363
0.00273244
0.072616
0.00212705
0.073689
0.00150256
0.0760099
0.000958874
0.0794837
0.000467845
0.083176
0.000188731
0.0872458
-4.04089e-06
0.0909793
-1.2935e-05
0.0946186
0.0974674
0.00461526
0.0718669
-0.00488595
0.00412804
0.0731032
0.00351489
0.0743022
0.00280484
0.0767199
0.00212021
0.0801684
0.00146369
0.0838326
0.000970432
0.087739
0.00055765
0.0913921
0.000271697
0.0949046
0.0977391
0.00590432
0.0718157
-0.00585314
0.00559732
0.0734102
0.00499535
0.0749041
0.00420432
0.077511
0.00337127
0.0810014
0.00252905
0.0846748
0.00180281
0.0884653
0.0011366
0.0920583
0.000565106
0.0954761
0.0983042
0.00724196
0.0714191
-0.00684541
0.00713823
0.0735139
0.00656566
0.0754767
0.00569846
0.0783782
0.00471064
0.0819893
0.00366657
0.0857188
0.00268926
0.0894426
0.00174904
0.0929985
0.00087422
0.0963509
0.0991785
0.00862949
0.0706619
-0.00787223
0.00874643
0.073397
0.0082194
0.0760037
0.00728076
0.0793168
0.00613324
0.0831368
0.00487349
0.0869786
0.00362894
0.0906871
0.0023955
0.094232
0.00119981
0.0975466
0.100378
0.0100707
0.0695406
-0.00894946
0.0104176
0.0730501
0.00994862
0.0764727
0.00894281
0.0803226
0.00763213
0.0844475
0.0061453
0.0884654
0.00461952
0.0922129
0.00307532
0.0957762
0.00154208
0.0990798
0.10192
0.0115714
-0.0100965
0.0121476
0.0117444
0.0106749
0.00919912
0.00747641
0.00565789
0.00378734
0.00190097
0.000594499
-0.0001983
0.00206131
-0.0021448
0.00422073
-0.00442843
0.00694348
-0.00672213
0.0101309
-0.00886387
0.0137082
-0.0107664
0.0176264
-0.0123846
0.021879
-0.0137064
0.0265643
-0.0147831
-0.0158749
0.000678752
-0.000877051
0.00230111
-0.00376715
0.00465482
-0.00678215
0.00759158
-0.00965889
0.0110015
-0.0122738
0.014804
-0.0145688
0.018946
-0.0165266
0.0234047
-0.0181651
0.028179
-0.0195574
-0.0208595
0.000759858
-0.00163691
0.00252381
-0.00553111
0.00504364
-0.00930197
0.00814823
-0.0127635
0.0117113
-0.0158369
0.0156379
-0.0184954
0.0198569
-0.0207456
0.024313
-0.0226211
0.0289427
-0.0241871
-0.025526
0.000833355
-0.00247026
0.00271531
-0.00741307
0.00535936
-0.011946
0.00856947
-0.0159736
0.0122012
-0.0194686
0.0161445
-0.0224387
0.0203135
-0.0249146
0.0246359
-0.0269436
0.0290353
-0.0285865
-0.0298964
0.000894631
-0.0033649
0.00286186
-0.0093803
0.00557654
-0.0146607
0.00881791
-0.019215
0.0124251
-0.0230758
0.0162777
-0.0262913
0.0202838
-0.0289207
0.0243706
-0.0310304
0.0284725
-0.0326884
-0.0339461
0.000939117
-0.00430401
0.00295077
-0.0113919
0.00567318
-0.0173831
0.00886358
-0.0224054
0.0123493
-0.0265616
0.0160062
-0.0299481
0.0197456
-0.0326601
0.0235053
-0.0347901
0.0272402
-0.0364233
-0.037624
0.000962482
-0.0052665
0.00297104
-0.0134005
0.00563185
-0.0200439
0.00868522
-0.0254587
0.011953
-0.0298294
0.0153147
-0.0333097
0.0186926
-0.036038
0.0220414
-0.038139
0.025339
-0.0397209
-0.0408669
0.000960869
-0.00622736
0.00291406
-0.0153537
0.00544087
-0.0225707
0.0082717
-0.0282896
0.0112303
-0.032788
0.0142066
-0.036286
0.0171394
-0.0389709
0.0200037
-0.0410032
0.022799
-0.0425162
-0.043612
0.000931172
-0.00715854
0.00277426
-0.0171968
0.00509523
-0.0248917
0.00762295
-0.0308173
0.0101905
-0.0353556
0.0127044
-0.0387998
0.0151231
-0.0413897
0.0174422
-0.0433223
0.0196807
-0.0447547
-0.0458045
0.000871146
-0.00802968
0.00254956
-0.0188752
0.00459701
-0.0269391
0.00675011
-0.0329704
0.00885834
-0.0374638
0.0108486
-0.0407901
0.012701
-0.043242
0.01443
-0.0450513
0.0160705
-0.0463951
-0.0474016
0.000825255
-0.00885493
0.00231177
-0.0203617
0.00403617
-0.0286635
0.00575699
-0.0346912
0.00734886
-0.0390557
0.00876363
-0.0422049
0.0100033
-0.0444817
0.0111
-0.0461479
0.012101
-0.0473961
-0.0483585
0.000722902
-0.00957784
0.00195503
-0.0215939
0.00329847
-0.030007
0.00454001
-0.0359327
0.00558215
-0.0400978
0.00640107
-0.0430238
0.00701771
-0.0450983
0.00747759
-0.0466078
0.00783611
-0.0477546
-0.0486699
0.000596504
-0.0101743
0.00153516
-0.0225325
0.00245902
-0.0309308
0.00319134
-0.0366651
0.00366534
-0.0405718
0.00388037
-0.0432388
0.00387295
-0.0450909
0.00369774
-0.0464326
0.00341472
-0.0474716
-0.0483338
0.000449066
-0.0106234
0.00106363
-0.0231471
0.00154223
-0.0314094
0.00175111
-0.0368739
0.00165532
-0.040476
0.00127491
-0.0428584
0.000657656
-0.0444736
-0.000137044
-0.0456379
-0.00104781
-0.0465608
-0.0473614
0.000284706
-0.0109081
0.000554127
-0.0234165
0.00057521
-0.0314305
0.00026144
-0.0365602
-0.000390689
-0.0398239
-0.00134357
-0.0419056
-0.00254269
-0.0432745
-0.00392861
-0.044252
-0.00544141
-0.045048
-0.0457775
0.000108429
-0.0110165
2.31351e-05
-0.0233312
-0.000413805
-0.0309936
-0.00123616
-0.0357378
-0.00241823
-0.0386418
-0.00390842
-0.0404154
-0.00564958
-0.0415334
-0.00758683
-0.0423147
-0.00966507
-0.0429698
-0.0436173
-7.45806e-05
-0.010942
-0.000516624
-0.0228892
-0.0013972
-0.030113
-0.00270227
-0.0344327
-0.00437791
-0.0369662
-0.00636098
-0.0384323
-0.00859478
-0.0392996
-0.0110332
-0.0398763
-0.0136312
-0.0403718
-0.0409241
-0.000257905
-0.0106841
-0.00104585
-0.0221012
-0.0023479
-0.028811
-0.00410107
-0.0326796
-0.00622689
-0.0348404
-0.00865281
-0.0360064
-0.0113234
-0.036629
-0.0142037
-0.036996
-0.0172659
-0.0373097
-0.0377413
-0.000435691
-0.0102484
-0.00155012
-0.0209868
-0.00324104
-0.02712
-0.00540057
-0.03052
-0.00792959
-0.0323113
-0.010748
-0.0331879
-0.0138003
-0.0335767
-0.0170585
-0.0337378
-0.0205134
-0.0338547
-0.0340838
-0.000602001
-0.00964636
-0.00201466
-0.0195741
-0.00405354
-0.0250812
-0.00657163
-0.0280019
-0.00945503
-0.0294279
-0.0126215
-0.0300215
-0.0160178
-0.0301804
-0.0196209
-0.0301347
-0.0234539
-0.0300218
-0.0300285
-0.000749698
-0.00889666
-0.00242854
-0.0178953
-0.00477273
-0.022737
-0.00760054
-0.0251741
-0.0107886
-0.0262399
-0.0142606
-0.0265495
-0.0179793
-0.0264617
-0.0219395
-0.0261745
-0.0261825
-0.0257788
-0.0252224
-0.000887501
-0.00800916
-0.00278991
-0.0159929
-0.00537783
-0.0201491
-0.00844275
-0.0221092
-0.0118544
-0.0228282
-0.0155379
-0.022866
-0.0194573
-0.0225423
-0.0236025
-0.0220293
-0.0279836
-0.0213976
-0.0206348
-0.000997576
-0.00701158
-0.00307481
-0.0139156
-0.00584561
-0.0173783
-0.00907819
-0.0188766
-0.0126344
-0.019272
-0.0164358
-0.0190646
-0.0204412
-0.0185369
-0.0246295
-0.017841
-0.0289833
-0.0170438
-0.0161643
-0.00107806
-0.00593353
-0.0032789
-0.0117148
-0.00617048
-0.0144867
-0.00950179
-0.0155453
-0.0131271
-0.0156467
-0.0169639
-0.0152278
-0.0209661
-0.0145346
-0.0251068
-0.0137004
-0.0293632
-0.0127874
-0.0118231
-0.00112831
-0.00480521
-0.00340144
-0.00944168
-0.00635339
-0.0115347
-0.00971876
-0.01218
-0.0133459
-0.0120196
-0.0171491
-0.0114246
-0.0210803
-0.0106034
-0.0251111
-0.00966953
-0.0292217
-0.0086768
-0.00764988
-0.00114898
-0.00365623
-0.00344497
-0.00714569
-0.00640069
-0.008579
-0.0097415
-0.00883917
-0.0133119
-0.0084492
-0.0170246
-0.00771189
-0.0208307
-0.00679727
-0.024703
-0.00579726
-0.0286249
-0.00475492
-0.00368814
-0.00114181
-0.00251442
-0.00341478
-0.00487272
-0.00632286
-0.00567093
-0.00958743
-0.00557459
-0.0130513
-0.00498536
-0.0166263
-0.00413691
-0.0202637
-0.00315987
-0.0239371
-0.00212384
-0.0276322
-0.00105982
2.19176e-05
-0.00110942
-0.00140501
-0.00331823
-0.00266391
-0.00613344
-0.00285571
-0.00927737
-0.00243066
-0.0125929
-0.0016698
-0.0159919
-0.000737969
-0.0194254
0.00027368
-0.0228676
0.00131828
-0.0263046
0.00237721
0.00344772
-0.00105507
-0.000349936
-0.0031642
-0.000554785
-0.00584805
-0.000171858
-0.00883435
0.000555641
-0.0119678
0.00146367
-0.0151604
0.00245464
-0.0183631
0.00347636
-0.0215494
0.00450462
-0.0247054
0.00553315
0.00656632
-0.00098242
0.000632484
-0.00296255
0.00142534
-0.0054836
0.00234919
-0.00828265
0.00335468
-0.0112077
0.00438875
-0.0141714
0.00541832
-0.0171241
0.00642902
-0.0200383
0.00741887
-0.0228991
0.0083939
0.00936518
-0.000899923
0.00153241
-0.00273006
0.00325548
-0.00506514
0.00468427
-0.00765524
0.00594478
-0.0103532
0.0070867
-0.0130725
0.00813765
-0.0157629
0.00911943
-0.0183958
0.0100518
-0.0209547
0.0109527
0.0118399
-0.000809188
0.00234159
-0.00247415
0.00492044
-0.0046058
0.00681592
-0.00697064
0.00830961
-0.00942803
0.0095441
-0.0118933
0.010603
-0.0143159
0.011542
-0.0166661
0.0124019
-0.0189259
0.0132125
0.0139978
-0.000713382
0.00305497
-0.00220328
0.00641035
-0.00412077
0.00873341
-0.00625118
0.01044
-0.00846178
0.0117547
-0.0106705
0.0128116
-0.0128267
0.0136983
-0.0148998
0.014475
-0.016871
0.0151837
0.015854
-0.000615914
0.00367089
-0.00192641
0.00772084
-0.00362512
0.0104321
-0.00551796
0.0123329
-0.00748124
0.013718
-0.00943617
0.0147666
-0.0113329
0.015595
-0.0131402
0.0162824
-0.0148387
0.0168822
0.0174299
-0.000519806
0.00419069
-0.0016516
0.00885264
-0.00313248
0.011913
-0.00479001
0.0139904
-0.0065105
0.0154385
-0.00821913
0.0164752
-0.00986717
0.017243
-0.0114236
0.0178388
-0.0128691
0.0183277
0.0187507
-0.000427633
0.00461833
-0.00138585
0.00981085
-0.00265474
0.0131819
-0.00408401
0.0154197
-0.00557057
0.016925
-0.00704409
0.0179487
-0.00845734
0.0186563
-0.00977971
0.0191612
-0.0109925
0.0195405
0.0198417
-0.000341487
0.00495982
-0.00113492
0.0106043
-0.00220184
0.0142488
-0.00341397
0.0166318
-0.00467922
0.0181903
-0.00593197
0.0192015
-0.00712637
0.0198507
-0.00823189
0.0202667
-0.00923071
0.0205393
0.0207246
-0.000262962
0.00522278
-0.00090332
0.0112446
-0.00178161
0.0151271
-0.00279116
0.0176413
-0.00385097
0.0192501
-0.00490021
0.0202507
-0.00589388
0.0208443
-0.00679982
0.0211727
-0.00759917
0.0213387
0.0214136
-0.000193162
0.00541594
-0.000694234
0.0117457
-0.00139974
0.0158326
-0.00222384
0.0184654
-0.0030969
0.0201232
-0.0039632
0.021117
-0.00477812
0.0216592
-0.00550509
0.0218996
-0.00611751
0.0219511
0.0219096
-0.000132724
0.00554866
-0.000509574
0.0121226
-0.00105963
0.0163827
-0.00171701
0.0191228
-0.00242401
0.0208302
-0.00313153
0.0218245
-0.00379762
0.0223253
-0.00438207
0.0224841
-0.0048356
0.0224046
0.0221902
-8.36444e-05
0.00563231
-0.000350363
0.0123893
-0.000759449
0.0167918
-0.00126467
0.019628
-0.00182117
0.0213867
-0.00238917
0.0223925
-0.00293572
0.0228719
-0.00343763
0.022986
-0.00388594
0.0228529
0.0225619
-3.52852e-05
0.00566759
-0.000204836
0.0125588
-0.000492206
0.0170791
-0.000866982
0.0200028
-0.00129472
0.0218144
-0.00174242
0.0228402
-0.00218115
0.0233106
-0.00258744
0.0233923
-0.00294011
0.0232056
0.0228304
3.28295e-06
0.00566431
-8.31807e-05
0.0126453
-0.000265352
0.0172613
-0.000525747
0.0202632
-0.000838479
0.0221271
-0.00117539
0.0231771
-0.00150909
0.0236443
-0.00181432
0.0236975
-0.00206721
0.0234585
0.0230083
3.54508e-05
0.00562886
1.65108e-05
0.0126642
-7.64612e-05
0.0173543
-0.000237994
0.0204247
-0.000449449
0.0223386
-0.000686886
0.0234146
-0.000924618
0.023882
-0.00113774
0.0239106
-0.00130309
0.0236238
0.0231072
5.92728e-05
0.00556958
9.59143e-05
0.0126276
7.72216e-05
0.017373
-3.18374e-07
0.0205023
-0.000124924
0.0224632
-0.000275985
0.0235656
-0.000430326
0.0240364
-0.000564941
0.0240452
-0.000659135
0.023718
0.0231423
7.69491e-05
0.00549264
0.000157342
0.0125472
0.000198714
0.0173316
0.000190033
0.020511
0.000138273
0.0225149
5.96058e-05
0.0236443
-2.55328e-05
0.0241215
-9.63585e-05
0.0241161
-0.000135767
0.0237574
0.0231425
8.95907e-05
0.00540305
0.0002032
0.0124336
0.000291602
0.0172432
0.000337987
0.0204646
0.000344504
0.0225084
0.000323772
0.023665
0.000293338
0.0241519
0.000271484
0.0241379
0.000274416
0.0237545
0.0231006
9.83302e-05
0.00530472
0.000236066
0.0122959
0.00035974
0.0171195
0.000448084
0.0203762
0.000499102
0.0224574
0.000521936
0.0236422
0.000531241
0.0241426
0.000543026
0.0241261
0.000572218
0.0237253
0.0230407
0.00010437
0.00520035
0.000258687
0.0121415
0.000407407
0.0169708
0.000525951
0.0202577
0.000608665
0.0223747
0.000661322
0.0235895
0.000695673
0.0241083
0.000725394
0.0240964
0.000763583
0.0236871
0.0229831
0.000109051
0.00509129
0.000274038
0.0119766
0.000439365
0.0168055
0.000578086
0.020119
0.000681282
0.0222715
0.000751451
0.0235194
0.000797461
0.0240623
0.000830671
0.0240632
0.000862415
0.0236554
0.0229426
8.55775e-05
0.00500572
0.000241622
0.0118205
0.00041094
0.0166362
0.000561826
0.0199681
0.000680375
0.022153
0.000764426
0.0234353
0.000818894
0.0240078
0.000852093
0.02403
0.000873155
0.0236343
0.0229245
8.24369e-05
0.00492328
0.000238523
0.0116644
0.000412347
0.0164623
0.000570265
0.0198102
0.000695129
0.0220281
0.000781282
0.0233492
0.000830508
0.0239586
0.000848695
0.0240118
0.000843327
0.0236397
0.0229449
7.89878e-05
0.00484429
0.000233876
0.0115095
0.000410062
0.0162861
0.000572234
0.019648
0.000700151
0.0219002
0.0007847
0.0232646
0.000824489
0.0239188
0.000822908
0.0240134
0.000785756
0.0236768
0.0230099
7.58179e-05
0.00476847
0.000229582
0.0113558
0.00040798
0.0161077
0.000574181
0.0194818
0.000704988
0.0217694
0.000787867
0.0231817
0.000818179
0.0238885
0.000796651
0.0240349
0.000727208
0.0237463
0.0231207
7.3384e-05
0.00469509
0.000227244
0.0112019
0.000409474
0.0159255
0.00058186
0.0193094
0.000718417
0.0216328
0.000803286
0.0230969
0.000828533
0.0238632
0.000791998
0.0240715
0.000695378
0.0238429
0.0232723
7.20333e-05
0.00462306
0.000228097
0.0110458
0.000417219
0.0157364
0.000599968
0.0191266
0.000747829
0.0214849
0.000841845
0.0230028
0.000870897
0.0238342
0.000829817
0.0241126
0.000717477
0.0239552
0.023453
7.19645e-05
0.00455109
0.000232934
0.0108849
0.000433025
0.0155363
0.000631802
0.0189279
0.000798571
0.0213182
0.000911722
0.0228897
0.000957431
0.0237885
0.00092795
0.024142
0.00081892
0.0240643
0.0236428
7.3202e-05
0.00447789
0.000242063
0.010716
0.000457741
0.0153206
0.00067899
0.0187066
0.000873324
0.0211238
0.00101712
0.0227459
0.00109493
0.0237107
0.00109828
0.0241387
0.00102101
0.0241415
0.0238097
7.56035e-05
0.00440228
0.000255326
0.0105363
0.000491279
0.0150847
0.000741443
0.0184565
0.000971671
0.0208936
0.00115674
0.0225608
0.00128081
0.0235866
0.00133852
0.024081
0.00132827
0.0241518
0.0239107
7.89009e-05
0.00432338
0.000272213
0.010343
0.000532855
0.014824
0.000817761
0.0181715
0.0010904
0.020621
0.00132249
0.0223287
0.00149523
0.0234139
0.00160537
0.0239708
0.00167857
0.0240786
0.0238853
8.14654e-05
0.00424192
0.000292309
0.0101321
0.000585088
0.0145312
0.000914642
0.017842
0.0012402
0.0202954
0.00152614
0.0220428
0.0017406
0.0231994
0.00184666
0.0238648
0.00178106
0.0241442
0.0241841
9.10687e-05
0.00415085
0.000323193
0.00990002
0.000650211
0.0142042
0.00102661
0.0174656
0.00140927
0.0199127
0.00175857
0.0216935
0.00203834
0.0229196
0.00221402
0.0236891
0.00225893
0.0240993
0.0242467
0.000100061
0.00405079
0.000354801
0.00964528
0.000719693
0.0138393
0.0011497
0.0170356
0.00160105
0.0194614
0.00203328
0.0212613
0.00241121
0.0225417
0.00270731
0.023393
0.00290943
0.0238971
0.0241185
0.000108371
0.00394242
0.00038656
0.00936709
0.000792237
0.0134337
0.0012816
0.0165462
0.00181128
0.0189317
0.00234106
0.0207315
0.00283679
0.022046
0.00327356
0.0229562
0.00364051
0.0235302
0.0238154
0.000115919
0.0038265
0.000417929
0.00906508
0.000866445
0.0129851
0.00141943
0.0159932
0.00203438
0.0183168
0.00267132
0.0200946
0.00329582
0.0214215
0.00388181
0.0223702
0.00441395
0.0229981
0.0233434
0.00012272
0.00370378
0.00044863
0.00873917
0.000941346
0.0124924
0.00156093
0.0153737
0.00226589
0.0176118
0.00301615
0.0193443
0.00377583
0.0206618
0.00451551
0.0216305
0.00521334
0.0223002
0.0227036
0.000128954
0.00357483
0.000478854
0.00838927
0.00101682
0.0119545
0.00170519
0.0146853
0.00250356
0.0168134
0.00337147
0.0184764
0.0042709
0.0197624
0.00516814
0.0207333
0.00603454
0.0214338
0.0218927
0.000135028
0.0034398
0.000509412
0.00801488
0.0010939
0.01137
0.00185318
0.013926
0.00274797
0.0159187
0.00373745
0.0174869
0.00478135
0.0187185
0.00584151
0.0196731
0.00688267
0.0203927
0.0209032
0.000141549
0.00329825
0.00054177
0.00761466
0.00117489
0.0107368
0.00200786
0.013093
0.00300263
0.0149239
0.00411829
0.0163712
0.00531265
0.0175241
0.00654348
0.0184423
0.00776929
0.0191669
0.019723
0.000149548
0.000578311
0.00126362
0.0021744
0.00327394
0.00452167
0.00587417
0.00728591
0.00870963
)
;

boundaryField
{
    inlet
    {
        type            calculated;
        value           uniform 0;
    }
    outlet
    {
        type            calculated;
        value           nonuniform List<scalar> 
40
(
0.131688
0.180498
0.224026
0.263428
0.300296
0.335075
0.366705
0.393847
0.415358
0.430061
0.0266023
0.0227262
0.0187608
0.014752
0.0107252
0.00673398
0.00295629
-0.000238297
-0.00292285
-0.00543069
-0.00787882
-0.0102834
-0.0126826
-0.0150865
-0.0174825
-0.0198525
-0.0221812
-0.0244577
-0.0266751
-0.0288453
-0.125853
-0.162329
-0.196755
-0.230501
-0.265139
-0.302169
-0.344227
-0.393932
-0.446474
-0.482841
)
;
    }
    cylinder
    {
        type            calculated;
        value           uniform 0;
    }
    top
    {
        type            symmetryPlane;
        value           uniform 0;
    }
    bottom
    {
        type            symmetryPlane;
        value           uniform 0;
    }
    defaultFaces
    {
        type            empty;
        value           nonuniform 0();
    }
}


// ************************************************************************* //
