/*--------------------------------*- C++ -*----------------------------------*\
  =========                 |
  \\      /  F ield         | OpenFOAM: The Open Source CFD Toolbox
   \\    /   O peration     | Website:  https://openfoam.org
    \\  /    A nd           | Version:  7
     \\/     M anipulation  |
\*---------------------------------------------------------------------------*/
FoamFile
{
    version     2.0;
    format      ascii;
    class       surfaceScalarField;
    location    "61.6";
    object      phi;
}
// * * * * * * * * * * * * * * * * * * * * * * * * * * * * * * * * * * * * * //

dimensions      [0 3 -1 0 0 0 0];

internalField   nonuniform List<scalar> 
3880
(
-3.33146e-05
-0.000845573
0.000878888
-3.83709e-05
-0.00167982
0.00168488
2.15442e-05
-0.00194868
0.00188877
0.000173906
-0.00178087
0.00162851
0.000440697
-0.00124546
0.000978665
0.000838628
-0.000384824
-1.31073e-05
0.00137618
0.000769334
-0.00130688
0.00205099
0.00218328
-0.00285808
0.00284769
0.00381364
-0.00461035
0.00560256
0.00373644
-0.00649131
-3.82537e-05
-0.00080732
-5.00498e-05
-0.00166802
-2.61577e-07
-0.00199847
0.000136899
-0.00191803
0.000385557
-0.00149411
0.000766336
-0.000765603
0.00129395
0.000241725
0.00197301
0.00150421
0.00279387
0.00299279
0.00466784
0.00372859
-3.72094e-05
-0.00077011
-4.46349e-05
-0.0016606
7.90067e-06
-0.00205101
0.000142691
-0.00205283
0.000382202
-0.00173363
0.000748757
-0.00113216
0.00126186
-0.000271373
0.00193316
0.000832906
0.00276039
0.00216555
0.00370826
0.00371997
-2.88528e-05
-0.000741257
-1.82615e-05
-0.00167119
5.38327e-05
-0.0021231
0.00020397
-0.00220296
0.000449804
-0.00197946
0.000812351
-0.00149471
0.00131342
-0.000772441
0.0019705
0.00017582
0.00278973
0.00134633
0.00274316
0.00375482
-1.21864e-05
-0.000729071
3.14285e-05
-0.0017148
0.000142894
-0.00223457
0.000330145
-0.00239021
0.000604164
-0.00225348
0.00098149
-0.00187203
0.00148298
-0.00127393
0.00212966
-0.000470856
0.00293558
0.000540406
0.00178383
0.00389492
1.31263e-05
-0.000742197
0.000104771
-0.00180645
0.00027569
-0.00240549
0.000524008
-0.00263853
0.000852416
-0.00258189
0.00127063
-0.00229025
0.00179542
-0.00179872
0.0024481
-0.00112354
0.00324902
-0.000260513
0.000827605
0.00420525
4.55807e-05
-0.000787778
0.000199138
-0.00196001
0.000447552
-0.0026539
0.000779163
-0.00297014
0.00118806
-0.00299079
0.00167604
-0.00277823
0.00225347
-0.00237615
0.00293879
-0.00180885
0.00375595
-0.00107768
-0.000141481
0.00472504
8.41877e-05
-0.000871966
0.000309293
-0.00218511
0.000647904
-0.00299251
0.0010788
-0.00340104
0.00158815
-0.00350014
0.0021701
-0.00336018
0.00282763
-0.00303368
0.00357366
-0.00255488
0.00443212
-0.00193614
-0.00114484
0.00543548
0.000126441
-0.000998406
0.000427467
-0.00248614
0.000860857
-0.0034259
0.00139652
-0.00393669
0.00201415
-0.00411778
0.00270177
-0.0040478
0.00345538
-0.00378728
0.00427994
-0.00337945
0.00519379
-0.00284998
-0.00219431
0.00624327
0.000169385
-0.00116779
0.000544077
-0.00286083
0.00106667
-0.00394849
0.00169901
-0.00456904
0.00241628
-0.00483505
0.00320336
-0.00483488
0.00405267
-0.0046366
0.00496234
-0.00428911
0.00593394
-0.00382159
0.00700554
-0.00326591
0.00600476
0.0355848
-0.0378531
0.0071849
0.0619789
-0.063159
0.00720341
0.0833869
-0.0834054
0.00663881
0.102926
-0.102361
0.00579762
0.123638
-0.122797
0.00476363
0.146872
-0.145838
0.00356828
0.173194
-0.171998
0.00218716
0.204396
-0.203015
0.000877348
0.246509
-0.245199
0.296236
-0.295358
0.00640292
0.0329105
0.00810628
0.0602755
0.0084566
0.0830366
0.00806441
0.103318
0.00729306
0.124409
0.00623358
0.147931
0.00491056
0.174517
0.00329054
0.206016
0.00154947
0.24825
0.297785
0.00670334
0.0299271
0.00896242
0.0580164
0.00968116
0.0823178
0.00948355
0.103515
0.00879049
0.125102
0.00770848
0.149013
0.00625715
0.175968
0.00439724
0.207876
0.00222398
0.250423
0.300009
0.00689687
0.026785
0.00971685
0.0551965
0.0108426
0.081192
0.0108666
0.103491
0.010265
0.125704
0.00916878
0.150109
0.00759357
0.177543
0.00549754
0.209972
0.00289287
0.253028
0.302902
0.0070023
0.0236777
0.0103362
0.0518626
0.0119069
0.0796213
0.0121849
0.103213
0.0116927
0.126196
0.0105943
0.151208
0.00890551
0.179232
0.00657911
0.212298
0.00355139
0.256055
0.306453
0.0070685
0.0208144
0.0107929
0.0481382
0.012842
0.0775722
0.0134098
0.102646
0.013047
0.126559
0.0119609
0.152294
0.0101729
0.18102
0.00762897
0.214842
0.00419224
0.259492
0.310646
0.00715824
0.0183812
0.0110763
0.0442201
0.0136209
0.0750276
0.0145185
0.101748
0.0143149
0.126762
0.0132617
0.153347
0.0113911
0.182891
0.00864152
0.217592
0.00481246
0.263321
0.315458
0.0073161
0.0165006
0.0111994
0.0403368
0.0142191
0.0720079
0.0154722
0.100495
0.0154511
0.126784
0.014451
0.154347
0.0125226
0.184819
0.00959677
0.220518
0.00540206
0.267516
0.32086
0.00753354
0.0152103
0.0111838
0.0366866
0.0146396
0.068552
0.0163047
0.09883
0.0165109
0.126577
0.0155826
0.155276
0.0136072
0.186794
0.0105069
0.223618
0.00596339
0.272059
0.326824
0.00781841
0.0143974
0.0111058
0.0333993
0.0147942
0.0648636
0.016842
0.0967822
0.0173289
0.12609
0.0165238
0.156081
0.0145858
0.188733
0.0113357
0.226868
0.00652614
0.276869
0.33335
0.0186135
0.0237776
-0.0279937
0.013723
0.0382897
0.0135862
0.0650004
0.0132545
0.0971139
0.0119329
0.127412
0.00989497
0.158119
0.00728093
0.191347
0.0041217
0.230027
0.00115728
0.279833
0.334507
0.0228528
0.0308444
-0.0299196
0.0157945
0.045348
0.0134681
0.0673269
0.0126155
0.0979665
0.0110553
0.128972
0.00900376
0.16017
0.00658963
0.193761
0.00371731
0.2329
0.00102986
0.282521
0.335537
0.0255144
0.0351053
-0.0297753
0.0186272
0.0522352
0.0144554
0.0714987
0.0127945
0.0996274
0.0110611
0.130706
0.00882511
0.162406
0.0062565
0.196329
0.0033982
0.235758
0.000898007
0.285021
0.336435
0.026261
0.0371391
-0.0282949
0.020703
0.0577932
0.0155743
0.0766275
0.0127634
0.102438
0.0106663
0.132803
0.0085224
0.16455
0.00611812
0.198734
0.0034099
0.238466
0.000970859
0.28746
0.337406
0.0256464
0.0375568
-0.0260641
0.0218722
0.0615674
0.0170701
0.0814296
0.0137854
0.105723
0.0111841
0.135404
0.00859271
0.167141
0.0059598
0.201366
0.00325071
0.241175
0.000912384
0.289798
0.338318
0.0237893
0.0366728
-0.0229054
0.0216555
0.0637012
0.0173984
0.0856867
0.0138367
0.109285
0.0112346
0.138006
0.00880233
0.169574
0.00622363
0.203945
0.00350059
0.243898
0.00108823
0.292211
0.339406
0.0211139
0.0345601
-0.0190011
0.0209554
0.0638597
0.0182004
0.0884417
0.0147493
0.112736
0.0116354
0.14112
0.00878298
0.172426
0.00607272
0.206655
0.00338534
0.246586
0.00106619
0.29453
0.340473
0.0176215
0.0315287
-0.0145902
0.0187301
0.0627512
0.0172856
0.0898861
0.0147364
0.115285
0.0121466
0.14371
0.00945872
0.175114
0.00661742
0.209497
0.00376875
0.249434
0.00129485
0.297004
0.341767
0.0149274
0.0273802
-0.0107789
0.0177371
0.0599415
0.0175668
0.0900564
0.0151623
0.117689
0.012193
0.146679
0.00930954
0.177997
0.00646639
0.21234
0.00369903
0.252202
0.00127863
0.299424
0.343046
0.0107933
-0.0062632
0.0149069
0.0168406
0.0160887
0.0136323
0.0104767
0.00728235
0.00415508
0.00156653
0.00945806
-0.0295894
-0.00786232
0.00984335
-0.0303049
0.00944641
-0.0293784
0.00864847
-0.027497
0.00759991
-0.0250155
0.00638496
-0.0216904
0.00507259
-0.0176887
0.00376958
-0.0132871
0.00234686
-0.00935619
-0.00509744
0.00877143
-0.0304513
-0.00790955
0.00859658
-0.03013
0.00786273
-0.0286445
0.00684785
-0.0264821
0.00565037
-0.023818
0.00433603
-0.0203761
0.0029652
-0.0163179
0.00163815
-0.0119601
0.000194378
-0.00791242
-0.00405218
0.00772017
-0.0306896
-0.00748184
0.00710296
-0.0295128
0.00611178
-0.0276534
0.00492143
-0.0252917
0.00360224
-0.0224988
0.00221247
-0.0189863
0.00081155
-0.014917
-0.000500858
-0.0106477
-0.00181836
-0.00659492
-0.00307893
0.00629595
-0.0304188
-0.00656681
0.00534647
-0.0285633
0.00417099
-0.0264779
0.0028579
-0.0239786
0.00146034
-0.0211013
2.94161e-05
-0.0175554
-0.00135112
-0.0135364
-0.00262798
-0.00937083
-0.00379797
-0.00542493
-0.00224402
0.00454132
-0.0297413
-0.00521879
0.00335677
-0.0273788
0.0020619
-0.025183
0.000676107
-0.0225928
-0.00074662
-0.0196785
-0.00215692
-0.0161451
-0.0034945
-0.0121989
-0.00468629
-0.00817904
-0.0056962
-0.00441502
-0.0015708
0.00253473
-0.028748
-0.00352807
0.00119701
-0.0260411
-0.000170977
-0.023815
-0.00156326
-0.0212005
-0.00297132
-0.0182705
-0.00433449
-0.0147819
-0.00558254
-0.0109508
-0.00665265
-0.00710894
-0.00748927
-0.00357839
-0.00106296
0.000367515
-0.0275177
-0.00159782
-0.00104906
-0.0246245
-0.00242254
-0.0224415
-0.00381497
-0.0198081
-0.00517201
-0.0169134
-0.00644842
-0.0135055
-0.00757788
-0.00982135
-0.00850211
-0.0061847
-0.00916263
-0.00291788
-0.000711803
-0.00186639
-0.0261224
0.000471088
-0.00331027
-0.0231806
-0.00467095
-0.0210809
-0.00601573
-0.0184633
-0.00729154
-0.0156376
-0.00845536
-0.0123417
-0.00944761
-0.0088291
-0.0102147
-0.00541761
-0.010707
-0.00242561
-0.000500088
-0.00408337
-0.0246055
0.00256649
-0.00551651
-0.0217475
-0.00683524
-0.0197621
-0.00810636
-0.0171922
-0.00928141
-0.0144626
-0.0103175
-0.0113057
-0.0111651
-0.00798149
-0.0117762
-0.00480644
-0.0121173
-0.00208458
-0.000405228
-0.00620398
-0.0230328
0.00463132
-0.00759793
-0.0203535
-0.00885681
-0.0185032
-0.0100369
-0.0160121
-0.0111014
-0.0133981
-0.0120048
-0.0104022
-0.0127111
-0.00727521
-0.0131784
-0.00433907
-0.013392
-0.00187105
-0.000401876
-0.00816353
-0.0214521
0.00658285
-0.00949919
-0.0190179
-0.0106882
-0.0173143
-0.011768
-0.0149323
-0.0127212
-0.012445
-0.0134968
-0.00962659
-0.0140744
-0.00669757
-0.0144185
-0.00399497
-0.0145324
-0.00175718
-0.000463754
-0.00992047
-0.0199013
0.00836965
-0.0111824
-0.0177559
-0.0122973
-0.0161993
-0.0132745
-0.0139551
-0.0141229
-0.0115966
-0.0147833
-0.00896613
-0.0152518
-0.00622906
-0.0154986
-0.00374818
-0.0155423
-0.00171354
-0.000564765
-0.0114428
-0.0184099
0.00995138
-0.0126202
-0.0165785
-0.0136628
-0.0151567
-0.0145416
-0.0130764
-0.0152981
-0.0108401
-0.0158625
-0.00840168
-0.0162462
-0.00584534
-0.0164248
-0.00356963
-0.0164276
-0.00171076
-0.000679693
-0.0127142
-0.0169981
0.0113024
-0.0138002
-0.0154925
-0.0147768
-0.0141801
-0.0155673
-0.0122859
-0.0162487
-0.0101587
-0.0167407
-0.00790965
-0.0170664
-0.00551964
-0.0172066
-0.00342939
-0.0171966
-0.00172076
-0.000784548
-0.0137317
-0.0156742
0.0124078
-0.0147229
-0.0145013
-0.0156421
-0.0132609
-0.0163597
-0.0115683
-0.0169846
-0.00953386
-0.0174303
-0.00746395
-0.0177251
-0.00522478
-0.0178563
-0.00329827
-0.0178596
-0.00171747
-0.000856669
-0.0145031
-0.0144311
0.01326
-0.0154
-0.0136044
-0.0162705
-0.0123903
-0.0169346
-0.0109042
-0.0175217
-0.00894677
-0.0179478
-0.00703777
-0.0182381
-0.00493451
-0.0183876
-0.00314877
-0.0184281
-0.00167694
-0.000874718
-0.0150424
-0.0132442
0.0138555
-0.015852
-0.0127948
-0.0166794
-0.0115629
-0.0173125
-0.0102712
-0.0178793
-0.00837991
-0.018312
-0.00660507
-0.0186222
-0.00462432
-0.0188154
-0.00295555
-0.0189152
-0.00157722
-0.000818585
-0.0153533
-0.0120828
0.0141918
-0.0160961
-0.0120519
-0.016884
-0.0107751
-0.0175126
-0.00964248
-0.018077
-0.00781553
-0.0185412
-0.00614087
-0.0188944
-0.00427118
-0.0191546
-0.00269531
-0.0193339
-0.00139792
-0.000669208
-0.0154292
-0.0109301
0.0142765
-0.0161524
-0.0113287
-0.0169039
-0.0100236
-0.0175558
-0.00899055
-0.0181358
-0.00723555
-0.0186543
-0.00562236
-0.0190714
-0.00385407
-0.0194197
-0.00234704
-0.0196975
-0.00112007
-0.000408254
-0.0153478
-0.00974511
0.0141627
-0.0161091
-0.0105674
-0.0167935
-0.00933929
-0.0174724
-0.00831162
-0.0180785
-0.00662943
-0.0186652
-0.00503565
-0.0191663
-0.00335307
-0.0196228
-0.00189054
-0.0200218
-0.000721023
-2.04457e-05
-0.0669791
-0.00871803
0.065952
-0.0696133
-0.00793318
-0.0719959
-0.00695669
-0.074411
-0.00589655
-0.0763214
-0.00471901
-0.0778689
-0.00348812
-0.0788704
-0.00235162
-0.0794498
-0.0013111
-0.0796417
-0.000529121
-3.00709e-05
-0.0796147
-0.00778562
0.0786823
-0.0811961
-0.00635176
-0.0825948
-0.00555799
-0.0840782
-0.00441324
-0.085226
-0.00357118
-0.086159
-0.00255508
-0.0867361
-0.00177454
-0.0870603
-0.000986847
-0.0871434
-0.000446034
-3.92231e-05
-0.0932153
-0.00721383
0.0926435
-0.094001
-0.00556608
-0.094842
-0.00471696
-0.0956992
-0.00355607
-0.0963936
-0.00287678
-0.0969543
-0.00199432
-0.0972863
-0.00144255
-0.0974607
-0.000812453
-0.097485
-0.000421769
-4.17221e-05
-0.109413
-0.00693094
0.109131
-0.109894
-0.00508593
-0.110405
-0.0042061
-0.110923
-0.00303739
-0.111346
-0.00245404
-0.111694
-0.00164653
-0.111894
-0.00124221
-0.112008
-0.000698737
-0.112017
-0.000412486
-3.77437e-05
-0.129374
-0.00650353
0.128947
-0.12981
-0.00465018
-0.13022
-0.00379559
-0.13062
-0.0026378
-0.130942
-0.00213179
-0.131218
-0.00137071
-0.131395
-0.00106491
-0.131522
-0.000572308
-0.131569
-0.000365011
-1.25257e-05
-0.152727
-0.00577696
0.152001
-0.153324
-0.00405401
-0.153826
-0.00329334
-0.154262
-0.00220194
-0.154614
-0.0017799
-0.154909
-0.00107564
-0.155133
-0.000840277
-0.155329
-0.000376721
-0.155449
-0.000244927
2.78756e-05
-0.177
-0.00469841
0.175921
-0.177858
-0.00319585
-0.178579
-0.0025728
-0.179108
-0.001672
-0.179543
-0.00134501
-0.179875
-0.00074393
-0.180163
-0.000552276
-0.180395
-0.000144432
-0.180555
-8.56278e-05
7.09944e-05
-0.198496
-0.00315886
0.196956
-0.199466
-0.00222587
-0.20026
-0.00177846
-0.200814
-0.00111798
-0.201283
-0.000876078
-0.2016
-0.000427058
-0.201874
-0.00027842
-0.202044
2.60531e-05
-0.202158
2.84813e-05
8.23295e-05
-0.21328
-0.00169644
0.211818
-0.214436
-0.00106978
-0.215376
-0.00083922
-0.215976
-0.000517857
-0.216433
-0.00041837
-0.216679
-0.000181359
-0.216855
-0.000102933
-0.216889
6.08183e-05
-0.216909
4.80048e-05
5.33504e-05
-0.221213
0.219517
-0.222283
-0.223122
-0.22364
-0.224058
-0.22424
-0.224343
-0.224282
-0.224234
-0.0157204
0.0672011
0.0144713
-0.0164204
0.0793823
-0.0168683
0.0930914
-0.0170109
0.109273
-0.0166812
0.128617
-0.0155246
0.150844
-0.0132104
0.173607
-0.00963355
0.193379
-0.00510724
0.207292
0.21441
-0.0148324
0.0680053
0.0140282
-0.0154556
0.0800055
-0.0158372
0.093473
-0.0158927
0.109329
-0.0154756
0.1282
-0.0142771
0.149646
-0.0120354
0.171365
-0.00871993
0.190064
-0.00459202
0.203164
0.209818
-0.0140439
0.0686977
0.0133515
-0.0145776
0.0805392
-0.0148778
0.0937732
-0.0148699
0.109321
-0.0144097
0.12774
-0.0132247
0.148461
-0.0110944
0.169235
-0.00801261
0.186982
-0.00420584
0.199357
0.205612
-0.0131443
0.0693438
0.0124982
-0.013602
0.0809969
-0.0138128
0.0939839
-0.0137344
0.109242
-0.0132357
0.127241
-0.0120789
0.147304
-0.0100827
0.167239
-0.00725641
0.184156
-0.00379801
0.195899
0.201814
-0.0121054
0.0699379
0.0115113
-0.0124996
0.0813911
-0.0126367
0.0941211
-0.0125009
0.109107
-0.0119791
0.126719
-0.0108688
0.146194
-0.00902581
0.165396
-0.00646992
0.1816
-0.00337729
0.192806
0.198436
-0.0109547
0.0704691
0.0104236
-0.0112775
0.0817139
-0.0113483
0.0941918
-0.0111691
0.108927
-0.0106424
0.126193
-0.00960026
0.145152
-0.00793144
0.163727
-0.005662
0.17933
-0.00294781
0.190092
0.195489
-0.00971974
0.070928
0.00926079
-0.00996356
0.0819577
-0.00996738
0.0941956
-0.00975273
0.108713
-0.00923536
0.125675
-0.00828062
0.144197
-0.00680504
0.162252
-0.00483741
0.177363
-0.00251153
0.187766
0.192977
-0.00842072
0.0713016
0.00804717
-0.00858377
0.0821208
-0.00852042
0.0941322
-0.00827556
0.108468
-0.00777748
0.125177
-0.00692447
0.143344
-0.00565635
0.160983
-0.00400182
0.175708
-0.00207085
0.185835
0.190906
-0.00707869
0.0715721
0.00680811
-0.00716225
0.0822043
-0.00703188
0.0940019
-0.00676237
0.108198
-0.00629097
0.124706
-0.0055499
0.142603
-0.0044981
0.159932
-0.00316268
0.174373
-0.00162918
0.184301
0.189277
-0.00571549
0.0717178
0.00556979
-0.00572478
0.0822136
-0.00552427
0.0938014
-0.00523656
0.107911
-0.00479636
0.124266
-0.0041745
0.141981
-0.0033434
0.159101
-0.00232837
0.173358
-0.00119072
0.183164
0.188086
-0.00436615
0.0717196
0.00436438
-0.00430389
0.0821514
-0.00402748
0.0935249
-0.00372503
0.107608
-0.00331668
0.123857
-0.00281734
0.141482
-0.00220649
0.15849
-0.00150816
0.172659
-0.00076009
0.182416
0.187326
-0.00306738
0.0715788
0.00320814
-0.00291995
0.0820039
-0.00257617
0.0931812
-0.00225371
0.107286
-0.00187949
0.123483
-0.00149553
0.141098
-0.00109924
0.158093
-0.000711265
0.172271
-0.000341868
0.182046
0.186984
-0.00185938
0.071311
0.00212722
-0.00160742
0.081752
-0.00121387
0.0927876
-0.000864644
0.106937
-0.000530772
0.123149
-0.000257259
0.140824
-7.08223e-05
0.157907
2.58697e-05
0.172175
4.59136e-05
0.182026
0.18703
-0.000776271
0.0709533
0.00113399
-0.000395113
0.0813708
-1.6426e-05
0.0924089
0.000435211
0.106485
0.000764588
0.12282
0.000952883
0.140636
0.000957416
0.157902
0.000772058
0.17236
0.00043423
0.182364
0.187464
0.000169622
0.0705619
0.000221714
0.000746051
0.0807944
0.00125515
0.0918998
0.00169408
0.106046
0.00199749
0.122516
0.00208949
0.140544
0.00191219
0.15808
0.00146077
0.172812
0.000794589
0.18303
0.188259
0.00113748
0.0700188
-0.000594337
0.00179105
0.0801408
0.0023528
0.0913381
0.00282573
0.105573
0.00311523
0.122227
0.00312729
0.140532
0.00278737
0.15842
0.00209289
0.173506
0.00112423
0.183999
0.189383
0.0019454
0.0694015
-0.00132808
0.00271096
0.0793753
0.00332674
0.0907223
0.00383808
0.105062
0.00412474
0.12194
0.00407388
0.140583
0.00359188
0.158902
0.00267624
0.174422
0.00142811
0.185247
0.190811
0.00262734
0.0687681
-0.00199396
0.0034973
0.0785053
0.00415925
0.0900603
0.00470234
0.104519
0.00498737
0.121655
0.00488571
0.140684
0.00428452
0.159503
0.00317923
0.175527
0.00168796
0.186738
0.192499
0.00324608
0.068147
-0.00262499
0.00420903
0.0775424
0.00491941
0.08935
0.00549571
0.103942
0.00578723
0.121364
0.00564537
0.140826
0.0049353
0.160213
0.00365134
0.176811
0.00193132
0.188458
0.194431
0.00359315
0.0677899
-0.003236
0.00459617
0.0765393
0.00535318
0.0885929
0.00595372
0.103342
0.00625524
0.121062
0.00610121
0.14098
0.00533549
0.160979
0.00394475
0.178202
0.00207558
0.190327
0.196506
-0.0497327
0.0619509
0.0555716
-0.0448301
0.0716368
-0.0413968
0.0851596
-0.0378481
0.0997931
-0.0339353
0.117149
-0.0291735
0.136218
-0.0232386
0.155044
-0.0161655
0.171129
-0.00826351
0.182425
0.188243
-0.0603558
0.0572374
0.0650693
-0.0560332
0.0673142
-0.0519513
0.0810777
-0.0474012
0.0952429
-0.0424441
0.112192
-0.0363698
0.130144
-0.0289054
0.147579
-0.0201294
0.162352
-0.0103963
0.172692
0.177846
-0.0727697
0.0525754
0.0774316
-0.0682988
0.0628434
-0.0633513
0.0761302
-0.0578255
0.0897171
-0.0516016
0.105968
-0.0438561
0.122398
-0.034581
0.138304
-0.0238674
0.151639
-0.0120877
0.160913
0.165759
-0.0878192
0.0481553
0.0922393
-0.0826798
0.0577041
-0.0768574
0.0703077
-0.0702937
0.0831534
-0.0625065
0.0981813
-0.0527936
0.112686
-0.0414433
0.126954
-0.0285718
0.138767
-0.0146925
0.147033
0.151066
-0.104584
0.0428705
0.109868
-0.0986796
0.0518001
-0.0917804
0.0634086
-0.083533
0.074906
-0.0734551
0.0881034
-0.0613096
0.10054
-0.0475674
0.113212
-0.0322411
0.123441
-0.0160456
0.130838
0.135021
-0.124547
0.037459
0.129958
-0.117417
0.0446705
-0.109002
0.0549932
-0.0985938
0.064498
-0.0861247
0.0756343
-0.0716416
0.086057
-0.0553556
0.0969255
-0.0374935
0.105579
-0.0191311
0.112475
0.11589
-0.144105
0.0302961
0.151268
-0.135452
0.0360179
-0.12493
0.044471
-0.111883
0.0514511
-0.0967364
0.0604878
-0.0792633
0.0685838
-0.0596471
0.0773093
-0.0386003
0.0845322
-0.0178905
0.0917656
0.0979992
-0.165228
0.0228746
0.17265
-0.155066
0.0258553
-0.14262
0.0320253
-0.12767
0.0365007
-0.110478
0.0432965
-0.0905903
0.0486958
-0.0686894
0.0554085
-0.0457927
0.0616355
-0.0241026
0.0700755
0.0738965
-0.180336
0.0109731
0.192237
-0.167288
0.0128076
-0.151256
0.0159929
-0.132955
0.0181998
-0.111565
0.021907
-0.087572
0.0247023
-0.0609587
0.0287951
-0.0324237
0.0331006
-0.00450321
0.0421551
0.0693933
-0.267054
0.278027
-0.254246
-0.238253
-0.220053
-0.198146
-0.173444
-0.144649
-0.111548
-0.0693933
0.000934671
0.0574684
-0.0028314
-0.000643779
0.0666477
-0.00180888
0.0785967
-0.00270597
0.0931364
-0.0032616
0.110424
-0.00343421
0.130131
-0.00313153
0.150965
-0.00241671
0.171935
-0.00232929
0.19215
0.275697
0.00136035
0.0592976
-0.00318954
-0.000261544
0.0682696
-0.00147139
0.0798066
-0.00240192
0.0940669
-0.00300429
0.111026
-0.00320371
0.13033
-0.00297579
0.150737
-0.00229629
0.171256
-0.00210156
0.191955
0.273596
0.00185375
0.0610047
-0.00356092
0.000282127
0.0698413
-0.000909024
0.0809977
-0.00183139
0.0949893
-0.00245687
0.111652
-0.00269281
0.130566
-0.00256308
0.150607
-0.00197969
0.170672
-0.00187926
0.191855
0.271717
0.00233688
0.0626143
-0.00394651
0.000841132
0.071337
-0.000323137
0.082162
-0.00119489
0.095861
-0.00179672
0.112254
-0.00207589
0.130845
-0.00201812
0.15055
-0.00158408
0.170238
-0.00158788
0.191859
0.270129
0.00281002
0.0641427
-0.00433838
0.00140402
0.072743
0.000296366
0.0832696
-0.000540908
0.0966983
-0.00110472
0.112818
-0.00141027
0.131151
-0.00141635
0.150556
-0.00113267
0.169954
-0.00124848
0.191974
0.26888
0.00330255
0.0655664
-0.00472624
0.00200945
0.0740361
0.00100051
0.0842786
0.000178154
0.0975206
-0.000350418
0.113346
-0.000684715
0.131485
-0.000749944
0.150621
-0.000631051
0.169836
-0.000869467
0.192213
0.268011
0.0038164
0.066853
-0.00510303
0.00265643
0.0751961
0.00174521
0.0851898
0.00102268
0.0982432
0.000493591
0.113875
0.000103485
0.131875
2.14665e-05
0.150703
-9.51706e-05
0.169952
-0.000449649
0.192567
0.267561
0.00434368
0.0679717
-0.00546238
0.00333265
0.0762071
0.00252767
0.0859948
0.00188986
0.098881
0.0013946
0.11437
0.00102291
0.132247
0.000782521
0.150943
0.000565263
0.170169
2.4127e-05
0.193108
0.267585
0.00487836
0.0688891
-0.00579568
0.00402578
0.0770597
0.00333527
0.0866853
0.0027878
0.0994284
0.00233693
0.114821
0.00195262
0.132631
0.00161636
0.15128
0.00123971
0.170546
0.000464252
0.193884
0.26805
0.00540843
0.0695717
-0.00609105
0.00472315
0.077745
0.0041559
0.0872525
0.00370607
0.0998783
0.00330611
0.115221
0.00290966
0.133028
0.00248221
0.151707
0.00193357
0.171095
0.000945946
0.194872
0.268996
0.00591297
0.0699881
-0.00632936
0.00540522
0.0782527
0.00497143
0.0876863
0.0046243
0.100225
0.00428147
0.115564
0.00387924
0.13343
0.00336154
0.152225
0.00264321
0.171813
0.00144256
0.196072
0.270438
0.00638366
0.0701133
-0.0065089
0.00606389
0.0785725
0.00577153
0.0879787
0.00553286
0.100464
0.0052538
0.115843
0.00485283
0.133831
0.00424896
0.152829
0.00336484
0.172697
0.0019479
0.197489
0.272386
0.00679878
0.0699333
-0.00661874
0.0066757
0.0786956
0.00653123
0.0881232
0.00640601
0.100589
0.00619854
0.116051
0.00580819
0.134221
0.0051274
0.153509
0.00408513
0.173739
0.00245464
0.19912
0.274841
0.00714134
0.0694474
-0.00665551
0.00722381
0.0786131
0.00723121
0.0881158
0.00722268
0.100598
0.00709555
0.116178
0.0067261
0.134591
0.00598067
0.154255
0.00479158
0.174929
0.00295481
0.200956
0.277795
0.00739631
0.0686717
-0.00662058
0.00769321
0.0783162
0.00785235
0.0879566
0.00796336
0.100487
0.00792678
0.116214
0.00758982
0.134928
0.00679648
0.155048
0.00547542
0.17625
0.00344417
0.202988
0.28124
0.00755481
0.0676399
-0.00652297
0.00807103
0.0778
0.00837809
0.0876496
0.00860883
0.100256
0.00866899
0.116154
0.00837694
0.13522
0.00755534
0.15587
0.00612069
0.177684
0.00391096
0.205197
0.285151
0.00761696
0.0664042
-0.00638131
0.00835117
0.0770658
0.00880087
0.0871999
0.00915091
0.099906
0.00931512
0.11599
0.00908382
0.135451
0.0082561
0.156697
0.00672733
0.179213
0.00435576
0.207569
0.289506
0.00758778
0.0650394
-0.006223
0.00852022
0.0761333
0.00910045
0.0866197
0.00955994
0.0994465
0.00982649
0.115723
0.00966536
0.135612
0.00885462
0.157508
0.00726472
0.180803
0.00475767
0.210076
0.294264
0.00751113
0.0636112
-0.00608293
0.00863261
0.0750119
0.00933662
0.0859156
0.0099002
0.098883
0.010271
0.115353
0.0101897
0.135693
0.00940674
0.158291
0.0077669
0.182443
0.00513272
0.21271
0.299397
0.00724226
0.0622912
-0.00592224
0.00842518
0.0738289
0.00926814
0.0850727
0.00992716
0.0982239
0.0104082
0.114872
0.0104272
0.135674
0.0097366
0.158982
0.00810184
0.184077
0.00544188
0.21537
0.304839
-0.0335056
0.0585322
0.0372646
-0.028625
0.0689483
-0.0243997
0.0808474
-0.0201684
0.0939927
-0.0159649
0.110668
-0.0115131
0.131223
-0.00681226
0.154281
-0.00250451
0.17977
-0.000584361
0.21345
0.304254
-0.0489332
0.0539615
0.0535039
-0.0437842
0.0637994
-0.0383367
0.0753998
-0.0325483
0.0882044
-0.0266302
0.10475
-0.0201253
0.124718
-0.0130974
0.147253
-0.00642397
0.173096
-0.0025686
0.209595
0.301686
-0.0656828
0.0489266
0.0707177
-0.059653
0.0577695
-0.0529858
0.0687326
-0.0458496
0.0810682
-0.0383065
0.0972067
-0.0295956
0.116007
-0.0200828
0.13774
-0.0108095
0.163823
-0.00430319
0.203088
0.297382
-0.0841836
0.0435838
0.0895263
-0.0770426
0.0506286
-0.0693939
0.0610839
-0.0609875
0.0726618
-0.051504
0.0877232
-0.0402546
0.104757
-0.0280037
0.125489
-0.015902
0.151721
-0.00653185
0.193718
0.290851
-0.104982
0.037059
0.111507
-0.0972614
0.042908
-0.0888318
0.0526543
-0.0787366
0.0625666
-0.0668758
0.0758625
-0.052934
0.0908156
-0.0377532
0.110309
-0.0222913
0.136259
-0.00935569
0.180783
0.281495
-0.129575
0.0305491
0.136085
-0.120849
0.0341824
-0.110968
0.042773
-0.0987914
0.0503898
-0.0846361
0.0617072
-0.0682225
0.074402
-0.0500596
0.0921457
-0.0310769
0.117277
-0.014136
0.163842
0.267359
-0.157119
0.0220828
0.165586
-0.147959
0.0250218
-0.136842
0.0316566
-0.123291
0.0368389
-0.107604
0.0460199
-0.0889745
0.0557725
-0.068075
0.0712462
-0.0453667
0.0945683
-0.0225258
0.141001
0.244833
-0.190498
0.0136552
0.198925
-0.180366
0.0148901
-0.16807
0.0193608
-0.15368
0.0224491
-0.136661
0.0290006
-0.116714
0.0358258
-0.0942182
0.04875
-0.0688366
0.0691867
-0.0392194
0.111384
0.205614
-0.242203
0.00499455
0.250864
-0.233066
0.00575325
-0.221472
0.00776658
-0.208544
0.00952061
-0.192526
0.0129827
-0.173944
0.0172436
-0.150627
0.0254338
-0.120164
0.0387236
-0.0745491
0.0657685
0.131065
-0.314257
0.319252
-0.308504
-0.300737
-0.291217
-0.278234
-0.26099
-0.235557
-0.196833
-0.131065
0.00269376
0.0390322
-0.00446138
0.00022786
0.0559698
-0.00169562
0.0726412
-0.0033625
0.0911931
-0.00465695
0.112801
-0.00562921
0.137057
-0.00596365
0.16592
-0.00594459
0.198906
-0.00428705
0.249206
0.314965
0.00265615
0.0404476
-0.00407153
0.000541952
0.058084
-0.00137143
0.0745545
-0.00303035
0.0928521
-0.00434776
0.114119
-0.00531574
0.138025
-0.00571308
0.166317
-0.0057028
0.198896
-0.00415856
0.247662
0.310806
0.00278662
0.0414685
-0.00380747
0.000985229
0.0598854
-0.00080858
0.0763483
-0.00238495
0.0944284
-0.00367352
0.115407
-0.00462796
0.13898
-0.00509017
0.16678
-0.0050934
0.198899
-0.00380685
0.246376
0.306999
0.00299535
0.0421242
-0.00365108
0.00148505
0.0613957
-0.00018572
0.0780191
-0.00162517
0.0958679
-0.00284605
0.116628
-0.00379916
0.139933
-0.00430945
0.16729
-0.00440519
0.198995
-0.00336846
0.245339
0.303631
0.00326817
0.0424314
-0.00357542
0.00206648
0.0625974
0.000599138
0.0794865
-0.000786225
0.0972532
-0.00192968
0.117772
-0.0028763
0.140879
-0.00344293
0.167856
-0.00365541
0.199207
-0.00287105
0.244555
0.30076
0.00361872
0.042372
-0.00355925
0.00275015
0.063466
0.00149599
0.0807406
0.000160447
0.0985888
-0.000901537
0.118834
-0.00185131
0.141829
-0.00249251
0.168498
-0.00283748
0.199552
-0.00232592
0.244043
0.298434
0.00404553
0.0419111
-0.00358464
0.0035291
0.0639824
0.00249504
0.0817747
0.00133636
0.0997475
0.000255333
0.119915
-0.000726232
0.142811
-0.00143273
0.169204
-0.00194998
0.20007
-0.00173962
0.243833
0.296694
0.00452612
0.0410179
-0.00363297
0.00438544
0.0641231
0.00358512
0.082575
0.00256763
0.100765
0.00155238
0.12093
0.000533814
0.143829
-0.000243587
0.169982
-0.00100508
0.200831
-0.00111445
0.243942
0.29558
0.00503421
0.0396688
-0.00368504
0.0052974
0.0638599
0.00474699
0.0831254
0.00387293
0.101639
0.00291179
0.121891
0.00191356
0.144827
0.000969573
0.170926
-5.42578e-05
0.201855
-0.000449551
0.244337
0.29513
0.00553943
-0.00372378
0.00624029
0.0059603
0.00523836
0.00433278
0.00332241
0.00224948
0.00108974
0.000228193
0.000210462
-0.00137825
0.000649293
-0.00329966
0.0012439
-0.0045431
0.00194909
-0.00527422
0.00273749
-0.00562345
0.00359438
-0.00569178
0.00451488
-0.00555709
0.00550524
-0.00527948
0.0065962
-0.00491254
-0.00453203
0.0002431
-0.00162135
0.000728309
-0.00378487
0.00136803
-0.00518282
0.00211028
-0.00601647
0.0029257
-0.00643887
0.00380028
-0.00656636
0.00473065
-0.00648747
0.00572171
-0.00627054
0.00678343
-0.00597426
-0.00565815
0.000265986
-0.00188734
0.000774202
-0.00429309
0.00142358
-0.0058322
0.00215666
-0.00674956
0.00294322
-0.00722542
0.00377049
-0.00739362
0.0046364
-0.00735338
0.00554441
-0.00717855
0.00649656
-0.00692641
-0.00664343
0.000276075
-0.00216341
0.000779101
-0.00479611
0.00139767
-0.00645077
0.00207142
-0.00742331
0.00277127
-0.00792527
0.00348738
-0.00810973
0.00422064
-0.00808665
0.00497653
-0.00793444
0.00575906
-0.00770893
-0.00745119
0.000270969
-0.00243438
0.000737828
-0.00526297
0.00128394
-0.00699687
0.00184986
-0.00798923
0.00241057
-0.00848599
0.00296131
-0.00866047
0.00350787
-0.00863321
0.00406013
-0.0084867
0.00462765
-0.00827645
-0.00804233
0.000249114
-0.0026835
0.000648387
-0.00566225
0.00108291
-0.0074314
0.00149894
-0.00840526
0.00187866
-0.0088657
0.00222423
-0.00900604
0.00254734
-0.00895631
0.00286268
-0.00880205
0.0031848
-0.00859856
-0.0083856
0.000209983
-0.00289348
0.000512163
-0.00596443
0.000801694
-0.00772093
0.00103549
-0.00863905
0.00120555
-0.00903577
0.00132193
-0.00912242
0.00140181
-0.0090362
0.00146336
-0.0088636
0.00152314
-0.00865835
-0.00846028
0.0001542
-0.00304768
0.000333787
-0.00614401
0.000452844
-0.00783999
0.000483317
-0.00866952
0.000428569
-0.00898102
0.000306171
-0.00900002
0.000137572
-0.0088676
-5.70362e-05
-0.00866899
-0.000261981
-0.0084534
-0.00825117
8.35857e-05
-0.00313126
0.000120603
-0.00618103
5.28074e-05
-0.00777219
-0.000129896
-0.00848682
-0.000412568
-0.00869835
-0.000771458
-0.00864113
-0.00118296
-0.00845609
-0.00162806
-0.00822389
-0.00209299
-0.00798847
-0.00777767
-6.91493e-07
-0.00313057
-0.00011794
-0.00606378
-0.000379796
-0.00751034
-0.000775419
-0.0080912
-0.00127936
-0.0081944
-0.00186372
-0.00805677
-0.00250478
-0.00781503
-0.00318562
-0.00754305
-0.00389564
-0.00727845
-0.00704198
-7.65682e-05
-0.003054
-0.000350829
-0.00578952
-0.000804973
-0.0070562
-0.00140663
-0.00748954
-0.0021205
-0.00748054
-0.00291596
-0.00726131
-0.00377049
-0.0069605
-0.00466996
-0.00664358
-0.00560734
-0.00634108
-0.00606647
-0.000168862
-0.00288514
-0.000603096
-0.00535529
-0.00124226
-0.00641703
-0.00203426
-0.00669753
-0.00293702
-0.00657778
-0.00391962
-0.00627871
-0.00496194
-0.00591818
-0.00605288
-0.00555264
-0.00718818
-0.00520578
-0.004885
-0.00026126
-0.00262388
-0.000849273
-0.00476727
-0.00165973
-0.00560658
-0.00262271
-0.00573455
-0.0036916
-0.00550889
-0.00483671
-0.0051336
-0.00604082
-0.00471407
-0.00729551
-0.00429795
-0.00859828
-0.00390301
-0.0035319
-0.000349994
-0.00227389
-0.00108034
-0.00403692
-0.00204389
-0.00464304
-0.00315522
-0.00462321
-0.00436524
-0.00429888
-0.00564653
-0.00385231
-0.00698494
-0.00337566
-0.00837424
-0.00290864
-0.0098128
-0.00246446
-0.00204231
-0.000431613
-0.00184228
-0.00128866
-0.00317988
-0.00238393
-0.00354777
-0.003619
-0.00338814
-0.00494385
-0.00297403
-0.00633405
-0.00246211
-0.00777854
-0.00193116
-0.00927295
-0.00141423
-0.0108159
-0.000921551
-0.000450404
-0.000503204
-0.00133907
-0.0014682
-0.00221488
-0.00267189
-0.00234408
-0.00400511
-0.00205491
-0.00541798
-0.00156117
-0.00688935
-0.000990733
-0.00841132
-0.000409192
-0.00998137
0.000155814
-0.0115981
0.000695201
0.00121152
-0.000562528
-0.000776544
-0.00161467
-0.00116274
-0.00290265
-0.0010561
-0.00430848
-0.000649087
-0.00578274
-8.69051e-05
-0.00730745
0.000533981
-0.0088778
0.00116116
-0.0104935
0.00177154
-0.012154
0.00235571
0.00291297
-0.000608059
-0.000168485
-0.00172554
-4.52551e-05
-0.00307389
0.00029225
-0.00452786
0.000804882
-0.00603816
0.00142339
-0.00758906
0.00208488
-0.00917824
0.00275033
-0.0108081
0.00340142
-0.0124807
0.00402827
0.00462413
-0.00063896
0.000470475
-0.0017998
0.00111558
-0.00318582
0.00167827
-0.00466589
0.00228496
-0.00619009
0.0029476
-0.00774328
0.00363807
-0.00932367
0.00433072
-0.0109349
0.00501267
-0.0125827
0.00567606
0.00631796
-0.000654968
0.00112544
-0.00183767
0.00229828
-0.00324051
0.00308111
-0.00472847
0.00377292
-0.00625107
0.00447019
-0.00779315
0.00518015
-0.00935175
0.00588932
-0.0109274
0.00658837
-0.0125273
0.00727591
0.00795339
-0.000657489
0.00178293
-0.00184182
0.00348261
-0.00324213
0.00448142
-0.00472256
0.00525334
-0.00623468
0.00598232
-0.00776895
0.00671442
-0.00933268
0.00745306
-0.0109442
0.00819984
-0.0126368
0.00896854
0.00978789
-0.000642315
0.00242525
-0.00180615
0.00464644
-0.00318466
0.00585994
-0.00464231
0.00671099
-0.00613177
0.00747178
-0.00764543
0.00822808
-0.00919064
0.00899828
-0.0107767
0.00978585
-0.0124017
0.0105936
0.0114144
-0.000612259
0.00303751
-0.00173523
0.00576941
-0.00307252
0.00719723
-0.00448907
0.00812754
-0.00593559
0.0089183
-0.00740105
0.00969354
-0.00888588
0.0104831
-0.010387
0.0112869
-0.0118875
0.0120942
0.0128784
-0.00056838
0.00360589
-0.00163095
0.00683198
-0.00290759
0.00847387
-0.00426367
0.00948362
-0.0056455
0.0103001
-0.00703601
0.011084
-0.00842853
0.0118756
-0.00981377
0.0126722
-0.0111758
0.0134562
0.0142009
-0.000512153
0.00411804
-0.00149616
0.00781599
-0.00269362
0.00967133
-0.00397087
0.0107609
-0.00526869
0.0115979
-0.00656372
0.0123791
-0.00784464
0.0131566
-0.00910143
0.013929
-0.0103244
0.0146791
0.0153878
-0.000445454
0.00456349
-0.00133473
0.00870527
-0.00243627
0.0107729
-0.00361861
0.0119432
-0.00481701
0.0127963
-0.00600256
0.0135646
-0.00716139
0.0143154
-0.00828532
0.0150529
-0.00937097
0.0157648
0.0164404
-0.000370479
0.00493397
-0.0011514
0.00948619
-0.00214267
0.0117641
-0.00321692
0.0130175
-0.00430462
0.0138841
-0.00537208
0.0146321
-0.00640389
0.0153472
-0.00739403
0.016043
-0.00834348
0.0167142
0.0173577
-0.000289623
0.0052236
-0.000951504
0.0101481
-0.00182091
0.0126335
-0.00277695
0.0139735
-0.00374642
0.0148535
-0.00469139
0.0155771
-0.00559498
0.0162508
-0.00645241
0.0169005
-0.00726678
0.0175286
0.0181381
-0.000205289
0.00542888
-0.000740651
0.0106834
-0.00147959
0.0133725
-0.00231024
0.0148041
-0.00315714
0.0157004
-0.00397847
0.0163984
-0.0047554
0.0170277
-0.00548306
0.0176281
-0.00616471
0.0182102
0.0187815
-0.000119557
0.00554844
-0.000524268
0.0110881
-0.00112727
0.0139755
-0.00182815
0.015505
-0.0025508
0.0164231
-0.00324989
0.0170975
-0.00390399
0.0176818
-0.00450685
0.018231
-0.00506046
0.0187638
0.0192909
-6.15734e-05
0.00561001
-0.000345347
0.0113719
-0.000811673
0.0144418
-0.00137881
0.0160722
-0.00197383
0.0170181
-0.00254932
0.017673
-0.00308108
0.0182136
-0.00356066
0.0187106
-0.00398793
0.0191911
0.0196673
1.15321e-05
0.00559848
-0.000145173
0.0115286
-0.000473817
0.0147705
-0.000908889
0.0165072
-0.0013811
0.0174903
-0.0018411
0.018133
-0.0022615
0.018634
-0.00263098
0.01908
-0.00294709
0.0195072
0.0199284
7.95095e-05
0.00551897
4.49579e-05
0.0115632
-0.000148561
0.014964
-0.000453493
0.0168122
-0.000806286
0.0178431
-0.00115685
0.0184835
-0.00147461
0.0189517
-0.00174509
0.0193505
-0.0019636
0.0197257
0.020092
0.000139107
0.00537987
0.000218177
0.0114841
0.000157511
0.0150246
-1.98676e-05
0.0169896
-0.000258036
0.0180813
-0.000505745
0.0187312
-0.000730011
0.019176
-0.000913219
0.0195337
-0.00104774
0.0198602
0.0201783
0.000190584
0.00518928
0.000375391
0.0112993
0.000439437
0.0149606
0.000384108
0.0170449
0.000256333
0.018209
0.000105041
0.0188825
-3.43267e-05
0.0193154
-0.000141678
0.0196411
-0.000207662
0.0199262
0.0201923
0.00023328
0.004956
0.00051305
0.0110195
0.000693753
0.0147799
0.000754654
0.016984
0.000731331
0.0182323
0.000670063
0.0189438
0.000607959
0.0193775
0.000568207
0.0196808
0.000561786
0.0199327
0.0201598
0.000267039
0.00468896
0.000629817
0.0106567
0.000917364
0.0144923
0.00108726
0.0168141
0.00116243
0.0181572
0.001185
0.0189212
0.00119317
0.0193693
0.00121338
0.0196606
0.0012582
0.0198878
0.0200899
0.000292097
0.00439687
0.0007252
0.0102236
0.00110856
0.014109
0.00137917
0.0165435
0.00154625
0.0179901
0.00164646
0.018821
0.00171851
0.0192973
0.00179315
0.019586
0.00188687
0.0197941
0.0199828
0.000308995
0.00408787
0.000799543
0.0097331
0.00126684
0.0136417
0.00162893
0.0161814
0.00188054
0.0177385
0.00205144
0.0186501
0.00217991
0.0191688
0.00230291
0.019463
0.00245274
0.0196443
0.0198105
0.000318507
0.00376936
0.000853918
0.00919768
0.00139289
0.0131027
0.00183658
0.0157377
0.00216476
0.0174103
0.00239885
0.018416
0.00257597
0.0189917
0.00273917
0.0192998
0.00294703
0.0194364
0.0195216
0.000320762
0.0034486
0.000890873
0.00862757
0.00149236
0.0125012
0.00201118
0.0152189
0.00241062
0.0170109
0.00269836
0.0181283
0.00289787
0.0187922
0.00302198
0.0191757
0.00303714
0.0194213
0.0197273
0.000322977
0.00312562
0.000918162
0.00803239
0.00156899
0.0118504
0.00215035
0.0146375
0.00261052
0.0165507
0.00294348
0.0177953
0.00316194
0.0185737
0.00327504
0.0190626
0.00327678
0.0194195
0.0198145
0.000319875
0.00280575
0.000930308
0.00742196
0.00162023
0.0111605
0.00225696
0.0140008
0.00277597
0.0160317
0.0031598
0.0174115
0.00341495
0.0183186
0.00355393
0.0189236
0.00358945
0.019384
0.0198431
0.000312675
0.00249308
0.00092985
0.00680478
0.00164958
0.0104407
0.00233521
0.0133152
0.0029119
0.015455
0.00335205
0.0169713
0.00365636
0.0180143
0.00383843
0.0187415
0.00392036
0.0193021
0.0198169
0.000302421
0.00219065
0.000919059
0.00618814
0.00166
0.0096998
0.00238805
0.0125871
0.00302038
0.0148227
0.00352007
0.0164716
0.00388155
0.0176528
0.00411778
0.0185053
0.00425535
0.0191645
0.0197339
0.000289984
0.00190067
0.000899895
0.00557823
0.00165403
0.00894567
0.00241772
0.0118234
0.00310251
0.0141379
0.00366316
0.015911
0.00408752
0.0172284
0.00438594
0.0182068
0.00458522
0.0189652
0.0195929
0.000276067
0.0016246
0.000874026
0.00498027
0.00163381
0.00818589
0.00242596
0.0110313
0.00315884
0.013405
0.00378005
0.0152898
0.00427061
0.0167379
0.00463647
0.017841
0.00490169
0.0187
0.0193915
0.000261229
0.00136338
0.000842861
0.00439864
0.00160121
0.00742754
0.00241424
0.0102183
0.00318945
0.0126298
0.00386874
0.0146105
0.00442628
0.0161803
0.00486245
0.0174048
0.00519696
0.0183655
0.0191261
0.000245901
0.00111747
0.000807607
0.00383693
0.00155792
0.00667722
0.00238387
0.00939231
0.00319431
0.0118193
0.00392699
0.0138778
0.00454974
0.0155576
0.00505675
0.0168978
0.00546253
0.0179597
0.018793
0.000230387
0.000887088
0.000769336
0.00329798
0.00150563
0.00594093
0.00233639
0.00856154
0.00317374
0.010982
0.00395302
0.0130985
0.00463651
0.0148741
0.00521212
0.0163222
0.00568867
0.0174832
0.0183906
0.000208087
0.000679001
0.000715082
0.00279099
0.00142649
0.00522953
0.00225062
0.00773741
0.00310456
0.010128
0.00392276
0.0122803
0.00466272
0.0141341
0.00530593
0.015679
0.00585481
0.0169343
0.017916
0.000192426
0.000486575
0.000672007
0.00231141
0.00135843
0.00454311
0.00217088
0.00692496
0.00303253
0.0092664
0.00387867
0.0114342
0.00466351
0.0133493
0.00536294
0.0149795
0.00597321
0.016324
0.0173804
0.000177395
0.00030918
0.000628621
0.00186018
0.00128608
0.00388565
0.00207956
0.00613148
0.0029391
0.00840685
0.00380224
0.0105711
0.00462115
0.0125304
0.00536691
0.0142338
0.00602976
0.0156612
0.0167914
0.000163034
0.000146146
0.000585421
0.0014378
0.00121075
0.00326032
0.00197876
0.00536347
0.00282679
0.00755883
0.00369576
0.00970209
0.00453716
0.011689
0.00531814
0.0134528
0.00602322
0.0149561
0.0161591
0.000149397
-3.25129e-06
0.000542869
0.00104432
0.00113367
0.00266951
0.00187068
0.00462647
0.00269861
0.00673089
0.00356273
0.00883797
0.00441508
0.0108366
0.00521993
0.012648
0.00595632
0.0142197
0.0154948
0.000136535
-0.000139786
0.000501354
0.000679505
0.00105599
0.00211488
0.00175749
0.00392497
0.00255786
0.00593052
0.00340742
0.00798841
0.00426012
0.00998392
0.0050786
0.0118295
0.00583687
0.0134614
0.0148087
0.000124455
-0.000264241
0.000461139
0.000342821
0.0009786
0.00159741
0.00164109
0.00326248
0.00240761
0.005164
0.0032342
0.00716183
0.00407816
0.00913996
0.00490259
0.0110051
0.0056778
0.0126862
0.0141052
0.000113119
-0.000377361
0.000422318
3.36228e-05
0.000902067
0.00111766
0.00152285
0.0026417
0.00225019
0.00443666
0.00304633
0.00636569
0.00387374
0.00831254
0.00469941
0.0101794
0.00549449
0.0118911
0.0133767
0.000102433
-0.000479794
0.00038481
-0.000248755
0.000826598
0.000675877
0.00140347
0.00206482
0.00208662
0.00375352
0.00284449
0.00560782
0.00364632
0.00751071
0.00446808
0.00935763
0.00529567
0.0110635
0.0125895
9.22614e-05
-0.000572056
0.000348419
-0.000504913
0.000752166
0.00027213
0.00128315
0.00153384
0.00191651
0.00312016
0.00262482
0.0048995
0.00338219
0.00675334
0.0041728
0.00856702
0.00501234
0.010224
0.0116796
8.26659e-05
-0.000654722
0.000313223
-0.00073547
0.000679474
-9.41217e-05
0.00116411
0.0010492
0.00174358
0.00254069
0.0023882
0.00425488
0.00306163
0.00607991
0.00371226
0.00791639
0.00424117
0.00969508
0.0114594
7.25299e-05
-0.000727252
0.000277966
-0.000940906
0.000607635
-0.00042379
0.00104658
0.000610254
0.00157202
0.00201525
0.0021525
0.00367441
0.00274681
0.0054856
0.00330098
0.00736222
0.00374905
0.00924701
0.0111369
6.21273e-05
-0.000789379
0.00024262
-0.0011214
0.000536978
-0.000718148
0.000933363
0.000213868
0.00141121
0.0015374
0.00194086
0.00314476
0.00248415
0.00494231
0.00299687
0.0068495
0.00343834
0.00880553
0.0107677
5.11948e-05
-0.000840574
0.000206766
-0.00127697
0.000467271
-0.000978653
0.000825038
-0.000143897
0.00126322
0.00109922
0.00175609
0.00265189
0.00227088
0.00442751
0.00277228
0.0063481
0.00323255
0.00834526
0.0103492
3.95062e-05
-0.00088008
0.000169967
-0.00140743
0.000397868
-0.00120655
0.000720688
-0.000466717
0.00112644
0.000693465
0.00159443
0.0021839
0.00209759
0.00392435
0.00260734
0.00583835
0.00310193
0.00785067
0.00987573
2.69268e-05
-0.000907007
0.000131952
-0.00151246
0.000328136
-0.00140274
0.000618857
-0.000757438
0.000997868
0.000314454
0.00145014
0.00173163
0.00195412
0.00342038
0.00248595
0.00530653
0.00302538
0.00731124
0.00934186
1.35035e-05
-0.000920511
9.28797e-05
-0.00159183
0.000257968
-0.00156783
0.000518428
-0.0010179
0.000874304
-4.14222e-05
0.0013167
0.00128924
0.00182936
0.00290771
0.00239189
0.004744
0.00298356
0.00671958
0.00874078
-9.30924e-08
-0.000920417
5.35885e-05
-0.00164551
0.000188311
-0.00170255
0.000419554
-0.00124914
0.00075381
-0.000375677
0.00118862
0.000854422
0.0017132
0.00238313
0.00231028
0.00414692
0.00295849
0.00607137
0.0080663
-1.44121e-05
-0.000906005
1.57476e-05
-0.00167567
0.000121669
-0.00180847
0.000324596
-0.00145207
0.000637175
-0.000688257
0.00106356
0.000428039
0.00159884
0.00184785
0.00222945
0.00351631
0.00293428
0.00536653
0.00731555
-2.71181e-05
-1.79169e-05
6.23796e-05
0.000238824
0.000529233
0.000944164
0.00148513
0.00214336
0.00289955
)
;

boundaryField
{
    inlet
    {
        type            calculated;
        value           uniform 0;
    }
    outlet
    {
        type            calculated;
        value           nonuniform List<scalar> 
40
(
0.0228501
0.0558278
0.0881228
0.118441
0.149136
0.181153
0.215534
0.255329
0.302013
0.344613
0.0011811
-0.00085089
-0.0027916
-0.00463289
-0.00636941
-0.00799712
-0.00951378
-0.0109187
-0.0122121
-0.0133953
-0.0144705
-0.0154412
-0.0163127
-0.0170918
-0.0177874
-0.0184101
-0.0189713
-0.0194833
-0.0199585
-0.0204096
-0.0796321
-0.0871343
-0.0974825
-0.112021
-0.131595
-0.155489
-0.180598
-0.20217
-0.21688
-0.224181
)
;
    }
    cylinder
    {
        type            calculated;
        value           uniform 0;
    }
    top
    {
        type            symmetryPlane;
        value           uniform 0;
    }
    bottom
    {
        type            symmetryPlane;
        value           uniform 0;
    }
    defaultFaces
    {
        type            empty;
        value           nonuniform 0();
    }
}


// ************************************************************************* //
