/*--------------------------------*- C++ -*----------------------------------*\
  =========                 |
  \\      /  F ield         | OpenFOAM: The Open Source CFD Toolbox
   \\    /   O peration     | Website:  https://openfoam.org
    \\  /    A nd           | Version:  7
     \\/     M anipulation  |
\*---------------------------------------------------------------------------*/
FoamFile
{
    version     2.0;
    format      ascii;
    class       volScalarField;
    location    "5.6";
    object      p;
}
// * * * * * * * * * * * * * * * * * * * * * * * * * * * * * * * * * * * * * //

dimensions      [0 2 -2 0 0 0 0];

internalField   nonuniform List<scalar> 
8000
(
0.259457
0.261854
0.263493
0.265346
0.267247
0.26918
0.271125
0.273062
0.274976
0.276852
0.278681
0.280455
0.28217
0.283822
0.285411
0.286936
0.288399
0.289803
0.291151
0.292439
0.258232
0.260655
0.262337
0.264238
0.26618
0.268143
0.270107
0.272052
0.273962
0.275824
0.27763
0.279372
0.281047
0.282653
0.284188
0.285656
0.287057
0.288394
0.289661
0.290895
0.256933
0.259416
0.261158
0.263117
0.265109
0.26711
0.2691
0.271058
0.272969
0.274821
0.276607
0.278321
0.279958
0.281518
0.283002
0.284412
0.285752
0.28702
0.288206
0.289379
0.255617
0.258175
0.259981
0.262004
0.26405
0.266093
0.268112
0.270086
0.272001
0.273847
0.275615
0.277301
0.278903
0.28042
0.281853
0.283205
0.284482
0.285682
0.286787
0.287889
0.25428
0.256924
0.2588
0.260891
0.262996
0.265085
0.267137
0.269131
0.271054
0.272896
0.27465
0.276311
0.277879
0.279354
0.280737
0.282033
0.283248
0.284378
0.285404
0.286424
0.252912
0.255654
0.257606
0.259773
0.261941
0.264081
0.26617
0.268189
0.270123
0.271964
0.273706
0.275345
0.276882
0.278318
0.279654
0.280895
0.282047
0.283109
0.284055
0.284984
0.251507
0.25436
0.256395
0.258644
0.260882
0.263078
0.265209
0.267255
0.269204
0.271048
0.27278
0.2744
0.275909
0.277308
0.278599
0.279786
0.280877
0.281871
0.282741
0.283568
0.25006
0.253037
0.255163
0.257502
0.259815
0.262071
0.264248
0.266326
0.268293
0.270141
0.271867
0.273471
0.274955
0.27632
0.277569
0.278706
0.279738
0.280666
0.281463
0.282175
0.248565
0.251682
0.253907
0.256341
0.258736
0.261058
0.263285
0.265397
0.267384
0.26924
0.270962
0.272553
0.274015
0.27535
0.276561
0.277651
0.278626
0.279493
0.280222
0.280809
0.247015
0.25029
0.252621
0.25516
0.257642
0.260034
0.262314
0.264464
0.266474
0.268338
0.27006
0.27164
0.273083
0.274392
0.275569
0.276617
0.27754
0.27835
0.27902
0.279472
0.245403
0.248856
0.251304
0.253954
0.25653
0.258997
0.261333
0.263523
0.265556
0.267432
0.269154
0.270726
0.272153
0.273439
0.274587
0.275599
0.276478
0.277238
0.27786
0.278169
0.243724
0.247379
0.249951
0.252721
0.255396
0.257942
0.260337
0.262567
0.264625
0.266513
0.268237
0.269803
0.271216
0.272483
0.273608
0.274591
0.275433
0.276156
0.276745
0.276909
0.241972
0.245853
0.24856
0.251459
0.254238
0.256866
0.259322
0.261593
0.263676
0.265577
0.267302
0.268861
0.270263
0.271514
0.272622
0.273585
0.274402
0.275102
0.275682
0.275702
0.240142
0.244276
0.247129
0.250164
0.253053
0.255766
0.258284
0.260596
0.262703
0.264615
0.26634
0.267892
0.269281
0.27052
0.271615
0.272568
0.273375
0.274073
0.274676
0.274566
0.23823
0.242646
0.245655
0.248834
0.251839
0.254638
0.257217
0.25957
0.2617
0.26362
0.265343
0.266884
0.268259
0.269485
0.270572
0.271525
0.272338
0.273063
0.273737
0.273528
0.236234
0.240963
0.244137
0.247469
0.250592
0.253479
0.25612
0.258512
0.260661
0.262585
0.2643
0.265826
0.267182
0.268391
0.269471
0.27043
0.271268
0.272055
0.272866
0.272621
0.234154
0.239225
0.242576
0.246068
0.249313
0.252288
0.254989
0.257416
0.259581
0.261503
0.263203
0.264705
0.266034
0.267218
0.268283
0.269249
0.270123
0.271006
0.272039
0.271875
0.231989
0.237436
0.240973
0.244631
0.248
0.251063
0.253822
0.256281
0.258456
0.260369
0.262045
0.263511
0.264799
0.265941
0.266976
0.267937
0.268846
0.269858
0.271258
0.271433
0.229746
0.235598
0.23933
0.243159
0.246654
0.249804
0.252617
0.255103
0.257281
0.259177
0.260817
0.262234
0.263459
0.264533
0.265504
0.266427
0.267356
0.268571
0.270698
0.271898
0.227433
0.233718
0.237651
0.241656
0.245276
0.24851
0.251374
0.253882
0.256056
0.257925
0.259518
0.260866
0.262003
0.262966
0.263803
0.264574
0.265372
0.266614
0.269311
0.271964
0.295257
0.299689
0.302954
0.306226
0.308907
0.311379
0.313552
0.315511
0.317259
0.318814
0.320184
0.321378
0.322403
0.323267
0.32398
0.324552
0.324993
0.325314
0.325525
0.325629
0.29386
0.298102
0.301368
0.304604
0.307275
0.309739
0.311912
0.313875
0.315628
0.317192
0.318573
0.319778
0.320815
0.321693
0.322418
0.323004
0.323457
0.323791
0.324011
0.324129
0.292435
0.296538
0.299781
0.302988
0.305644
0.3081
0.310271
0.312236
0.313996
0.315568
0.31696
0.318177
0.319227
0.320119
0.320858
0.321458
0.321924
0.322271
0.322501
0.322631
0.290975
0.294999
0.298195
0.30138
0.304016
0.306463
0.308631
0.310597
0.312363
0.313943
0.315346
0.316576
0.31764
0.318546
0.3193
0.319914
0.320393
0.320754
0.320994
0.321137
0.289466
0.293485
0.296607
0.299779
0.302392
0.304829
0.306992
0.308958
0.310728
0.312317
0.313731
0.314974
0.316053
0.316974
0.317743
0.318371
0.318865
0.319238
0.319489
0.319644
0.287898
0.291995
0.295016
0.298184
0.300772
0.303198
0.305355
0.30732
0.309094
0.310691
0.312116
0.313373
0.314467
0.315403
0.316188
0.316831
0.317339
0.317724
0.317986
0.318153
0.286258
0.290527
0.29342
0.296596
0.299155
0.30157
0.303719
0.305683
0.30746
0.309065
0.3105
0.311771
0.312881
0.313832
0.314633
0.315292
0.315813
0.316211
0.316484
0.316663
0.284533
0.289077
0.291818
0.295013
0.297542
0.299946
0.302087
0.304047
0.305826
0.307438
0.308885
0.310169
0.311294
0.312262
0.313079
0.313753
0.314289
0.314699
0.314982
0.315171
0.282712
0.287642
0.290209
0.293433
0.295933
0.298326
0.300457
0.302413
0.304193
0.305811
0.307269
0.308567
0.309708
0.310692
0.311525
0.312214
0.312765
0.313188
0.31348
0.313679
0.280786
0.286213
0.288594
0.291854
0.294327
0.296708
0.298828
0.300779
0.30256
0.304184
0.305652
0.306965
0.308122
0.309123
0.309971
0.310676
0.31124
0.311676
0.311978
0.312185
0.278751
0.284782
0.286972
0.290274
0.292723
0.295092
0.2972
0.299146
0.300926
0.302556
0.304035
0.305362
0.306535
0.307552
0.308417
0.309137
0.309715
0.310163
0.310474
0.310688
0.276607
0.283336
0.285343
0.28869
0.291119
0.293475
0.295572
0.297511
0.299292
0.300927
0.302417
0.303758
0.304947
0.305982
0.306863
0.307598
0.30819
0.308649
0.308968
0.309186
0.274365
0.281861
0.28371
0.287096
0.289512
0.291854
0.29394
0.295874
0.297655
0.299296
0.300798
0.302154
0.303359
0.30441
0.305307
0.306057
0.306662
0.307132
0.307458
0.30768
0.272045
0.280337
0.282072
0.285489
0.287899
0.290225
0.292302
0.294231
0.296014
0.297663
0.299177
0.300547
0.301769
0.302837
0.303751
0.304515
0.305133
0.305613
0.305945
0.306168
0.26969
0.278749
0.28043
0.283865
0.286275
0.288587
0.290657
0.292583
0.29437
0.296027
0.297554
0.29894
0.300178
0.301263
0.302193
0.302971
0.303601
0.30409
0.304427
0.304649
0.267371
0.277092
0.278792
0.282224
0.284642
0.286941
0.289007
0.290933
0.292724
0.294391
0.295931
0.297332
0.298586
0.299688
0.300634
0.301426
0.302067
0.302563
0.302903
0.303122
0.265162
0.275339
0.277146
0.280558
0.282994
0.285281
0.287347
0.289274
0.291072
0.29275
0.294304
0.295721
0.296993
0.298111
0.299072
0.299878
0.300528
0.30103
0.301373
0.301587
0.263075
0.273338
0.275376
0.278774
0.281251
0.283539
0.285615
0.287553
0.289367
0.291065
0.292641
0.294082
0.295376
0.296516
0.297497
0.298319
0.298981
0.29949
0.299835
0.300043
0.261495
0.27105
0.273399
0.276784
0.279337
0.281655
0.283767
0.28574
0.287591
0.289325
0.290937
0.292412
0.293738
0.294907
0.295911
0.296751
0.297427
0.297942
0.298289
0.298489
0.262494
0.269809
0.272073
0.275302
0.277894
0.28022
0.28235
0.284336
0.286193
0.287925
0.289528
0.29099
0.2923
0.29345
0.294436
0.295258
0.295916
0.296414
0.296745
0.296926
0.27221
0.272277
0.272856
0.275338
0.277702
0.279765
0.28163
0.283329
0.284874
0.286276
0.287544
0.288683
0.289693
0.290575
0.291329
0.291955
0.292454
0.292828
0.293076
0.293203
0.261967
0.262904
0.264321
0.267391
0.270217
0.272594
0.274697
0.276584
0.27827
0.279778
0.281125
0.282325
0.283385
0.284309
0.2851
0.285758
0.286286
0.286682
0.286946
0.287079
0.250544
0.25279
0.255167
0.258796
0.262085
0.264846
0.267258
0.269388
0.271262
0.272913
0.274368
0.275652
0.276778
0.277756
0.278593
0.27929
0.27985
0.280271
0.280553
0.280695
0.238933
0.24243
0.245656
0.249788
0.253554
0.256749
0.259521
0.261935
0.264026
0.265835
0.267404
0.268766
0.269946
0.270962
0.271826
0.272543
0.273117
0.27355
0.273839
0.273984
0.226472
0.231024
0.235071
0.239739
0.244027
0.247717
0.250917
0.253689
0.256068
0.258103
0.259844
0.261334
0.262609
0.263694
0.264608
0.265362
0.265964
0.266414
0.266715
0.266865
0.213233
0.218643
0.223442
0.228645
0.23346
0.237667
0.241337
0.244519
0.247247
0.249571
0.251545
0.253219
0.254637
0.255832
0.256829
0.257646
0.258293
0.258775
0.259096
0.259256
0.199387
0.205486
0.210938
0.216643
0.221963
0.226677
0.230825
0.234442
0.237557
0.240212
0.242464
0.244365
0.245965
0.247304
0.248413
0.249314
0.250023
0.250549
0.250897
0.25107
0.184985
0.191642
0.19765
0.203813
0.209601
0.214795
0.219408
0.223463
0.226978
0.229989
0.232548
0.234708
0.23652
0.23803
0.239274
0.240279
0.241065
0.241645
0.242027
0.242216
0.170038
0.177152
0.183636
0.190211
0.196421
0.202054
0.207103
0.211579
0.215489
0.218862
0.22174
0.224177
0.226222
0.227923
0.229321
0.230445
0.231319
0.231962
0.232383
0.232592
0.154553
0.162051
0.168947
0.175887
0.182469
0.188489
0.193931
0.198793
0.203075
0.206795
0.209989
0.212705
0.21499
0.216892
0.218453
0.219706
0.220679
0.22139
0.221856
0.222086
0.138552
0.146372
0.15363
0.160882
0.167779
0.17413
0.179908
0.185108
0.18972
0.193756
0.197243
0.200223
0.202741
0.204841
0.206566
0.207951
0.209024
0.209807
0.210319
0.210572
0.122058
0.13015
0.137721
0.145229
0.152377
0.158991
0.165042
0.170516
0.175402
0.179703
0.183443
0.186656
0.189383
0.191665
0.193543
0.195052
0.196221
0.197075
0.197632
0.197906
0.105171
0.113454
0.121274
0.128964
0.136284
0.143082
0.149325
0.154997
0.160084
0.164585
0.168519
0.171915
0.174809
0.17724
0.179247
0.180862
0.182115
0.18303
0.183627
0.18392
0.0879439
0.0963511
0.10434
0.112119
0.119515
0.126402
0.132742
0.138518
0.143714
0.14833
0.15238
0.155892
0.158896
0.161429
0.163526
0.165218
0.166534
0.167495
0.168122
0.16843
0.0707122
0.0790383
0.087046
0.0947708
0.102106
0.108952
0.115268
0.121029
0.126221
0.130844
0.13491
0.138445
0.141478
0.144043
0.146172
0.147894
0.149234
0.150214
0.150854
0.151171
0.0534109
0.0616096
0.0694706
0.0769752
0.0840845
0.0907304
0.0968666
0.102466
0.107515
0.112015
0.11598
0.119435
0.122407
0.124929
0.127029
0.128734
0.130065
0.131041
0.131679
0.131988
0.0371835
0.0446137
0.0519651
0.0589471
0.0655708
0.0717849
0.0775276
0.0827609
0.08747
0.0916573
0.0953391
0.0985404
0.101292
0.103624
0.105566
0.107141
0.108371
0.109271
0.109862
0.11017
0.0208174
0.0279246
0.0345388
0.0407086
0.0465474
0.0520508
0.0571563
0.0618187
0.06602
0.0697601
0.073053
0.0759224
0.0783972
0.080506
0.0822738
0.0837189
0.0848537
0.0856878
0.086233
0.086476
0.0081682
0.0129104
0.0183238
0.0231948
0.0277512
0.0320181
0.0359281
0.039441
0.0425522
0.0452742
0.0476302
0.049651
0.0513692
0.0528152
0.054014
0.0549847
0.05574
0.0562872
0.0566528
0.0569597
-0.0122591
-0.00549199
-0.000933432
0.00312288
0.00687989
0.0103273
0.013454
0.0162564
0.0187285
0.0208753
0.0227185
0.0242904
0.0256263
0.0267572
0.027705
0.0284826
0.029095
0.029539
0.0297776
0.029711
0.255706
0.246404
0.238094
0.228056
0.216912
0.204638
0.191443
0.177437
0.162734
0.147421
0.13161
0.115341
0.098827
0.0819563
0.0654708
0.0483465
0.0338451
0.0157555
0.010563
-0.0217277
0.256026
0.244363
0.236088
0.22561
0.214179
0.201674
0.188314
0.174197
0.159432
0.144098
0.128304
0.112085
0.0956757
0.0789165
0.062686
0.0456514
0.0318507
0.0132363
0.0109118
-0.0254952
0.256132
0.242436
0.233991
0.222955
0.211173
0.1984
0.184864
0.170643
0.155834
0.140504
0.124755
0.108611
0.0923194
0.0756967
0.0596995
0.0428193
0.0295951
0.010768
0.0104999
-0.0286143
0.254984
0.239935
0.231479
0.220052
0.208046
0.195097
0.181447
0.167162
0.152333
0.137019
0.121319
0.105255
0.0890816
0.0726024
0.0568271
0.0401223
0.0274008
0.00845357
0.00991464
-0.0315446
0.253281
0.237272
0.228813
0.217068
0.204888
0.191803
0.178064
0.163732
0.148893
0.1336
0.117951
0.101969
0.0859153
0.0695876
0.0540298
0.0375205
0.02525
0.00624493
0.00923965
-0.0344319
0.25124
0.234609
0.22608
0.214058
0.20172
0.188514
0.174701
0.16033
0.145485
0.130217
0.114622
0.0987278
0.0827961
0.0666288
0.0512846
0.0349921
0.0231216
0.00412466
0.00845747
-0.0373081
0.248882
0.23195
0.223288
0.211034
0.198554
0.185244
0.171366
0.156964
0.142118
0.126878
0.111341
0.0955372
0.0797311
0.0637327
0.0485984
0.0325428
0.0210218
0.00209561
0.00757158
-0.0402165
0.246257
0.229303
0.220453
0.208015
0.195408
0.182007
0.168073
0.153645
0.138802
0.123593
0.108115
0.0924064
0.0767292
0.0609075
0.0459807
0.0301809
0.0189624
0.000165582
0.00659405
-0.0432091
0.243429
0.226682
0.217598
0.205019
0.192297
0.178817
0.164833
0.150384
0.135545
0.120368
0.104952
0.0893418
0.073797
0.0581597
0.0434395
0.0279142
0.0169555
-0.00165306
0.00553845
-0.0463215
0.240463
0.224103
0.214748
0.202064
0.189237
0.175686
0.161656
0.147187
0.132353
0.11721
0.101858
0.0863491
0.0709406
0.0554949
0.0409827
0.025751
0.0150151
-0.00334074
0.00440927
-0.0496267
0.237419
0.221575
0.211927
0.199166
0.186241
0.172624
0.158551
0.144063
0.129234
0.114125
0.0988375
0.0834339
0.0681658
0.0529192
0.0386186
0.0237008
0.013159
-0.00486417
0.00315898
-0.053516
0.234358
0.21911
0.209158
0.19634
0.183322
0.169643
0.155526
0.141018
0.126194
0.111119
0.0958973
0.0806015
0.0654783
0.0504381
0.0363553
0.0217737
0.011412
-0.00616054
0.00169509
-0.0587322
0.231339
0.216722
0.206465
0.193601
0.180494
0.166751
0.152591
0.13806
0.123239
0.108197
0.0930423
0.0778572
0.0628833
0.0480569
0.0342005
0.0199792
0.00980454
-0.00713713
0.000154751
-0.0637787
0.228417
0.214423
0.20387
0.190962
0.177767
0.163959
0.149752
0.135195
0.120374
0.105364
0.0902775
0.0752053
0.0603853
0.0457798
0.03216
0.0183235
0.00836087
-0.007734
-0.000864388
-0.0599419
0.225646
0.21223
0.201394
0.188437
0.175152
0.161275
0.147015
0.132429
0.117605
0.102626
0.0876075
0.0726502
0.0579881
0.0436102
0.0302378
0.0168079
0.00708822
-0.00797776
-0.00145537
-0.0478731
0.223071
0.210158
0.199057
0.186039
0.17266
0.158706
0.144389
0.129768
0.114937
0.0999866
0.0850363
0.0701953
0.0556951
0.0415504
0.0284354
0.0154282
0.00597569
-0.00794812
-0.00196112
-0.0377949
0.220734
0.208226
0.196876
0.18378
0.170301
0.156262
0.141879
0.127216
0.112375
0.0974505
0.0825677
0.067844
0.0535087
0.0396016
0.0267523
0.0141768
0.0050045
-0.0077483
-0.00242146
-0.0305748
0.218672
0.20645
0.194868
0.181671
0.168082
0.153947
0.139491
0.12478
0.109923
0.0950213
0.080205
0.0655988
0.0514309
0.0377642
0.0251866
0.013045
0.00415878
-0.00747489
-0.00325212
-0.0245843
0.216915
0.204851
0.193047
0.179725
0.166014
0.151771
0.13723
0.122463
0.107585
0.0927023
0.0779508
0.0634619
0.0494629
0.0360378
0.0237359
0.0120246
0.0034254
-0.00716232
-0.00382216
-0.0198804
0.215488
0.203444
0.191427
0.17795
0.164103
0.149737
0.135102
0.120269
0.105364
0.0904963
0.0758073
0.061435
0.0476057
0.034422
0.0223975
0.0111083
0.00279767
-0.00678
-0.00423799
-0.0161761
0.214411
0.202248
0.190021
0.176357
0.162357
0.147852
0.13311
0.118203
0.103263
0.088406
0.0737768
0.0595196
0.0458599
0.0329161
0.0211687
0.0102901
0.00226705
-0.00640353
-0.00452062
-0.0132134
0.213702
0.201281
0.188839
0.174954
0.160782
0.146122
0.131259
0.116267
0.101284
0.0864327
0.0718599
0.0577156
0.0442244
0.0315177
0.0200453
0.00956334
0.00182189
-0.0060363
-0.00469181
-0.0108245
0.213372
0.200558
0.187893
0.173751
0.159386
0.144551
0.129553
0.114465
0.0994312
0.0845786
0.0700581
0.0560241
0.0426994
0.030226
0.0190252
0.00892404
0.00146006
-0.0056745
-0.00476752
-0.00888896
0.213431
0.200093
0.18719
0.172755
0.158175
0.143145
0.127996
0.112799
0.0977055
0.0828454
0.0683728
0.0544457
0.0412846
0.0290398
0.0181056
0.00836896
0.00117757
-0.00531589
-0.00476057
-0.00731281
0.213884
0.199902
0.186741
0.171974
0.157154
0.141908
0.126591
0.111272
0.0961091
0.0812346
0.0668047
0.0529806
0.0399793
0.0279576
0.017284
0.00789479
0.000969375
-0.00495753
-0.00468294
-0.00602244
0.214736
0.199996
0.186552
0.171417
0.156329
0.140844
0.125341
0.109886
0.0946438
0.0797472
0.0653545
0.0516288
0.0387828
0.0269778
0.016558
0.00749874
0.000830947
-0.00459661
-0.0045458
-0.0049605
0.215988
0.200389
0.186631
0.17109
0.155706
0.139958
0.12425
0.108644
0.093311
0.0783843
0.0640228
0.0503902
0.0376942
0.0260989
0.0159251
0.00717833
0.000758221
-0.00423072
-0.00435919
-0.00408227
0.217638
0.201093
0.186985
0.171002
0.15529
0.139254
0.12332
0.107548
0.092112
0.0771465
0.0628097
0.0492644
0.0367126
0.0253197
0.0153827
0.00693118
0.000747386
-0.00385794
-0.00413193
-0.0033527
0.219686
0.202118
0.187618
0.17116
0.155086
0.138736
0.122553
0.106598
0.0910475
0.0760342
0.0617151
0.0482505
0.035837
0.0246382
0.0149287
0.00675488
0.000794778
-0.00347687
-0.00387166
-0.00274413
0.222135
0.203473
0.188537
0.171571
0.155098
0.138407
0.121952
0.105798
0.0901183
0.0750475
0.0607382
0.0473481
0.0350661
0.0240525
0.0145605
0.00664697
0.000896834
-0.00308662
-0.0035849
-0.00223459
0.224989
0.205165
0.189743
0.172242
0.155331
0.13827
0.121519
0.105146
0.0893246
0.0741859
0.059878
0.0465566
0.0343978
0.0235606
0.0142755
0.00660484
0.00105007
-0.00268671
-0.00327711
-0.00180655
0.228182
0.207231
0.191244
0.173177
0.155789
0.138328
0.121256
0.104646
0.0886668
0.0734492
0.0591355
0.0458723
0.0338307
0.0231601
0.0140709
0.00662573
0.00125105
-0.00227704
-0.00295281
-0.00144583
0.231746
0.209675
0.193044
0.174388
0.156479
0.138586
0.121166
0.104299
0.0881464
0.0728376
0.0585072
0.0452954
0.0333623
0.0228485
0.0139435
0.00670677
0.00149644
-0.00185774
-0.00261565
-0.00114086
0.235671
0.212519
0.19516
0.175884
0.15741
0.139054
0.121257
0.104108
0.0877644
0.0723516
0.0579944
0.044825
0.0329914
0.0226237
0.0138909
0.00684543
0.00178332
-0.00142892
-0.00226839
-0.000882038
0.239932
0.215765
0.197578
0.177653
0.158574
0.139724
0.121525
0.104073
0.0875225
0.0719929
0.0575988
0.0444622
0.0327186
0.0224859
0.0139121
0.00704037
0.00210971
-0.000990282
-0.00191285
-0.000661201
0.24444
0.219336
0.200218
0.179631
0.159923
0.140563
0.121943
0.104175
0.0874059
0.0717504
0.057312
0.0442011
0.0325395
0.0224315
0.0140041
0.00728919
0.00247338
-0.000541725
-0.00155031
-0.000471319
0.249107
0.223237
0.203112
0.181844
0.161479
0.141579
0.122507
0.104394
0.0873851
0.0715886
0.0570967
0.0440059
0.0324223
0.0224341
0.0141465
0.00757743
0.0028647
-8.7214e-05
-0.00118344
-0.000306266
0.254262
0.228103
0.206837
0.184763
0.163613
0.143047
0.123406
0.104849
0.087523
0.0715285
0.0569451
0.0438512
0.0323328
0.0224582
0.014307
0.00787946
0.00326578
0.00036408
-0.000816751
-0.000160581
0.260201
0.234452
0.211836
0.188787
0.166695
0.145327
0.124994
0.105887
0.088151
0.0718782
0.0571323
0.0439712
0.0324592
0.0226455
0.0145847
0.00825939
0.00371371
0.000832553
-0.000439331
-2.89508e-05
0.263181
0.238314
0.214898
0.191361
0.168803
0.147102
0.126507
0.10721
0.0893398
0.0729726
0.0581574
0.0449395
0.0333749
0.023512
0.0154011
0.00902929
0.00441271
0.00143443
6.29429e-06
9.32726e-05
0.257875
0.236224
0.213856
0.191004
0.169002
0.147996
0.128103
0.109473
0.0921988
0.0763177
0.0618448
0.0487984
0.03722
0.0271724
0.0187277
0.0119302
0.00679298
0.00325369
0.0012208
0.000375543
0.257751
0.235291
0.211382
0.187145
0.164005
0.142189
0.121846
0.103132
0.0861214
0.0708216
0.0571996
0.0452057
0.0347887
0.0259026
0.0185029
0.0125325
0.00791102
0.00452815
0.00224305
0.000722849
0.255177
0.23253
0.207703
0.182824
0.159295
0.137348
0.11715
0.098821
0.0823839
0.0677935
0.0549686
0.043811
0.0342168
0.0260806
0.0192958
0.013748
0.0093097
0.00584113
0.00317962
0.00104159
0.251567
0.229157
0.203687
0.178479
0.154891
0.133139
0.113379
0.0956811
0.0800025
0.0662344
0.0542356
0.0438528
0.0349316
0.0273227
0.0208848
0.0154815
0.0109772
0.00723458
0.00409985
0.00134555
0.248336
0.225131
0.199701
0.174576
0.151251
0.12997
0.110846
0.0938825
0.0789757
0.0659627
0.0546571
0.0448687
0.0364129
0.0291174
0.0228257
0.017396
0.0126967
0.00860184
0.00497486
0.00163527
0.245326
0.22172
0.196394
0.171635
0.148829
0.128197
0.109799
0.0935757
0.0793675
0.0669718
0.056174
0.046765
0.0385503
0.0313548
0.025024
0.0194229
0.0144302
0.00993226
0.00580868
0.00191298
0.24317
0.219422
0.194307
0.170105
0.147957
0.128031
0.110335
0.0947513
0.0810869
0.0691171
0.0586166
0.049374
0.041199
0.033925
0.0274088
0.0215269
0.0161697
0.0112342
0.00661266
0.00218157
0.242362
0.218617
0.193828
0.170272
0.1488
0.129523
0.1124
0.0972818
0.0839566
0.0721972
0.0617831
0.0525128
0.0442087
0.0367179
0.0299102
0.0236729
0.0179054
0.0125123
0.00739447
0.00244311
0.243195
0.219543
0.195143
0.172223
0.15134
0.132564
0.115826
0.10096
0.0877567
0.0760005
0.0654856
0.0560269
0.0474625
0.0396535
0.0324804
0.0258384
0.0196321
0.0137704
0.00815927
0.00269901
0.245762
0.222253
0.198243
0.175861
0.155407
0.136939
0.120371
0.105543
0.0922629
0.0803323
0.0695658
0.059796
0.050876
0.042678
0.0350897
0.0280107
0.0213478
0.0150116
0.00891055
0.00295027
0.249978
0.226621
0.202949
0.180955
0.16074
0.142374
0.125773
0.110796
0.097273
0.0850288
0.0738981
0.0637297
0.0543882
0.0457535
0.0377172
0.0301804
0.0230502
0.0162369
0.00964996
0.00319741
0.255614
0.232388
0.208972
0.187193
0.167034
0.148586
0.131782
0.116507
0.102616
0.0899572
0.0783838
0.0677573
0.0579508
0.0488484
0.0403435
0.0323365
0.0247337
0.0174442
0.0103768
0.00344024
0.262342
0.239206
0.215954
0.194234
0.173973
0.155299
0.138164
0.122485
0.10814
0.0950016
0.0829353
0.0718138
0.0615159
0.0519282
0.0429438
0.0344619
0.0263868
0.0186263
0.0110873
0.00367757
0.269765
0.246674
0.223503
0.201718
0.181245
0.162244
0.144696
0.128547
0.1137
0.100044
0.0874586
0.0758246
0.0650246
0.0549462
0.0454818
0.036529
0.0279899
0.0197699
0.0117738
0.00390693
0.277436
0.254354
0.231206
0.209274
0.188522
0.169141
0.151141
0.134494
0.119127
0.104945
0.0918376
0.0796929
0.0683967
0.0578369
0.0479052
0.0384969
0.0295122
0.0208539
0.0124238
0.00412421
0.284883
0.261787
0.238627
0.216507
0.195453
0.175681
0.157228
0.140093
0.124221
0.109531
0.0959242
0.0832931
0.0715263
0.0605126
0.0501424
0.0403093
0.0309113
0.0218487
0.01302
0.00432359
0.291618
0.268502
0.245315
0.223002
0.201661
0.181525
0.162657
0.145076
0.128746
0.113597
0.0995399
0.0864718
0.0742838
0.0628651
0.0521053
0.0418966
0.0321347
0.0227174
0.0135404
0.00449772
0.297174
0.27404
0.250825
0.228344
0.206762
0.186321
0.167107
0.149156
0.132446
0.116919
0.102489
0.0890609
0.0765263
0.0647752
0.0536966
0.0431814
0.0331237
0.0234192
0.0139606
0.00463843
0.301141
0.277995
0.254759
0.232157
0.210401
0.18974
0.170278
0.152063
0.13508
0.119281
0.104585
0.0908987
0.0781163
0.0661279
0.0548222
0.0440892
0.033822
0.0239145
0.014257
0.00473759
0.303204
0.280043
0.256802
0.234135
0.21229
0.191515
0.171924
0.15357
0.136446
0.120505
0.10567
0.0918497
0.0789384
0.0668268
0.0554034
0.0445577
0.0341822
0.0241699
0.0144096
0.00478805
0.281397
0.282052
0.280253
0.277613
0.274552
0.271708
0.269498
0.26827
0.268307
0.269774
0.2727
0.276982
0.282389
0.288587
0.295164
0.301666
0.307618
0.31257
0.316123
0.31801
0.287662
0.28844
0.28674
0.284258
0.28142
0.278792
0.276792
0.27573
0.275865
0.277349
0.280216
0.284372
0.289606
0.295599
0.301959
0.308248
0.314008
0.318808
0.322262
0.324134
0.293059
0.293221
0.291309
0.288712
0.285896
0.28337
0.281531
0.280679
0.281054
0.282784
0.285875
0.290214
0.295573
0.301634
0.308009
0.314273
0.319988
0.324742
0.328162
0.330045
0.298781
0.298327
0.296162
0.293534
0.290723
0.288264
0.286532
0.285819
0.286351
0.288241
0.291482
0.295943
0.301389
0.307498
0.313885
0.320134
0.325819
0.330542
0.333939
0.335834
0.304607
0.303613
0.301337
0.298667
0.295918
0.293565
0.291963
0.291386
0.292047
0.294048
0.29737
0.301881
0.307343
0.313436
0.319783
0.325976
0.331599
0.336269
0.339626
0.34152
0.310376
0.308845
0.306477
0.303788
0.301134
0.298918
0.29747
0.297047
0.297843
0.299948
0.303337
0.307874
0.313324
0.319373
0.325652
0.331763
0.337302
0.341899
0.345203
0.347083
0.316061
0.314004
0.311539
0.308846
0.306303
0.304236
0.302952
0.302688
0.30362
0.305824
0.309271
0.313822
0.319247
0.325237
0.331433
0.337449
0.342892
0.347406
0.350647
0.352504
0.321631
0.319051
0.316544
0.313858
0.311436
0.309525
0.30841
0.308304
0.309365
0.311659
0.315151
0.319702
0.325086
0.331004
0.337105
0.343014
0.348351
0.352773
0.355944
0.357769
0.327048
0.324031
0.321481
0.318812
0.31652
0.314772
0.313831
0.313881
0.315065
0.317438
0.320962
0.325499
0.330827
0.336658
0.342651
0.348443
0.353665
0.357987
0.361082
0.362868
0.332293
0.3289
0.326322
0.323686
0.321531
0.319951
0.319184
0.31939
0.320692
0.323135
0.32668
0.33119
0.33645
0.342182
0.348056
0.35372
0.358819
0.363034
0.366049
0.367788
0.33734
0.333622
0.331041
0.328456
0.326445
0.325036
0.324444
0.324801
0.326216
0.328722
0.332277
0.33675
0.341933
0.347555
0.353301
0.358831
0.3638
0.367903
0.370832
0.372519
0.341969
0.33818
0.335617
0.333104
0.331241
0.330004
0.329585
0.330089
0.331611
0.334173
0.337731
0.342158
0.347254
0.352759
0.358369
0.363758
0.368593
0.372579
0.375421
0.377052
0.346521
0.342569
0.340031
0.337609
0.335898
0.334833
0.334584
0.33523
0.336852
0.339464
0.343018
0.347392
0.352395
0.357776
0.363246
0.368489
0.373185
0.377053
0.379805
0.381376
0.350779
0.346769
0.344265
0.341954
0.340398
0.339505
0.33942
0.340204
0.34192
0.344575
0.348119
0.352434
0.357338
0.362591
0.367916
0.373011
0.377567
0.381313
0.383976
0.385484
0.354736
0.350762
0.348304
0.346121
0.344723
0.344
0.344076
0.34499
0.346795
0.349487
0.353015
0.357268
0.362069
0.367191
0.372369
0.377313
0.381729
0.385354
0.387926
0.389371
0.358403
0.354538
0.352134
0.350098
0.348858
0.348304
0.348535
0.349574
0.35146
0.354185
0.357694
0.36188
0.366576
0.371565
0.376594
0.381388
0.385663
0.389167
0.39165
0.393031
0.361776
0.35809
0.355747
0.353873
0.352792
0.352405
0.352785
0.353942
0.355905
0.358656
0.362142
0.366258
0.370848
0.375704
0.380585
0.385229
0.389365
0.392749
0.395143
0.396463
0.364857
0.361411
0.359136
0.357437
0.356516
0.356293
0.356815
0.358085
0.360117
0.362891
0.366351
0.370396
0.374878
0.379601
0.384336
0.388832
0.39283
0.396097
0.398405
0.399664
0.367652
0.364498
0.3623
0.360785
0.360023
0.359961
0.36062
0.361996
0.364092
0.366883
0.370315
0.374288
0.378664
0.383255
0.387845
0.392196
0.396059
0.39921
0.401435
0.402636
0.370169
0.367351
0.365237
0.363914
0.363311
0.363406
0.364196
0.365671
0.367826
0.370631
0.374031
0.377932
0.382202
0.386664
0.391112
0.39532
0.399052
0.402092
0.404236
0.40538
0.372421
0.36997
0.367952
0.366826
0.36638
0.366627
0.367542
0.369111
0.371318
0.374133
0.377501
0.38133
0.385495
0.38983
0.394139
0.398209
0.401812
0.404744
0.40681
0.407902
0.37442
0.372357
0.370445
0.369519
0.369228
0.369625
0.370658
0.372313
0.374569
0.377391
0.380725
0.384482
0.388545
0.392756
0.396931
0.400865
0.404345
0.407172
0.409163
0.410206
0.376182
0.374518
0.372724
0.371999
0.371862
0.372402
0.373547
0.375284
0.377583
0.380409
0.383708
0.387396
0.391358
0.395449
0.399493
0.403297
0.406657
0.409384
0.411302
0.4123
0.377724
0.376459
0.374798
0.374272
0.374286
0.374964
0.376216
0.378028
0.380366
0.383195
0.386458
0.390077
0.393943
0.397917
0.401835
0.405513
0.408757
0.411386
0.413236
0.414192
0.379065
0.378189
0.376675
0.376344
0.376508
0.377318
0.378671
0.380553
0.382927
0.385755
0.388984
0.392535
0.396307
0.400169
0.403965
0.407521
0.410654
0.41319
0.414974
0.41589
0.380223
0.379714
0.378364
0.378224
0.378536
0.379472
0.380921
0.382867
0.385273
0.3881
0.391294
0.39478
0.398462
0.402215
0.405893
0.409332
0.412358
0.414805
0.416526
0.417406
0.381215
0.381047
0.379878
0.379921
0.380379
0.381436
0.382974
0.384981
0.387415
0.390239
0.393398
0.396822
0.400418
0.404067
0.407632
0.410958
0.413881
0.416243
0.417903
0.418749
0.382059
0.382196
0.381226
0.381446
0.382048
0.383218
0.384841
0.386903
0.389363
0.392183
0.395309
0.398673
0.402186
0.405736
0.409193
0.412411
0.415234
0.417514
0.419116
0.419931
0.382772
0.383174
0.38242
0.382809
0.383551
0.384829
0.386531
0.388644
0.391128
0.393944
0.397038
0.400345
0.403778
0.407233
0.410587
0.413701
0.41643
0.41863
0.420176
0.420963
0.383369
0.383993
0.383472
0.384022
0.3849
0.386279
0.388054
0.390215
0.39272
0.395531
0.398595
0.401848
0.405206
0.408571
0.411826
0.414842
0.417479
0.419603
0.421096
0.421855
0.383862
0.384665
0.384393
0.385095
0.386105
0.387577
0.389421
0.391625
0.394151
0.396957
0.399993
0.403195
0.406483
0.409762
0.412923
0.415844
0.418393
0.420445
0.421885
0.422619
0.384263
0.385204
0.385194
0.386039
0.387173
0.388732
0.39064
0.392885
0.395429
0.398232
0.401242
0.404396
0.407618
0.410817
0.413889
0.416719
0.419184
0.421165
0.422556
0.423264
0.384583
0.385626
0.385885
0.386864
0.388115
0.389753
0.39172
0.394003
0.396566
0.399366
0.402353
0.405463
0.408623
0.411746
0.414734
0.417478
0.419862
0.421776
0.423118
0.423802
0.384827
0.385944
0.386475
0.387578
0.388936
0.390648
0.392669
0.394989
0.397569
0.400369
0.403335
0.406405
0.409508
0.41256
0.415469
0.41813
0.420438
0.422286
0.423581
0.424242
0.385001
0.386175
0.386972
0.38819
0.389645
0.391423
0.393496
0.395851
0.39845
0.40125
0.404199
0.407233
0.410283
0.41327
0.416103
0.418687
0.42092
0.422706
0.423955
0.424593
0.385109
0.386338
0.387385
0.38871
0.390253
0.392094
0.394215
0.396604
0.399221
0.402023
0.404956
0.407958
0.41096
0.413885
0.416647
0.419157
0.42132
0.423044
0.424248
0.424863
0.38516
0.38645
0.387719
0.389141
0.390765
0.392663
0.394831
0.397251
0.399887
0.402693
0.405613
0.408586
0.411545
0.414413
0.417109
0.419548
0.421643
0.423308
0.424469
0.425061
0.385134
0.386473
0.387922
0.38943
0.391125
0.393077
0.395288
0.397743
0.400402
0.403219
0.406137
0.409093
0.412019
0.414842
0.417482
0.41986
0.421893
0.423504
0.424623
0.425193
0.384916
0.386334
0.387942
0.389541
0.3913
0.393302
0.395556
0.398047
0.400736
0.403574
0.406502
0.409456
0.412367
0.41516
0.417759
0.420088
0.422071
0.423635
0.424717
0.425268
0.384563
0.386348
0.388205
0.389975
0.391847
0.393919
0.396213
0.398719
0.401404
0.404219
0.407108
0.410008
0.412853
0.41557
0.418089
0.420336
0.422242
0.42374
0.424774
0.425299
0.384843
0.38803
0.390725
0.393228
0.395653
0.39808
0.400543
0.403048
0.405582
0.408119
0.410628
0.413073
0.415415
0.417613
0.419623
0.421402
0.422902
0.424078
0.424888
0.425299
0.385843
0.388775
0.391557
0.394247
0.396845
0.399415
0.401981
0.404541
0.407078
0.409564
0.411967
0.414252
0.416387
0.418339
0.420079
0.421581
0.422819
0.423772
0.424419
0.424746
0.387214
0.389889
0.39264
0.395376
0.398018
0.400614
0.403179
0.405703
0.408167
0.410542
0.412797
0.414902
0.416827
0.418547
0.420044
0.421305
0.42232
0.423085
0.423596
0.423851
0.388692
0.391193
0.393914
0.396664
0.399314
0.401896
0.404417
0.406861
0.409206
0.411426
0.413491
0.415376
0.41706
0.418527
0.419769
0.420785
0.421581
0.422165
0.422547
0.422735
0.390012
0.392373
0.395027
0.397741
0.400355
0.402891
0.405344
0.407692
0.409912
0.411977
0.41386
0.415539
0.416999
0.418233
0.419242
0.420038
0.420636
0.421058
0.421324
0.421453
0.391094
0.393345
0.395916
0.398568
0.401125
0.403595
0.405967
0.408216
0.410313
0.412231
0.413945
0.415437
0.416695
0.417718
0.418517
0.419111
0.419527
0.4198
0.419959
0.420032
0.391893
0.394078
0.396579
0.399167
0.401665
0.404069
0.406362
0.408515
0.410498
0.412281
0.41384
0.415159
0.41623
0.417057
0.417655
0.418056
0.418295
0.418419
0.418471
0.418487
0.392388
0.394553
0.397005
0.399541
0.40199
0.404339
0.406565
0.408636
0.410518
0.412182
0.413602
0.414763
0.415659
0.416297
0.4167
0.416906
0.416963
0.41693
0.416867
0.416821
0.392577
0.394766
0.397197
0.399698
0.402114
0.404424
0.406601
0.408606
0.410407
0.411969
0.413268
0.414287
0.415019
0.415475
0.415681
0.415683
0.415542
0.415335
0.415138
0.415021
0.392466
0.394729
0.397171
0.399656
0.402058
0.404348
0.406494
0.408455
0.410193
0.411675
0.412872
0.413763
0.414341
0.414617
0.414619
0.4144
0.414036
0.413623
0.413264
0.413057
0.392072
0.394468
0.396957
0.399444
0.40185
0.404139
0.406273
0.408209
0.409906
0.411328
0.41244
0.413219
0.413653
0.413748
0.413533
0.413068
0.41244
0.411771
0.411202
0.410874
0.391433
0.394029
0.3966
0.399105
0.401531
0.403835
0.405973
0.407902
0.409577
0.410958
0.412004
0.412685
0.412981
0.412891
0.412441
0.411693
0.410736
0.409738
0.408881
0.40838
0.390623
0.393494
0.396175
0.398707
0.401163
0.403493
0.405647
0.407582
0.409251
0.410607
0.411603
0.412198
0.412361
0.412078
0.411363
0.410272
0.408911
0.407462
0.406182
0.405413
0.389782
0.392985
0.395784
0.398351
0.400843
0.403204
0.405382
0.407332
0.409006
0.410349
0.411307
0.411825
0.411855
0.411364
0.410345
0.408835
0.406938
0.404849
0.402912
0.401687
0.389132
0.392673
0.395569
0.398177
0.400711
0.403108
0.405316
0.407292
0.408982
0.410325
0.411256
0.411705
0.411601
0.41088
0.409499
0.407459
0.404836
0.401806
0.398775
0.396693
0.388957
0.392752
0.395695
0.398364
0.400954
0.403402
0.405661
0.407685
0.409416
0.410789
0.411722
0.412126
0.411897
0.41093
0.409121
0.406408
0.402792
0.398332
0.393355
0.389464
0.389511
0.393383
0.396311
0.399075
0.401752
0.404289
0.406646
0.408775
0.410616
0.412092
0.41311
0.413554
0.413278
0.412107
0.409844
0.406295
0.401307
0.394638
0.386119
0.378039
0.390858
0.394579
0.397462
0.400364
0.403172
0.405863
0.408398
0.410729
0.412797
0.414521
0.415799
0.41649
0.416402
0.415271
0.412727
0.408318
0.401579
0.391865
0.377609
0.359058
0.392824
0.396296
0.399197
0.402283
0.405296
0.408242
0.411078
0.413769
0.416265
0.418502
0.420393
0.421815
0.422586
0.422403
0.420732
0.416866
0.410263
0.399631
0.377116
0.326306
0.395432
0.39865
0.401724
0.405079
0.408435
0.411803
0.415152
0.418471
0.421751
0.424983
0.428162
0.431293
0.434374
0.437294
0.439668
0.441239
0.442831
0.440458
0.395231
0.229716
0.381281
0.382221
0.383208
0.384674
0.38608
0.387356
0.388411
0.389179
0.389724
0.39004
0.39019
0.390251
0.390318
0.390494
0.390867
0.391498
0.392353
0.393359
0.394067
0.395447
0.379423
0.381028
0.382089
0.383693
0.385162
0.386493
0.387586
0.388391
0.388979
0.389346
0.389564
0.389715
0.389895
0.390201
0.390707
0.391455
0.392369
0.393378
0.393927
0.395168
0.377861
0.38034
0.381574
0.383347
0.384854
0.386185
0.387243
0.388024
0.388567
0.388895
0.389075
0.389182
0.389306
0.389541
0.389962
0.390625
0.391472
0.39248
0.393102
0.394471
0.376492
0.379665
0.381011
0.382939
0.384484
0.385824
0.386858
0.387618
0.388129
0.388425
0.388572
0.38864
0.388713
0.388883
0.389222
0.3898
0.390569
0.391547
0.392217
0.39368
0.375204
0.378945
0.380353
0.382422
0.384006
0.385366
0.386388
0.387137
0.387628
0.387905
0.388031
0.388075
0.388119
0.388249
0.38854
0.389062
0.389776
0.390724
0.391404
0.392896
0.373994
0.378231
0.379682
0.381881
0.383501
0.384876
0.385899
0.386633
0.387105
0.387362
0.387469
0.387491
0.387507
0.387605
0.387856
0.388335
0.389007
0.389929
0.390611
0.392105
0.372862
0.377531
0.379024
0.381337
0.382988
0.384378
0.385399
0.386118
0.386571
0.386807
0.386892
0.38689
0.386878
0.386943
0.387157
0.387596
0.388228
0.389126
0.389807
0.39129
0.371798
0.376834
0.378373
0.380788
0.382458
0.38387
0.384884
0.385591
0.386024
0.386239
0.386301
0.386274
0.386235
0.386269
0.386448
0.38685
0.387445
0.388316
0.388993
0.390454
0.370791
0.376134
0.377729
0.380235
0.381911
0.383347
0.384356
0.38505
0.385464
0.385658
0.385697
0.385646
0.38558
0.385585
0.385733
0.386101
0.386663
0.387505
0.388174
0.389605
0.369835
0.375432
0.377088
0.379658
0.381374
0.382813
0.383816
0.384497
0.384894
0.385066
0.385082
0.385006
0.384916
0.384894
0.385013
0.38535
0.385881
0.386695
0.387352
0.388745
0.368937
0.374719
0.376451
0.379083
0.380826
0.38227
0.383267
0.383936
0.384314
0.384465
0.384457
0.384358
0.384243
0.384196
0.384289
0.384598
0.3851
0.385886
0.38653
0.387879
0.368114
0.373945
0.375842
0.378506
0.38027
0.381719
0.382711
0.383367
0.383727
0.383858
0.383826
0.383703
0.383565
0.383493
0.383562
0.383845
0.384321
0.385079
0.385707
0.387009
0.367326
0.373167
0.37523
0.377923
0.379712
0.381164
0.382151
0.382793
0.383136
0.383245
0.38319
0.383044
0.382882
0.382788
0.382835
0.383092
0.383543
0.384273
0.384885
0.386139
0.366571
0.372382
0.374616
0.377335
0.379153
0.380607
0.381589
0.382217
0.382542
0.38263
0.382552
0.382383
0.382198
0.382082
0.382106
0.382342
0.382769
0.383471
0.384065
0.385269
0.365851
0.371581
0.374003
0.376743
0.378593
0.380048
0.381026
0.381641
0.381948
0.382015
0.381914
0.381721
0.381514
0.381376
0.381379
0.381593
0.381998
0.382673
0.383249
0.384403
0.365164
0.370763
0.37339
0.376147
0.378033
0.37949
0.380465
0.381068
0.381356
0.381403
0.381279
0.381062
0.380832
0.380673
0.380656
0.380849
0.381232
0.38188
0.382437
0.383543
0.364507
0.369929
0.372776
0.375547
0.377474
0.378935
0.379908
0.380499
0.38077
0.380796
0.380648
0.380407
0.380155
0.379974
0.379937
0.380109
0.380472
0.381093
0.381631
0.382689
0.363874
0.36908
0.372162
0.374944
0.376917
0.378383
0.379358
0.379937
0.380192
0.380196
0.380025
0.379759
0.379483
0.379281
0.379224
0.379376
0.379717
0.380313
0.380832
0.381845
0.363263
0.368217
0.371547
0.374338
0.376364
0.377838
0.378815
0.379386
0.379624
0.379607
0.379411
0.37912
0.37882
0.378595
0.378518
0.378649
0.378971
0.379541
0.380041
0.38101
0.362669
0.367338
0.370931
0.37373
0.375814
0.3773
0.378283
0.378846
0.379069
0.37903
0.37881
0.378492
0.378167
0.377919
0.37782
0.377932
0.378232
0.378778
0.379258
0.380188
0.362087
0.366443
0.370313
0.373121
0.375269
0.37677
0.377763
0.37832
0.378529
0.378468
0.378222
0.377878
0.377526
0.377255
0.377134
0.377224
0.377505
0.378026
0.378491
0.379375
0.361514
0.365532
0.369694
0.372512
0.374731
0.376252
0.377257
0.37781
0.378005
0.377924
0.377652
0.377279
0.376899
0.376602
0.376457
0.376526
0.376786
0.377284
0.377733
0.378578
0.360943
0.364605
0.369073
0.371903
0.374201
0.375745
0.376767
0.377318
0.377502
0.377399
0.3771
0.376698
0.376288
0.375962
0.375793
0.375838
0.376077
0.376553
0.376988
0.377797
0.360368
0.36366
0.368448
0.371293
0.373677
0.375251
0.376293
0.376846
0.377019
0.376895
0.376569
0.376135
0.375694
0.375338
0.375141
0.375162
0.375381
0.375834
0.376256
0.377032
0.359781
0.362696
0.367817
0.370684
0.373161
0.37477
0.375837
0.376394
0.376559
0.376415
0.37606
0.375594
0.375119
0.37473
0.374504
0.374498
0.374696
0.37513
0.37554
0.376285
0.359175
0.361714
0.367179
0.370074
0.372653
0.374303
0.375401
0.375965
0.376123
0.37596
0.375577
0.375076
0.374564
0.374139
0.37388
0.373848
0.374024
0.374439
0.374841
0.375558
0.358541
0.360712
0.366529
0.369465
0.372151
0.373851
0.374984
0.37556
0.375713
0.375531
0.37512
0.374583
0.374031
0.373567
0.373272
0.37321
0.373365
0.373764
0.37416
0.374851
0.357868
0.35969
0.365864
0.368854
0.371657
0.373414
0.374587
0.375179
0.375331
0.375132
0.37469
0.374115
0.37352
0.373013
0.37268
0.372586
0.37272
0.373104
0.373499
0.374168
0.357146
0.35865
0.36518
0.368243
0.371168
0.372991
0.374211
0.374824
0.374977
0.374762
0.374291
0.373675
0.373034
0.372479
0.372103
0.371976
0.372088
0.372461
0.372859
0.373509
0.356361
0.357594
0.364472
0.36763
0.370683
0.372583
0.373855
0.374494
0.374651
0.374423
0.373922
0.373264
0.372572
0.371966
0.371543
0.371379
0.37147
0.371836
0.372242
0.372879
0.355499
0.356524
0.363735
0.367016
0.370202
0.372188
0.373518
0.374189
0.374356
0.374116
0.373585
0.372883
0.372137
0.371473
0.370999
0.370795
0.370866
0.371228
0.37165
0.372279
0.354543
0.355446
0.362964
0.366398
0.369722
0.371804
0.3732
0.373909
0.37409
0.373841
0.373281
0.372533
0.371729
0.371003
0.370471
0.370225
0.370276
0.37064
0.371086
0.371714
0.353471
0.354365
0.362153
0.365776
0.369239
0.37143
0.372899
0.373654
0.373854
0.373599
0.373012
0.372216
0.371349
0.370555
0.36996
0.369668
0.369699
0.37007
0.370552
0.371189
0.352255
0.353286
0.361299
0.365146
0.368752
0.371064
0.372613
0.373421
0.373646
0.373391
0.372778
0.371933
0.370999
0.37013
0.369466
0.369123
0.369135
0.369521
0.37005
0.37071
0.350856
0.352213
0.360394
0.364501
0.368255
0.370699
0.372339
0.37321
0.373466
0.373216
0.372579
0.371685
0.370682
0.369731
0.36899
0.368591
0.368585
0.368993
0.369584
0.370283
0.349247
0.351147
0.359435
0.363836
0.367742
0.370332
0.372073
0.373015
0.373312
0.373072
0.372416
0.371475
0.3704
0.369364
0.368538
0.368078
0.368053
0.368489
0.369157
0.369918
0.347451
0.35011
0.35844
0.363159
0.367225
0.369973
0.371824
0.372846
0.37319
0.372966
0.372293
0.371303
0.370152
0.369021
0.368102
0.367572
0.367528
0.368005
0.368773
0.369625
0.345429
0.349068
0.357407
0.362486
0.366732
0.369656
0.371627
0.372734
0.373125
0.372912
0.372213
0.371159
0.369908
0.368654
0.367612
0.366994
0.366934
0.367481
0.3684
0.369409
0.3427
0.347728
0.356131
0.36166
0.366146
0.369289
0.371409
0.372621
0.373072
0.372878
0.372155
0.371033
0.369671
0.368274
0.367083
0.366349
0.366259
0.366891
0.368015
0.369278
0.339028
0.345876
0.354318
0.360275
0.365012
0.368409
0.370737
0.372131
0.372739
0.372681
0.372078
0.37106
0.369786
0.368451
0.367288
0.366543
0.366408
0.366977
0.368077
0.369392
0.333923
0.342927
0.350538
0.356559
0.361436
0.365223
0.368043
0.370011
0.371258
0.371917
0.372131
0.372052
0.371831
0.371603
0.371474
0.371484
0.371576
0.371599
0.371359
0.370903
0.336827
0.344822
0.351768
0.357474
0.3621
0.365698
0.36835
0.370157
0.37123
0.371691
0.371676
0.371329
0.370808
0.370274
0.369874
0.369697
0.369737
0.369897
0.369958
0.369843
0.339341
0.346675
0.353069
0.358427
0.3628
0.366208
0.368708
0.370378
0.371315
0.371628
0.371444
0.370905
0.370166
0.36939
0.368727
0.36829
0.368125
0.368197
0.368381
0.368517
0.341251
0.347991
0.353956
0.359036
0.363224
0.366513
0.368935
0.370547
0.371429
0.371684
0.371437
0.370833
0.370032
0.369196
0.368474
0.367973
0.367734
0.367714
0.367795
0.367833
0.34303
0.349319
0.354947
0.359795
0.363827
0.367013
0.369361
0.370908
0.371724
0.371904
0.371577
0.370893
0.37002
0.369131
0.368375
0.36786
0.367617
0.367587
0.367614
0.367541
0.344747
0.35071
0.356076
0.360735
0.364635
0.367727
0.369998
0.371468
0.372195
0.372272
0.371831
0.371034
0.370061
0.369096
0.368295
0.367765
0.367536
0.367531
0.367564
0.367437
0.346384
0.352118
0.35729
0.361804
0.365601
0.368615
0.370812
0.372196
0.372813
0.372758
0.372169
0.371226
0.37013
0.369081
0.368246
0.367734
0.367564
0.367638
0.367725
0.367573
0.347965
0.353543
0.358577
0.362989
0.366715
0.369669
0.371796
0.373083
0.373566
0.373338
0.372554
0.371419
0.370168
0.369028
0.368188
0.36776
0.367746
0.368007
0.368231
0.368087
0.34951
0.354988
0.359936
0.36429
0.367977
0.37089
0.372953
0.37413
0.374444
0.373991
0.372947
0.371556
0.370103
0.368865
0.368064
0.367824
0.368123
0.368748
0.369252
0.369165
0.351022
0.356449
0.36136
0.3657
0.369384
0.372282
0.374288
0.375342
0.375447
0.374702
0.373313
0.371581
0.369868
0.368526
0.367839
0.367951
0.368806
0.370071
0.371073
0.371116
0.352496
0.357915
0.362838
0.367212
0.370936
0.373851
0.375818
0.376738
0.376591
0.375476
0.373637
0.37146
0.369418
0.367978
0.367527
0.36825
0.370038
0.372369
0.374199
0.374465
0.353919
0.359371
0.364354
0.368816
0.372632
0.375612
0.37757
0.378361
0.377927
0.376361
0.373958
0.371216
0.368788
0.367276
0.367263
0.368989
0.372277
0.376315
0.379469
0.38008
0.355275
0.360797
0.365892
0.370501
0.374475
0.377585
0.379593
0.380289
0.37956
0.377487
0.374421
0.371005
0.368096
0.366665
0.367413
0.37072
0.376334
0.383028
0.388244
0.389355
0.356545
0.36217
0.367429
0.372251
0.376462
0.379797
0.381953
0.382644
0.381683
0.379123
0.375377
0.371276
0.367987
0.366799
0.368764
0.374447
0.383537
0.394265
0.402665
0.404492
0.357706
0.363466
0.368937
0.37404
0.378584
0.382268
0.384728
0.385591
0.384582
0.381708
0.377441
0.372821
0.369375
0.368831
0.372671
0.381773
0.395868
0.412603
0.425984
0.428959
0.358736
0.364651
0.370375
0.375824
0.3808
0.384984
0.387963
0.389283
0.38858
0.385799
0.381454
0.37679
0.373713
0.374451
0.381074
0.394875
0.415897
0.441435
0.462926
0.468359
0.35961
0.365689
0.371687
0.377527
0.383019
0.387848
0.391586
0.393726
0.393833
0.391793
0.388136
0.38427
0.382465
0.385479
0.395987
0.415992
0.446239
0.484475
0.519931
0.532482
0.3603
0.366535
0.3728
0.379031
0.385067
0.390627
0.3953
0.398577
0.399996
0.399409
0.397343
0.395307
0.395854
0.402242
0.417857
0.44572
0.487744
0.54383
0.604443
0.640019
0.360781
0.367141
0.373623
0.380183
0.386695
0.392926
0.398514
0.402991
0.405917
0.407152
0.40723
0.407701
0.411298
0.421847
0.443577
0.480593
0.536856
0.617626
0.7252
0.830198
0.361024
0.367456
0.374062
0.380812
0.387608
0.394252
0.400426
0.405707
0.409696
0.41229
0.414063
0.416619
0.42289
0.437413
0.46594
0.513349
0.585883
0.70066
0.892711
1.16
0.327532
0.333112
0.335055
0.337275
0.339314
0.341308
0.343197
0.345002
0.346723
0.348354
0.349884
0.3513
0.352587
0.353728
0.35471
0.355521
0.356159
0.356623
0.356926
0.357061
0.323665
0.330874
0.332803
0.335386
0.337609
0.339751
0.341746
0.343632
0.345407
0.347071
0.348614
0.350023
0.351285
0.352387
0.353318
0.354069
0.354644
0.355048
0.355301
0.355397
0.321147
0.329378
0.331218
0.334062
0.336354
0.338544
0.34055
0.34243
0.344185
0.345818
0.347322
0.348685
0.349898
0.35095
0.351831
0.352537
0.353073
0.353444
0.353673
0.353747
0.319269
0.328009
0.329751
0.332796
0.335124
0.337344
0.33935
0.341217
0.342947
0.344546
0.346009
0.347327
0.348492
0.349495
0.350331
0.350997
0.351498
0.351842
0.352051
0.352107
0.317581
0.326512
0.328199
0.331426
0.333793
0.336055
0.338072
0.339938
0.341654
0.343229
0.344662
0.345943
0.347069
0.348031
0.348827
0.349457
0.349928
0.350247
0.350438
0.350478
0.315981
0.324932
0.326614
0.329997
0.332402
0.334707
0.336739
0.338608
0.340315
0.341872
0.34328
0.344531
0.345623
0.34655
0.347313
0.347912
0.348357
0.348656
0.348832
0.34886
0.314475
0.323323
0.325026
0.328539
0.330977
0.333322
0.335367
0.33724
0.338939
0.340481
0.341868
0.343092
0.344155
0.345054
0.345788
0.346362
0.346786
0.347069
0.347234
0.347252
0.313039
0.32169
0.323438
0.327046
0.329519
0.331902
0.333958
0.335837
0.33753
0.339059
0.340427
0.34163
0.342669
0.343543
0.344254
0.344808
0.345216
0.345485
0.345642
0.345655
0.311636
0.319972
0.321924
0.325512
0.328029
0.330445
0.332514
0.3344
0.336088
0.337609
0.338962
0.340147
0.341166
0.34202
0.342713
0.343251
0.343646
0.343907
0.344058
0.344068
0.310254
0.318252
0.320348
0.323997
0.326514
0.328957
0.331036
0.33293
0.334617
0.336132
0.337474
0.338644
0.339649
0.340487
0.341166
0.341692
0.342078
0.342333
0.342481
0.34249
0.308881
0.316536
0.318772
0.322434
0.324981
0.327446
0.329529
0.331433
0.333119
0.334631
0.335965
0.337125
0.338118
0.338945
0.339614
0.340132
0.340512
0.340763
0.340911
0.340921
0.307515
0.314814
0.3172
0.320848
0.323424
0.3259
0.328003
0.329913
0.331598
0.333108
0.334438
0.33559
0.336577
0.337395
0.338058
0.338571
0.338948
0.339199
0.339347
0.339361
0.306151
0.313089
0.315628
0.31925
0.32185
0.324334
0.326452
0.328366
0.330058
0.331569
0.332897
0.334041
0.335025
0.335838
0.336498
0.337009
0.337386
0.337639
0.33779
0.337808
0.304791
0.311367
0.314051
0.317639
0.320262
0.322751
0.324881
0.326801
0.328499
0.33001
0.331337
0.332485
0.333465
0.334276
0.334936
0.335448
0.335827
0.336084
0.336239
0.336264
0.303432
0.309653
0.312472
0.316018
0.318661
0.321154
0.323294
0.325219
0.326923
0.328438
0.329766
0.330917
0.331897
0.33271
0.333372
0.333887
0.334271
0.334533
0.334694
0.334726
0.302075
0.30795
0.310889
0.314389
0.31705
0.319543
0.321692
0.323624
0.325335
0.326854
0.328186
0.32934
0.330324
0.33114
0.331807
0.332327
0.332717
0.332986
0.333153
0.333197
0.300719
0.306261
0.309303
0.312756
0.31543
0.317922
0.320079
0.322017
0.323735
0.325259
0.326598
0.327757
0.328745
0.329568
0.33024
0.330768
0.331166
0.331444
0.331618
0.331673
0.299363
0.304588
0.307717
0.311121
0.313804
0.316292
0.318456
0.3204
0.322125
0.323657
0.325002
0.326168
0.327163
0.327994
0.328674
0.329211
0.329619
0.329905
0.330088
0.330155
0.298003
0.302934
0.306129
0.309486
0.312174
0.314658
0.316826
0.318775
0.320508
0.322047
0.3234
0.324574
0.325578
0.326418
0.327109
0.327655
0.328074
0.328371
0.328563
0.328642
0.296635
0.3013
0.304541
0.307854
0.310541
0.313019
0.315191
0.317145
0.318886
0.320432
0.321794
0.322977
0.323991
0.324843
0.325544
0.326102
0.326532
0.326841
0.327042
0.327134
0.225062
0.231803
0.235943
0.240124
0.243869
0.247184
0.250094
0.252618
0.254782
0.256615
0.258149
0.259412
0.260434
0.26124
0.261852
0.26228
0.262538
0.262689
0.262308
0.259268
0.222607
0.229847
0.234204
0.238566
0.242435
0.245828
0.24878
0.251313
0.253459
0.255249
0.256714
0.257884
0.258779
0.259418
0.259803
0.259921
0.259764
0.259292
0.257786
0.254165
0.22011
0.227874
0.23245
0.236993
0.240982
0.244448
0.247434
0.249971
0.252092
0.253833
0.255224
0.256296
0.257066
0.257549
0.257743
0.257633
0.257223
0.256474
0.254744
0.251641
0.217595
0.225896
0.230691
0.235411
0.239514
0.243046
0.246061
0.248595
0.250686
0.252372
0.253688
0.254661
0.255312
0.255654
0.255689
0.255408
0.254829
0.253925
0.25216
0.249512
0.215082
0.223929
0.228938
0.233829
0.23804
0.241631
0.244668
0.247192
0.249247
0.250875
0.252112
0.252989
0.253528
0.253746
0.253648
0.253237
0.252544
0.251556
0.249831
0.247545
0.21259
0.221985
0.227202
0.232257
0.236567
0.24021
0.24326
0.245768
0.247783
0.249349
0.250507
0.251291
0.251726
0.251832
0.251623
0.251113
0.25034
0.249308
0.247646
0.245641
0.210145
0.220082
0.225499
0.230706
0.235107
0.238791
0.241848
0.244333
0.246302
0.247804
0.248884
0.249577
0.249915
0.249922
0.249618
0.249026
0.248194
0.247131
0.245526
0.243725
0.20777
0.218238
0.223842
0.22919
0.233669
0.237386
0.240441
0.242897
0.244816
0.246251
0.247252
0.247859
0.248105
0.248022
0.247634
0.246973
0.246089
0.244996
0.243434
0.241774
0.205493
0.216471
0.222248
0.227723
0.232268
0.236007
0.239051
0.241473
0.243337
0.244705
0.245627
0.246149
0.246309
0.246142
0.245678
0.244953
0.244018
0.242891
0.241354
0.239784
0.203341
0.214803
0.220735
0.22632
0.230918
0.234668
0.237693
0.240074
0.241881
0.243179
0.244023
0.244464
0.244541
0.244294
0.243759
0.242971
0.241983
0.240813
0.239285
0.237764
0.201346
0.213256
0.219322
0.224999
0.229635
0.233385
0.236384
0.238717
0.240463
0.24169
0.242458
0.242819
0.242817
0.242494
0.241887
0.241037
0.239992
0.23877
0.237235
0.235727
0.199537
0.211852
0.21803
0.223779
0.228438
0.232176
0.235139
0.237421
0.239103
0.240258
0.24095
0.241233
0.241154
0.240757
0.240081
0.239165
0.238058
0.236776
0.235217
0.233691
0.197948
0.210617
0.21688
0.22268
0.227345
0.23106
0.233981
0.236205
0.23782
0.238903
0.23952
0.239727
0.239573
0.239103
0.238356
0.237372
0.236197
0.234847
0.233251
0.231681
0.196611
0.209575
0.215897
0.221723
0.226378
0.230059
0.232928
0.23509
0.236637
0.237648
0.238191
0.238323
0.238095
0.237552
0.236733
0.235678
0.23443
0.233005
0.231358
0.229722
0.195558
0.208751
0.215102
0.220931
0.225559
0.229193
0.232004
0.234101
0.235577
0.236516
0.236985
0.237045
0.236744
0.236127
0.235235
0.234106
0.23278
0.231274
0.229564
0.227846
0.194819
0.208171
0.21452
0.220326
0.224911
0.228487
0.231233
0.233259
0.234665
0.235531
0.235929
0.235916
0.235542
0.234852
0.233886
0.23268
0.231272
0.229681
0.227896
0.226082
0.194422
0.207859
0.214176
0.219934
0.224457
0.227964
0.230637
0.232591
0.233924
0.234719
0.235046
0.234962
0.234517
0.233754
0.232712
0.231427
0.229933
0.228252
0.226385
0.224463
0.194404
0.20785
0.2141
0.219783
0.224226
0.227652
0.230247
0.232124
0.233384
0.234108
0.234364
0.23421
0.233694
0.232857
0.231738
0.230371
0.22879
0.227015
0.225058
0.223023
0.194791
0.208178
0.214326
0.219907
0.224249
0.227583
0.23009
0.231887
0.233072
0.233724
0.233911
0.233687
0.233099
0.232188
0.23099
0.229541
0.227869
0.225998
0.223945
0.221791
0.19548
0.208786
0.214816
0.220278
0.224513
0.227748
0.230168
0.231887
0.232998
0.233582
0.233701
0.233409
0.232751
0.231766
0.23049
0.228957
0.227195
0.225226
0.223071
0.220797
0.196171
0.209452
0.215402
0.220771
0.224919
0.228077
0.230428
0.232083
0.233137
0.233664
0.233726
0.233374
0.232651
0.231597
0.230247
0.228632
0.226782
0.224717
0.22246
0.220068
0.19766
0.210748
0.216534
0.221746
0.225761
0.228809
0.231067
0.232642
0.233624
0.234084
0.234079
0.23366
0.232867
0.231739
0.23031
0.22861
0.226668
0.224504
0.222142
0.219633
0.199763
0.212521
0.218092
0.223108
0.226965
0.229886
0.232041
0.23353
0.234436
0.234825
0.234751
0.234262
0.233398
0.232195
0.230686
0.2289
0.226866
0.224604
0.222134
0.219512
0.202389
0.21471
0.220034
0.224831
0.228517
0.231303
0.233351
0.234751
0.23558
0.235897
0.235754
0.235194
0.234258
0.232979
0.231389
0.229517
0.227392
0.225032
0.222455
0.219725
0.205551
0.217338
0.222384
0.226938
0.230438
0.233082
0.235018
0.236327
0.237075
0.237318
0.237103
0.236471
0.23546
0.234104
0.232433
0.230476
0.228259
0.225802
0.223119
0.220288
0.209265
0.220422
0.225159
0.229446
0.232746
0.235239
0.237057
0.238269
0.238933
0.239099
0.238809
0.238103
0.237017
0.235582
0.233829
0.231785
0.229479
0.226926
0.224139
0.221213
0.213536
0.223972
0.22837
0.232366
0.235452
0.237785
0.239478
0.240588
0.241164
0.241247
0.240879
0.240096
0.238932
0.237418
0.235582
0.233452
0.231057
0.22841
0.225521
0.222511
0.218362
0.227989
0.232021
0.235705
0.238562
0.240726
0.242287
0.243289
0.24377
0.243768
0.243318
0.242455
0.241211
0.239615
0.237695
0.23548
0.232997
0.230258
0.227271
0.224186
0.223738
0.232474
0.236112
0.239464
0.24208
0.244064
0.245485
0.246372
0.246753
0.24666
0.246124
0.245178
0.243851
0.242171
0.240167
0.237866
0.235297
0.23247
0.229389
0.226241
0.229652
0.23742
0.240642
0.243641
0.246003
0.247798
0.249071
0.249836
0.250111
0.249921
0.249295
0.248262
0.246849
0.245083
0.242993
0.240608
0.237955
0.235041
0.231871
0.228669
0.236088
0.242817
0.245601
0.248231
0.250326
0.251922
0.253038
0.253672
0.253835
0.253543
0.252822
0.251697
0.250195
0.248342
0.246166
0.243697
0.240962
0.237963
0.234706
0.231442
0.243022
0.248649
0.250977
0.253222
0.255038
0.256425
0.257375
0.257871
0.257914
0.257515
0.256694
0.255473
0.253878
0.251936
0.249673
0.247122
0.244307
0.241229
0.237908
0.23466
0.250425
0.254894
0.25675
0.258597
0.260122
0.26129
0.262065
0.262416
0.262334
0.261822
0.260895
0.259574
0.257884
0.25585
0.2535
0.250865
0.247971
0.244816
0.241432
0.238196
0.25826
0.261526
0.262898
0.264334
0.265559
0.266498
0.26709
0.267288
0.267073
0.266442
0.265406
0.263982
0.262194
0.260067
0.257628
0.254907
0.251931
0.248697
0.245253
0.242045
0.266487
0.268513
0.269391
0.270406
0.271321
0.272023
0.272424
0.272462
0.272109
0.271354
0.270205
0.268676
0.266789
0.264567
0.262036
0.259225
0.256164
0.252841
0.249332
0.246172
0.275059
0.275818
0.276196
0.276782
0.27738
0.277837
0.278039
0.277911
0.277414
0.276533
0.275268
0.273633
0.271647
0.26933
0.266704
0.263799
0.260642
0.257215
0.253621
0.250513
0.283924
0.283401
0.283275
0.283428
0.283702
0.283906
0.283903
0.283604
0.282959
0.281948
0.280568
0.278829
0.276747
0.274336
0.271615
0.268611
0.265346
0.261793
0.258065
0.25496
0.293031
0.291221
0.290589
0.290304
0.290249
0.290195
0.289981
0.289505
0.288711
0.287569
0.286076
0.284238
0.282065
0.279566
0.276753
0.273645
0.270259
0.266533
0.26253
0.259284
0.302319
0.299228
0.298093
0.297369
0.29698
0.296664
0.296234
0.295579
0.294632
0.293363
0.291762
0.289832
0.287579
0.285006
0.282113
0.278906
0.275378
0.271363
0.266723
0.262968
0.311692
0.307351
0.305728
0.304571
0.30385
0.303269
0.302621
0.301785
0.300687
0.299292
0.29759
0.295581
0.293267
0.290648
0.287716
0.284467
0.280862
0.276569
0.271123
0.266385
0.321053
0.315518
0.313437
0.311863
0.310816
0.309972
0.309106
0.308088
0.306839
0.305323
0.303528
0.301451
0.299097
0.296468
0.293566
0.290407
0.286989
0.283035
0.278346
0.275932
0.330669
0.323857
0.321274
0.319255
0.317863
0.316742
0.315649
0.314443
0.313043
0.311408
0.309524
0.30739
0.305009
0.30239
0.299543
0.296498
0.293275
0.289687
0.285761
0.284112
0.340278
0.332193
0.329111
0.326651
0.324914
0.323516
0.322194
0.320802
0.319253
0.317502
0.315535
0.313348
0.310948
0.308343
0.305549
0.3026
0.299517
0.29615
0.292567
0.290959
0.349744
0.340436
0.336877
0.333988
0.331915
0.330243
0.328696
0.32712
0.325424
0.323561
0.321514
0.319279
0.316862
0.314272
0.311525
0.308653
0.305678
0.302458
0.299046
0.297381
0.358997
0.348534
0.34452
0.34122
0.338818
0.336878
0.33511
0.333354
0.331515
0.329544
0.32742
0.32514
0.322707
0.32013
0.317423
0.314617
0.311727
0.308618
0.305316
0.303592
0.367971
0.356432
0.351989
0.348295
0.345576
0.343376
0.341393
0.339462
0.337484
0.335409
0.333213
0.33089
0.328443
0.325878
0.323208
0.320458
0.317641
0.314626
0.311415
0.309645
0.376603
0.364076
0.359232
0.355166
0.352145
0.349695
0.347504
0.345405
0.343295
0.34112
0.338856
0.336494
0.334035
0.331483
0.328847
0.326151
0.323403
0.320475
0.317357
0.31556
0.384832
0.371412
0.3662
0.361787
0.35848
0.355792
0.353405
0.351145
0.348911
0.346643
0.344316
0.341919
0.339451
0.336915
0.334316
0.331674
0.328994
0.326156
0.323137
0.321329
0.392604
0.378394
0.372848
0.368116
0.364543
0.361632
0.359059
0.35665
0.354299
0.351947
0.349564
0.347138
0.344666
0.342148
0.339589
0.337003
0.334395
0.331652
0.328743
0.326937
0.399871
0.384977
0.379133
0.374113
0.370297
0.367181
0.364436
0.361889
0.359432
0.357004
0.354572
0.352124
0.349654
0.34716
0.344645
0.34212
0.339588
0.336946
0.334155
0.332364
0.406591
0.391122
0.38502
0.379746
0.375711
0.372408
0.369508
0.366836
0.364284
0.361789
0.359318
0.356856
0.354394
0.35193
0.349464
0.347005
0.344554
0.342018
0.339354
0.337587
0.412729
0.396798
0.390478
0.384983
0.380756
0.377288
0.374251
0.371469
0.368833
0.366283
0.363782
0.361314
0.358868
0.35644
0.354028
0.351639
0.349274
0.346847
0.344315
0.342565
0.418258
0.401977
0.39548
0.389801
0.385409
0.3818
0.378644
0.375767
0.373063
0.370468
0.367948
0.365482
0.36306
0.360674
0.358323
0.356009
0.353734
0.351421
0.349027
0.347318
0.423157
0.406638
0.400005
0.39418
0.389653
0.385925
0.382671
0.379718
0.376958
0.374331
0.371802
0.369348
0.366957
0.364621
0.362335
0.360102
0.35792
0.355726
0.353474
0.35181
0.427411
0.410765
0.40404
0.398106
0.393474
0.389652
0.38632
0.383308
0.380509
0.377863
0.375335
0.372901
0.37055
0.368269
0.366055
0.363906
0.361822
0.359748
0.357642
0.356029
0.431015
0.41435
0.407574
0.40157
0.396863
0.392972
0.389583
0.38653
0.383708
0.381056
0.37854
0.376137
0.373832
0.371614
0.369475
0.367415
0.365431
0.363479
0.361521
0.359965
0.433968
0.417389
0.410603
0.404566
0.399815
0.395881
0.392457
0.389381
0.386551
0.383907
0.381416
0.379052
0.376801
0.374651
0.372593
0.370624
0.368742
0.366913
0.365104
0.363611
0.436279
0.419886
0.413128
0.407096
0.40233
0.398378
0.39494
0.391859
0.389037
0.386416
0.38396
0.381646
0.379456
0.377379
0.375406
0.373532
0.371754
0.370047
0.368386
0.366961
0.43796
0.421847
0.415154
0.409161
0.404412
0.400466
0.397034
0.393967
0.391169
0.388583
0.386174
0.383918
0.381798
0.3798
0.377916
0.37614
0.374467
0.372881
0.371366
0.370015
0.439016
0.423271
0.416685
0.410768
0.406064
0.40215
0.398747
0.395712
0.392953
0.390416
0.388065
0.385877
0.383832
0.381919
0.380128
0.378451
0.376884
0.375419
0.374047
0.372775
0.439454
0.424163
0.41773
0.411928
0.407304
0.403449
0.400097
0.397112
0.394409
0.391933
0.389651
0.387537
0.385575
0.383751
0.382054
0.380479
0.379018
0.37767
0.376437
0.375247
0.439411
0.424604
0.418333
0.412665
0.408138
0.40436
0.401075
0.398157
0.395523
0.393121
0.390918
0.38889
0.387017
0.385287
0.38369
0.382219
0.380864
0.379633
0.378536
0.377435
0.438871
0.424591
0.418504
0.412993
0.408584
0.404901
0.401704
0.398868
0.396318
0.394003
0.39189
0.389954
0.388176
0.386546
0.385052
0.383687
0.382439
0.381322
0.380358
0.379349
0.43785
0.424143
0.418264
0.412933
0.408662
0.405096
0.402002
0.399265
0.396813
0.394596
0.392581
0.390745
0.389069
0.387542
0.386154
0.384895
0.383755
0.382751
0.381914
0.381001
0.436382
0.423288
0.417637
0.412507
0.408394
0.404961
0.401987
0.399365
0.397023
0.394914
0.393006
0.391276
0.389707
0.388287
0.387007
0.385856
0.384824
0.38393
0.383217
0.382403
0.4345
0.422054
0.416648
0.411738
0.407801
0.404516
0.401677
0.399182
0.396962
0.394972
0.393179
0.391562
0.390105
0.388796
0.387626
0.386584
0.38566
0.384874
0.38428
0.383569
0.432239
0.420469
0.415325
0.410652
0.406904
0.403782
0.401092
0.398737
0.396649
0.394785
0.393115
0.391618
0.390277
0.389083
0.388025
0.387094
0.386277
0.385598
0.385117
0.384512
0.429637
0.418564
0.413695
0.409272
0.405727
0.40278
0.400252
0.398046
0.3961
0.394371
0.392831
0.391459
0.39024
0.389163
0.388219
0.387399
0.38669
0.386116
0.385744
0.385247
0.42673
0.416369
0.411786
0.407624
0.404293
0.401534
0.399176
0.39713
0.395334
0.393747
0.392343
0.391101
0.390008
0.389052
0.388224
0.387515
0.386914
0.386443
0.386175
0.385788
0.423556
0.413915
0.409626
0.405735
0.402628
0.400066
0.397887
0.396008
0.394369
0.392931
0.391668
0.390562
0.389597
0.388764
0.388054
0.387457
0.386963
0.386594
0.386425
0.386149
0.420153
0.411235
0.407244
0.40363
0.400755
0.398396
0.396405
0.394699
0.393223
0.391939
0.390823
0.389856
0.389023
0.388315
0.387723
0.38724
0.386853
0.386584
0.386508
0.386342
0.416555
0.408356
0.404666
0.401334
0.398696
0.396548
0.394749
0.393222
0.391914
0.39079
0.389824
0.388999
0.3883
0.387718
0.387246
0.386876
0.386597
0.386426
0.386438
0.386381
0.412799
0.40531
0.401921
0.398872
0.396475
0.394541
0.392939
0.391595
0.39046
0.389498
0.388686
0.388005
0.387443
0.386989
0.386637
0.386381
0.386208
0.386133
0.386227
0.386277
0.408917
0.402124
0.399032
0.396267
0.394112
0.392395
0.390993
0.389836
0.388876
0.38808
0.387423
0.386888
0.386463
0.386139
0.385909
0.385767
0.3857
0.38572
0.38589
0.386042
0.40494
0.398823
0.396025
0.39354
0.391628
0.390128
0.388929
0.387961
0.387178
0.386549
0.386049
0.385662
0.385375
0.385182
0.385075
0.385046
0.385086
0.385199
0.385438
0.385686
0.400897
0.395433
0.392923
0.390715
0.389042
0.387761
0.386763
0.385985
0.385381
0.384919
0.384576
0.384337
0.384191
0.38413
0.384146
0.384231
0.384378
0.384585
0.384887
0.385221
0.396813
0.391977
0.389747
0.38781
0.386374
0.385308
0.384511
0.383922
0.383497
0.383202
0.383018
0.382927
0.382922
0.382993
0.383133
0.383335
0.38359
0.383892
0.384254
0.384663
0.392712
0.388474
0.386515
0.384843
0.383641
0.382787
0.382189
0.381788
0.381539
0.381411
0.381384
0.381443
0.381579
0.381783
0.382048
0.382367
0.382733
0.383136
0.383558
0.384026
0.388617
0.384944
0.383249
0.381834
0.380859
0.380213
0.379811
0.379595
0.37952
0.379557
0.379686
0.379894
0.380171
0.380508
0.380899
0.381337
0.381817
0.382324
0.382811
0.383307
0.384564
0.381418
0.37997
0.378801
0.378045
0.377602
0.37739
0.377354
0.377451
0.37765
0.377934
0.378288
0.378705
0.379175
0.379694
0.380256
0.380856
0.381489
0.382118
0.382679
0.380593
0.377924
0.376701
0.375763
0.375213
0.374963
0.374934
0.375073
0.375336
0.375695
0.37613
0.37663
0.377184
0.377786
0.378434
0.379126
0.379862
0.3807
0.381809
0.382806
0.376542
0.374376
0.373396
0.372694
0.372355
0.372297
0.372451
0.372762
0.373189
0.373704
0.374289
0.374929
0.375616
0.376343
0.37711
0.377911
0.378742
0.37966
0.380848
0.381772
0.372524
0.370851
0.370107
0.369634
0.369497
0.369627
0.369956
0.370433
0.37102
0.371686
0.372415
0.373191
0.374005
0.374851
0.375724
0.376621
0.377527
0.378495
0.37969
0.380532
0.368589
0.367378
0.366857
0.3666
0.366656
0.366962
0.367458
0.368096
0.368835
0.369648
0.370515
0.371422
0.372358
0.373316
0.37429
0.375274
0.376252
0.377276
0.378501
0.379311
0.364749
0.363968
0.363655
0.363601
0.363838
0.364311
0.364967
0.365756
0.366642
0.367595
0.368596
0.369629
0.370682
0.371747
0.372818
0.373886
0.374935
0.376016
0.377281
0.378089
0.361013
0.360628
0.360507
0.360643
0.36105
0.361681
0.362487
0.363421
0.364446
0.365534
0.366663
0.367817
0.368983
0.370152
0.371316
0.372466
0.373586
0.374727
0.376037
0.376861
0.357389
0.357364
0.357422
0.357734
0.358298
0.359078
0.360026
0.361097
0.362255
0.36347
0.364721
0.365991
0.367267
0.368536
0.369792
0.371023
0.372215
0.373418
0.374776
0.375632
0.353883
0.354183
0.354405
0.354879
0.35559
0.356506
0.357587
0.358788
0.360073
0.36141
0.362777
0.364158
0.365538
0.366905
0.36825
0.369562
0.370826
0.372094
0.373502
0.374402
0.350499
0.351089
0.351461
0.352082
0.352927
0.353972
0.355176
0.356499
0.357903
0.359356
0.360835
0.362322
0.363802
0.365263
0.366696
0.368088
0.369425
0.370757
0.372216
0.373173
0.347239
0.348085
0.348592
0.349347
0.350316
0.351477
0.352797
0.354234
0.35575
0.357313
0.358899
0.360488
0.362064
0.363616
0.365133
0.366604
0.368014
0.369409
0.370921
0.371957
0.344102
0.345174
0.3458
0.346676
0.347757
0.349027
0.350453
0.351996
0.353616
0.355283
0.35697
0.358657
0.360326
0.361965
0.363565
0.365113
0.366594
0.368052
0.369608
0.370697
0.341087
0.342356
0.343088
0.344072
0.345254
0.346623
0.348148
0.349788
0.351506
0.35327
0.355053
0.356832
0.35859
0.360314
0.361994
0.363616
0.365167
0.366687
0.368285
0.369418
0.338194
0.339631
0.340457
0.341536
0.342808
0.344267
0.345882
0.347613
0.349422
0.351276
0.353149
0.355016
0.35686
0.358665
0.360421
0.362116
0.363735
0.365317
0.366956
0.36815
0.335418
0.336998
0.337906
0.339068
0.340421
0.34196
0.343658
0.345472
0.347365
0.349303
0.35126
0.353211
0.355135
0.357018
0.358848
0.360613
0.362299
0.36394
0.365619
0.366883
0.332758
0.334458
0.335435
0.336669
0.338092
0.339704
0.341476
0.343367
0.345337
0.347353
0.349388
0.351416
0.353417
0.355375
0.357276
0.359108
0.360859
0.362557
0.364273
0.365613
0.330212
0.332008
0.333043
0.334339
0.335824
0.337499
0.339337
0.341296
0.343337
0.345426
0.347533
0.349635
0.351708
0.353735
0.355703
0.3576
0.359414
0.361167
0.36292
0.364338
0.327777
0.329646
0.330731
0.332077
0.333614
0.335345
0.337241
0.339262
0.341367
0.343522
0.345697
0.347866
0.350007
0.3521
0.354132
0.356091
0.357966
0.359772
0.361557
0.363057
0.325446
0.327364
0.328489
0.329878
0.331461
0.333239
0.335187
0.337263
0.339426
0.341641
0.343878
0.346111
0.348314
0.350469
0.352562
0.35458
0.356513
0.35837
0.360186
0.36177
0.323217
0.325151
0.326308
0.327733
0.329356
0.331177
0.333171
0.335295
0.337511
0.339781
0.342076
0.344367
0.346629
0.348842
0.350992
0.353066
0.355055
0.356961
0.358806
0.360474
0.32119
0.323071
0.324232
0.325674
0.327322
0.329175
0.331203
0.333367
0.335627
0.337946
0.340292
0.342635
0.344951
0.347219
0.349422
0.35155
0.353592
0.355545
0.357415
0.35917
0.319612
0.321308
0.322402
0.323807
0.325441
0.327293
0.329332
0.331515
0.333802
0.336155
0.33854
0.340926
0.343287
0.345602
0.347853
0.350029
0.352122
0.354119
0.356012
0.357853
0.317828
0.319416
0.320489
0.321888
0.323529
0.325395
0.327454
0.329662
0.33198
0.334369
0.336793
0.339221
0.341626
0.343985
0.346281
0.348504
0.350645
0.352684
0.354596
0.356523
0.316013
0.31753
0.318595
0.319994
0.321644
0.323525
0.325602
0.327834
0.33018
0.332601
0.33506
0.337525
0.339968
0.342368
0.344706
0.346972
0.349158
0.351237
0.353166
0.355176
0.314253
0.315706
0.316759
0.318153
0.319805
0.321695
0.323786
0.326036
0.328405
0.330853
0.333342
0.335838
0.338316
0.340751
0.343127
0.345432
0.34766
0.349776
0.351717
0.353808
0.312543
0.313936
0.314973
0.316358
0.318009
0.319902
0.322002
0.324267
0.326654
0.329123
0.331636
0.334159
0.336666
0.339132
0.341541
0.343881
0.346148
0.348297
0.350248
0.352417
0.310874
0.312207
0.313229
0.314602
0.316248
0.318142
0.320248
0.322523
0.324924
0.32741
0.329942
0.332487
0.335017
0.33751
0.339947
0.342318
0.344619
0.346799
0.348756
0.350997
0.30924
0.310516
0.311521
0.312882
0.314521
0.316412
0.31852
0.320802
0.323213
0.325712
0.328258
0.33082
0.333369
0.335883
0.338344
0.340741
0.343072
0.345279
0.347237
0.349545
0.30764
0.308859
0.309848
0.311195
0.312824
0.314711
0.316819
0.319104
0.321521
0.324027
0.326583
0.329157
0.331721
0.334252
0.336731
0.339149
0.341505
0.343734
0.345688
0.348054
0.306069
0.307233
0.308206
0.309537
0.311155
0.313036
0.315141
0.317426
0.319845
0.322355
0.324917
0.327499
0.330072
0.332615
0.335107
0.33754
0.339916
0.342163
0.344106
0.346518
0.304525
0.305636
0.306592
0.307907
0.309514
0.311386
0.313486
0.315768
0.318186
0.320695
0.323259
0.325845
0.328423
0.330972
0.333471
0.335913
0.338304
0.340563
0.342488
0.344931
0.303004
0.304065
0.305004
0.306303
0.307897
0.30976
0.311853
0.31413
0.316542
0.319049
0.321611
0.324196
0.326775
0.329324
0.331825
0.33427
0.336668
0.338932
0.340831
0.343284
0.301503
0.302518
0.30344
0.304723
0.306304
0.308157
0.310241
0.31251
0.314915
0.317416
0.319973
0.322553
0.325128
0.327674
0.330171
0.332612
0.335009
0.337272
0.339134
0.341567
0.30002
0.300991
0.301897
0.303164
0.304732
0.306575
0.308649
0.310908
0.313304
0.315796
0.318345
0.320918
0.323485
0.326022
0.32851
0.330941
0.333329
0.335582
0.337394
0.339773
0.29855
0.299482
0.300373
0.301626
0.303182
0.305013
0.307076
0.309324
0.311709
0.314191
0.31673
0.319291
0.321848
0.324373
0.326848
0.329263
0.331634
0.333866
0.335615
0.337911
0.297091
0.297989
0.298866
0.300105
0.30165
0.30347
0.305521
0.307757
0.31013
0.3126
0.315126
0.317676
0.320219
0.322732
0.32519
0.327585
0.329932
0.332132
0.333808
0.336018
0.295639
0.296507
0.297373
0.298601
0.300135
0.301944
0.303984
0.306206
0.308567
0.311023
0.313536
0.316073
0.318604
0.321103
0.323545
0.325918
0.328236
0.330394
0.331983
0.334118
0.294191
0.295035
0.295892
0.297111
0.298636
0.300434
0.302462
0.304672
0.307018
0.30946
0.31196
0.314484
0.317004
0.319492
0.321921
0.324274
0.326565
0.328675
0.330164
0.332198
0.292745
0.29357
0.294421
0.295634
0.297151
0.29894
0.300956
0.303152
0.305485
0.307912
0.310399
0.312912
0.315424
0.317906
0.320328
0.32267
0.324941
0.32701
0.328377
0.33021
0.291298
0.29211
0.292959
0.29417
0.295681
0.297461
0.299465
0.301648
0.303966
0.306379
0.308853
0.311357
0.313865
0.316348
0.318775
0.321121
0.323384
0.325407
0.326589
0.327969
0.289865
0.290664
0.291512
0.29272
0.294227
0.295998
0.29799
0.300159
0.302461
0.304859
0.30732
0.309818
0.312327
0.314821
0.317276
0.319666
0.321972
0.324038
0.325268
0.326219
0.288462
0.289245
0.290086
0.29129
0.292789
0.294549
0.296527
0.298679
0.300963
0.303345
0.305794
0.308285
0.310796
0.313311
0.31582
0.318321
0.320824
0.323435
0.326574
0.330074
0.286946
0.287765
0.288625
0.289841
0.291344
0.293101
0.29507
0.297209
0.299477
0.301842
0.304276
0.306757
0.309264
0.311787
0.31432
0.316867
0.319419
0.322082
0.325358
0.328757
0.2854
0.286278
0.287165
0.2884
0.289911
0.291667
0.293628
0.295752
0.298003
0.300349
0.302765
0.305227
0.30772
0.31023
0.312754
0.315286
0.317803
0.320385
0.323467
0.32635
0.283853
0.284802
0.285719
0.286974
0.288495
0.290249
0.292201
0.294311
0.296542
0.298866
0.301258
0.303696
0.306163
0.308647
0.31114
0.313633
0.316096
0.318605
0.321532
0.324009
0.282308
0.283337
0.284286
0.285564
0.287094
0.288848
0.29079
0.292884
0.295094
0.297393
0.299757
0.302166
0.3046
0.307047
0.309497
0.311937
0.314336
0.316765
0.319521
0.321648
0.280767
0.281881
0.282865
0.284168
0.285709
0.287462
0.289395
0.291472
0.29366
0.295932
0.298265
0.300639
0.303035
0.305439
0.307839
0.31022
0.312553
0.314903
0.317519
0.319457
0.279233
0.280437
0.281457
0.282787
0.28434
0.286094
0.288018
0.290078
0.292242
0.294486
0.296785
0.29912
0.301474
0.30383
0.306178
0.308499
0.310767
0.313044
0.315543
0.317369
0.277706
0.279004
0.280064
0.281421
0.282988
0.284743
0.286658
0.288701
0.290842
0.293055
0.295319
0.297614
0.299922
0.302229
0.304522
0.306785
0.308992
0.311201
0.313596
0.315345
0.27619
0.277585
0.278686
0.280072
0.281653
0.28341
0.285317
0.287344
0.289461
0.291644
0.293871
0.296124
0.298385
0.300641
0.302879
0.305084
0.307233
0.309378
0.311679
0.313373
0.274684
0.276179
0.277321
0.278739
0.280336
0.282096
0.283996
0.286007
0.2881
0.290253
0.292443
0.294653
0.296867
0.299072
0.301255
0.303403
0.305495
0.30758
0.309794
0.311443
0.27319
0.274787
0.275972
0.277423
0.279038
0.280803
0.282697
0.284692
0.286763
0.288885
0.291039
0.293206
0.295372
0.297525
0.299654
0.301746
0.303782
0.305808
0.307939
0.309552
0.271709
0.273408
0.274638
0.276123
0.277758
0.279531
0.281421
0.283402
0.28545
0.287543
0.289659
0.291784
0.293903
0.296005
0.29808
0.300115
0.302097
0.304063
0.306114
0.307697
0.270241
0.272043
0.273319
0.274841
0.276499
0.278281
0.280169
0.282139
0.284165
0.286228
0.288308
0.290391
0.292462
0.294513
0.296534
0.298514
0.300441
0.302348
0.30432
0.305874
0.268788
0.270694
0.272017
0.273578
0.27526
0.277054
0.278943
0.280902
0.282909
0.284943
0.286987
0.289028
0.291053
0.293052
0.295019
0.296944
0.298815
0.300663
0.302557
0.304084
0.267349
0.269359
0.270732
0.272334
0.274043
0.275852
0.277744
0.279694
0.281681
0.283688
0.285697
0.287697
0.289675
0.291624
0.293538
0.295406
0.297222
0.299009
0.300826
0.302327
0.265928
0.268041
0.269465
0.27111
0.272849
0.274674
0.27657
0.278514
0.280484
0.282464
0.28444
0.286399
0.288332
0.290231
0.29209
0.293902
0.295661
0.297388
0.299128
0.300601
0.264526
0.266739
0.268216
0.269906
0.271677
0.27352
0.275423
0.277362
0.279317
0.281274
0.283217
0.285137
0.287025
0.288874
0.290678
0.292434
0.294136
0.2958
0.297463
0.298907
0.26314
0.265447
0.266978
0.268716
0.270522
0.272387
0.274299
0.276237
0.27818
0.280115
0.282028
0.28391
0.285754
0.287553
0.289304
0.291003
0.292646
0.294247
0.295832
0.297244
0.26177
0.264158
0.265746
0.267534
0.269379
0.271271
0.273197
0.275135
0.27707
0.278985
0.280871
0.282717
0.284518
0.286268
0.287965
0.289607
0.291192
0.292729
0.294236
0.295612
0.260486
0.262918
0.264551
0.266385
0.268267
0.270185
0.272125
0.274066
0.275992
0.27789
0.279748
0.28156
0.283319
0.285021
0.286664
0.288249
0.289775
0.291247
0.292674
0.29401
)
;

boundaryField
{
    inlet
    {
        type            zeroGradient;
    }
    outlet
    {
        type            fixedValue;
        value           uniform 0;
    }
    cylinder
    {
        type            zeroGradient;
    }
    top
    {
        type            symmetryPlane;
    }
    bottom
    {
        type            symmetryPlane;
    }
    defaultFaces
    {
        type            empty;
    }
}


// ************************************************************************* //
