/*--------------------------------*- C++ -*----------------------------------*\
  =========                 |
  \\      /  F ield         | OpenFOAM: The Open Source CFD Toolbox
   \\    /   O peration     | Website:  https://openfoam.org
    \\  /    A nd           | Version:  7
     \\/     M anipulation  |
\*---------------------------------------------------------------------------*/
FoamFile
{
    version     2.0;
    format      ascii;
    class       volVectorField;
    location    "54.9";
    object      U;
}
// * * * * * * * * * * * * * * * * * * * * * * * * * * * * * * * * * * * * * //

dimensions      [0 1 -1 0 0 0 0];

internalField   nonuniform List<vector> 
2000
(
(-0.000675082 -0.00792831 -7.29126e-22)
(-0.00185239 -0.013068 0)
(-0.00238178 -0.0121348 0)
(-0.0014627 -0.00681013 -3.61028e-21)
(0.000903324 0.00209522 1.12723e-21)
(0.00462246 0.0141462 2.00406e-23)
(0.00952174 0.0290073 -1.94402e-21)
(0.0153416 0.0462893 0)
(0.021676 0.0654665 0)
(0.0281143 0.0858197 0)
(-0.000298726 -0.00714335 0)
(-0.00131795 -0.0124049 -2.81151e-21)
(-0.00211529 -0.0122263 2.5928e-21)
(-0.0017855 -0.00801668 4.80849e-21)
(-0.00027334 -0.00047687 0)
(0.00239429 0.0100478 4.25519e-21)
(0.0061275 0.0233317 -3.95696e-21)
(0.0107566 0.0391259 0)
(0.0159399 0.0570673 7.14878e-21)
(0.0212628 0.0766313 -1.37905e-20)
(1.81159e-05 -0.0062558 0)
(-0.000614077 -0.0115856 2.27398e-20)
(-0.00129108 -0.0120974 0)
(-0.00115523 -0.00894153 1.97458e-20)
(-0.000135228 -0.00273527 0)
(0.00177834 0.00623041 -1.73421e-20)
(0.00455757 0.0178105 0)
(0.00811628 0.0318863 1.5361e-20)
(0.0121973 0.0482781 -1.43862e-20)
(0.0163538 0.0667082 -1.40876e-20)
(0.000301463 -0.00535116 -6.00226e-21)
(0.00034452 -0.0107144 -1.12995e-20)
(0.000238704 -0.0117987 -5.29067e-21)
(0.000640816 -0.00954553 -9.74744e-21)
(0.00160266 -0.00452011 -9.23522e-21)
(0.00314053 0.00299819 8.54929e-21)
(0.00526332 0.012901 8.17604e-21)
(0.00795368 0.0251661 3.93876e-23)
(0.0110579 0.039797 1.46328e-20)
(0.014076 0.0567926 1.40885e-20)
(0.000602696 -0.00452535 -6.0185e-21)
(0.0016692 -0.00990535 -1.15588e-20)
(0.00262765 -0.0113937 -2.16557e-20)
(0.00379714 -0.00980966 9.95564e-21)
(0.00518522 -0.00569748 0)
(0.00679231 0.00063539 0)
(0.00863996 0.00906471 -1.68017e-20)
(0.0107573 0.019611 -1.58619e-20)
(0.013111 0.0324311 1.50408e-20)
(0.015162 0.0477918 4.33961e-20)
(0.000996749 -0.00386937 6.05044e-21)
(0.00348822 -0.00926551 5.87559e-21)
(0.00601587 -0.0109514 -3.24773e-20)
(0.00845685 -0.00974484 5.07548e-20)
(0.0107645 -0.00619222 -9.41612e-21)
(0.012912 -0.000658375 0)
(0.0149178 0.00666952 0)
(0.0168353 0.0157903 8.01047e-20)
(0.0187598 0.0269551 -7.55279e-20)
(0.0201824 0.0406396 1.44278e-20)
(0.00157861 -0.00345834 4.80484e-20)
(0.00593364 -0.00887496 0)
(0.0105102 -0.0105364 4.32737e-20)
(0.0146803 -0.00939309 -4.05613e-20)
(0.018351 -0.00601021 0)
(0.021471 -0.000824852 1.81653e-20)
(0.024054 0.0058857 -5.10144e-20)
(0.0261633 0.0140386 -6.4507e-20)
(0.0280168 0.0238969 3.03632e-20)
(0.0292574 0.0360544 2.93097e-20)
(0.00245306 -0.00333115 -9.59104e-20)
(0.00913047 -0.00877624 -1.17006e-20)
(0.0161649 -0.0101958 -2.17959e-20)
(0.0224232 -0.0088169 -5.10194e-20)
(0.0277839 -0.00524038 -1.9373e-20)
(0.03219 2.72968e-05 -1.82787e-20)
(0.0356618 0.00661814 -6.78515e-23)
(0.0382704 0.0143332 0)
(0.0403402 0.0233613 0)
(0.0418174 0.0343101 1.69432e-22)
(0.00371805 -0.003487 4.78629e-20)
(0.0131748 -0.00896129 -4.64749e-20)
(0.022968 -0.00994044 3.25638e-20)
(0.0315242 -0.008083 7.16957e-20)
(0.0387278 -0.00403811 -1.90774e-20)
(0.0445484 0.00163359 1.82806e-20)
(0.0490346 0.00850305 1.72183e-20)
(0.0522635 0.0162755 0)
(0.0546111 0.0250339 0)
(0.0564656 0.0352817 -2.60837e-22)
(0.0054596 -0.00388708 -5.93914e-21)
(0.0181139 -0.00935872 5.82079e-20)
(0.0308236 -0.0097383 -1.08128e-20)
(0.0416998 -0.00724779 0)
(0.0506886 -0.00259972 0)
(0.0578411 0.00360892 3.62033e-20)
(0.0632865 0.0109376 0)
(0.0671456 0.0190878 -3.2213e-20)
(0.0697323 0.0281262 -3.00235e-22)
(0.0715855 0.0383392 2.90571e-20)
(0.0442757 0.132259 5.49885e-22)
(0.0620984 0.207472 -5.56526e-22)
(0.0647087 0.26589 -6.45928e-22)
(0.0609846 0.32055 -7.16872e-22)
(0.0523441 0.379875 -8.2965e-22)
(0.0460028 0.447853 -1.94738e-23)
(0.0319792 0.526228 4.35004e-22)
(0.0279837 0.61812 1.46334e-21)
(0.00499768 0.737694 0)
(0.00912194 0.876617 -1.05156e-21)
(0.0352219 0.122882 2.04738e-21)
(0.0556779 0.201834 -2.43337e-21)
(0.0605173 0.264348 4.37181e-21)
(0.057958 0.320966 7.1811e-22)
(0.0499919 0.381132 1.5277e-21)
(0.0441149 0.449608 2.51798e-21)
(0.0306837 0.528454 -9.14284e-22)
(0.0269002 0.620848 -9.78625e-22)
(0.00483243 0.740342 1.94794e-21)
(0.00863161 0.878232 1.04906e-21)
(0.027159 0.112126 0)
(0.0494855 0.194015 -2.31798e-21)
(0.0566761 0.261201 -1.27665e-21)
(0.0553085 0.320178 0)
(0.0479609 0.381336 -4.66449e-21)
(0.0425074 0.450409 1.49372e-21)
(0.029587 0.52983 1.63009e-21)
(0.0259645 0.622847 5.44914e-21)
(0.00473661 0.742611 -1.94164e-21)
(0.00819021 0.879671 3.89063e-21)
(0.0207722 0.100583 0)
(0.0435274 0.183964 2.33764e-21)
(0.0531673 0.256358 0)
(0.0530122 0.318129 5.64771e-21)
(0.0462384 0.380454 -5.6768e-21)
(0.0411675 0.450179 -3.25998e-21)
(0.0286801 0.530165 -1.39634e-22)
(0.0251841 0.623809 -5.34728e-21)
(0.00471329 0.744018 -8.85449e-22)
(0.00777472 0.880693 -4.80049e-21)
(0.0170808 0.0890443 3.36315e-22)
(0.0379197 0.171823 -6.69448e-21)
(0.0499694 0.249739 3.01672e-22)
(0.0510378 0.314784 -5.16439e-21)
(0.0448065 0.378575 0)
(0.0400685 0.449134 -3.16408e-21)
(0.0279363 0.529861 -1.72303e-22)
(0.0245299 0.624352 6.85759e-21)
(0.00473013 0.745269 8.94492e-22)
(0.00739938 0.881662 -8.9769e-22)
(0.01724 0.0784106 -1.8299e-20)
(0.0329764 0.158064 1.16996e-20)
(0.0470647 0.241288 5.10921e-21)
(0.0493628 0.310033 -5.10643e-21)
(0.0436586 0.375511 -2.77093e-21)
(0.0392145 0.446896 0)
(0.0273646 0.528272 -6.33305e-21)
(0.0240196 0.623524 3.14715e-21)
(0.00481368 0.745288 3.35446e-21)
(0.00703342 0.882098 3.43366e-21)
(0.0220753 0.0695518 -2.28593e-21)
(0.0292883 0.143542 0)
(0.0444444 0.231003 0)
(0.0479496 0.304024 0)
(0.0427723 0.37176 -2.89563e-21)
(0.0385627 0.444355 5.65778e-21)
(0.0269225 0.52671 6.22387e-21)
(0.0235887 0.623029 -9.52302e-21)
(0.00489251 0.745819 1.65076e-21)
(0.00671333 0.88274 -5.03558e-21)
(0.0315724 0.0630017 1.42009e-20)
(0.027706 0.129401 9.95741e-21)
(0.0421921 0.218956 -9.86782e-21)
(0.0468015 0.296165 1.06013e-20)
(0.0421402 0.366145 -1.31723e-20)
(0.0381584 0.439771 0)
(0.0266575 0.522851 -2.90767e-21)
(0.0233225 0.620095 9.37197e-23)
(0.00507065 0.744254 -3.07761e-21)
(0.00638213 0.882603 -3.14497e-21)
(0.0445889 0.0584436 -1.21838e-20)
(0.0291631 0.116199 0)
(0.0403952 0.205917 -1.14466e-20)
(0.0459046 0.288332 2.05759e-20)
(0.041751 0.361619 -7.68071e-21)
(0.0378793 0.436972 -1.36653e-21)
(0.0264589 0.521198 2.90152e-21)
(0.0230379 0.61956 1.3012e-23)
(0.00515053 0.744733 4.48838e-21)
(0.0061132 0.883133 4.598e-21)
(0.0587298 0.0559777 -1.02015e-20)
(0.0345282 0.103582 9.96877e-21)
(0.0397031 0.188576 1.26037e-21)
(0.0451458 0.274312 0)
(0.041554 0.350797 0)
(0.0379704 0.427981 1.32064e-21)
(0.0265324 0.513457 5.41743e-21)
(0.0230618 0.613398 -5.25931e-21)
(0.005462 0.740973 -1.35606e-21)
(0.00580115 0.882392 1.31436e-21)
(0.080601 0.067098 0)
(0.0496395 0.101914 0)
(0.0431519 0.177221 0)
(0.0463038 0.269009 0)
(0.0417326 0.351104 0)
(0.037558 0.430956 0)
(0.0262936 0.516951 0)
(0.0222748 0.617556 0)
(0.00535944 0.744771 0)
(0.00529789 0.884146 0)
(0.0962453 0.0957675 0)
(0.0717201 0.131969 0)
(0.0527561 0.18783 0)
(0.0494652 0.272159 0)
(0.0432397 0.356637 0)
(0.0365036 0.438671 0)
(0.0248314 0.526589 0)
(0.0204905 0.628996 0)
(0.00515374 0.755802 0)
(0.00472228 0.890973 0)
(0.0997134 0.106807 0)
(0.0855379 0.153612 0)
(0.0642864 0.203914 0)
(0.0542216 0.280099 0)
(0.0468988 0.364386 0)
(0.0395735 0.446762 0)
(0.0269931 0.533779 0)
(0.020899 0.635685 0)
(0.00575242 0.761689 0)
(0.0044732 0.893474 0)
(0.0956756 0.111084 0)
(0.089773 0.168426 0)
(0.072665 0.220411 0)
(0.0589155 0.291795 0)
(0.0480095 0.375027 0)
(0.0388509 0.458164 0)
(0.0266037 0.545868 0)
(0.0203434 0.648285 0)
(0.00618489 0.773663 0)
(0.00422728 0.901295 0)
(0.0874517 0.111301 0)
(0.0869507 0.177215 0)
(0.0757311 0.23346 0)
(0.063594 0.302671 0)
(0.0530091 0.385147 0)
(0.0425862 0.467833 0)
(0.0288638 0.553874 0)
(0.0211436 0.654564 0)
(0.00701806 0.778425 0)
(0.00420861 0.903218 0)
(0.0755116 0.109141 0)
(0.0788415 0.181589 0)
(0.0730803 0.244575 0)
(0.062301 0.314996 0)
(0.0511264 0.397216 0)
(0.0410952 0.481128 0)
(0.0283339 0.568166 0)
(0.0205723 0.66924 0)
(0.00732997 0.791915 0)
(0.00401043 0.912406 0)
(0.061353 0.104312 0)
(0.0676899 0.179923 0)
(0.0684431 0.24894 0)
(0.0637368 0.323597 0)
(0.0545286 0.407307 0)
(0.0436824 0.490476 0)
(0.0300326 0.57545 0)
(0.0212104 0.674384 0)
(0.00786444 0.795651 0)
(0.00398777 0.91411 0)
(0.0464501 0.0979631 0)
(0.0542277 0.176094 0)
(0.0571024 0.250355 0)
(0.0549848 0.329444 0)
(0.0489016 0.417047 0)
(0.0406397 0.504282 0)
(0.0288821 0.591638 0)
(0.0205681 0.691136 0)
(0.00815276 0.810748 0)
(0.00383768 0.924788 0)
(0.0329494 0.088641 0)
(0.0441834 0.168119 0)
(0.0527632 0.248922 0)
(0.0548866 0.334157 0)
(0.0499815 0.423796 0)
(0.0415938 0.510309 0)
(0.029595 0.596113 0)
(0.0207926 0.694024 0)
(0.0083663 0.812808 0)
(0.00382061 0.925732 0)
(0.0166244 0.0748793 0)
(0.0259595 0.152292 0)
(0.0358803 0.236153 0)
(0.0426438 0.329775 0)
(0.0429696 0.429225 0)
(0.0383089 0.523748 0)
(0.0286932 0.613659 0)
(0.0204716 0.712493 0)
(0.00879707 0.829224 0)
(0.00371329 0.937426 0)
(0.100831 0.0544873 8.6964e-21)
(0.107348 0.0674962 -8.55431e-21)
(0.105392 0.0701352 7.64614e-22)
(0.0985014 0.0692993 0)
(0.0881215 0.0658975 0)
(0.0741102 0.061464 2.14171e-22)
(0.0579751 0.0555778 -1.9841e-22)
(0.0414215 0.0487409 1.95247e-22)
(0.026739 0.0406373 -3.8297e-23)
(0.0119429 0.02856 3.77554e-23)
(0.106278 0.0489831 -1.11731e-20)
(0.107492 0.056001 0)
(0.103207 0.0550641 4.31693e-21)
(0.0952818 0.0520362 -8.57058e-21)
(0.0845278 0.0470521 4.22321e-21)
(0.07053 0.041582 -2.10565e-22)
(0.0546625 0.0351094 1.47827e-22)
(0.0384437 0.0280405 -3.97661e-23)
(0.023924 0.0203359 -7.28386e-23)
(0.0101607 0.00890432 -4.73567e-23)
(0.108946 0.042223 1.25541e-20)
(0.10678 0.0441889 -6.10012e-21)
(0.101233 0.0403367 6.04115e-21)
(0.0925757 0.0352817 -3.31893e-21)
(0.0814428 0.0286463 2.60504e-21)
(0.0673334 0.0219928 0)
(0.0515963 0.0147343 -1.48164e-22)
(0.0356455 0.00734596 -5.52246e-24)
(0.0212655 -9.03399e-05 6.88765e-23)
(0.00823651 -0.0106748 8.71736e-23)
(0.109831 0.0333916 -1.93105e-21)
(0.105055 0.0310643 0)
(0.0986993 0.0248815 0)
(0.0895509 0.0181577 0)
(0.0782355 0.0100993 1.56636e-21)
(0.0641678 0.00243625 -9.56885e-22)
(0.0486521 -0.00553521 6.70747e-23)
(0.0330186 -0.013186 7.8403e-23)
(0.0188539 -0.0204548 3.61819e-23)
(0.00679982 -0.0299822 3.63124e-23)
(0.109058 0.0226844 -1.07499e-21)
(0.102374 0.0168396 -5.10475e-21)
(0.0955637 0.00873135 -2.08631e-21)
(0.0860988 0.000640966 2.08472e-21)
(0.0747366 -0.00861794 -6.01893e-22)
(0.0608512 -0.0170817 0)
(0.0456615 -0.0256252 -1.24897e-22)
(0.0304488 -0.0334368 -4.56493e-23)
(0.0166688 -0.0405374 3.51439e-23)
(0.00549056 -0.0488976 -7.32012e-23)
(0.106929 0.01051 -1.3585e-20)
(0.0989605 0.00190348 2.24802e-21)
(0.0919664 -0.00786044 5.96756e-22)
(0.082337 -0.0170635 2.0031e-21)
(0.0710513 -0.0273397 0)
(0.0574302 -0.0364169 0)
(0.0426478 -0.0453881 0)
(0.0279348 -0.0532559 4.2468e-24)
(0.0146729 -0.0601231 0)
(0.00435028 -0.067282 0)
(0.103688 -0.00270766 0)
(0.0949549 -0.0133693 3.8845e-21)
(0.0880131 -0.0246144 -2.51414e-21)
(0.0783246 -0.0347035 -1.38135e-21)
(0.0672299 -0.0458354 1.38841e-21)
(0.0539408 -0.0553679 2.24374e-22)
(0.0396448 -0.0646412 -2.93121e-22)
(0.0255 -0.0724593 -8.59176e-23)
(0.0128544 -0.0790031 3.11338e-24)
(0.00340457 -0.0849761 2.92926e-23)
(0.0995287 -0.0165885 0)
(0.0904992 -0.0286551 -1.37132e-21)
(0.0837441 -0.0412575 -5.44594e-22)
(0.0741014 -0.0520115 0)
(0.0632962 -0.0638654 1.59071e-22)
(0.050427 -0.0737207 -6.07352e-22)
(0.0366762 -0.0831768 1.81509e-22)
(0.023165 -0.0908448 -2.50207e-23)
(0.0112121 -0.0969717 9.9877e-24)
(0.0026381 -0.101816 -4.04784e-23)
(0.0945858 -0.0308202 1.71388e-21)
(0.0856905 -0.0436667 1.20753e-21)
(0.0791866 -0.0575283 -4.04201e-22)
(0.0697155 -0.0687528 2.04037e-22)
(0.0592911 -0.0811981 2.79162e-22)
(0.0469197 -0.0912591 2.52119e-22)
(0.0337657 -0.100781 -4.34074e-23)
(0.02095 -0.10821 -1.3757e-23)
(0.00974498 -0.113839 -1.00203e-23)
(0.00202744 -0.117649 -4.52366e-24)
(0.0890017 -0.0450945 -3.63024e-22)
(0.0805764 -0.0581746 3.66458e-22)
(0.0744192 -0.0732019 -2.70354e-22)
(0.0652262 -0.084717 -2.03721e-22)
(0.0552511 -0.0976205 1.15953e-22)
(0.0434517 -0.107785 -2.0367e-22)
(0.0309408 -0.117257 5.89992e-23)
(0.0188751 -0.124373 -1.94756e-24)
(0.00844984 -0.129446 0)
(0.00154889 -0.132345 4.53247e-24)
(0.0830185 -0.0591551 3.65673e-22)
(0.0752915 -0.0720082 -3.68868e-22)
(0.0695514 -0.0880925 -2.75663e-22)
(0.0607319 -0.0997364 -2.10651e-22)
(0.0512431 -0.112954 -1.21118e-22)
(0.0400763 -0.123137 2.43411e-23)
(0.0282382 -0.132441 3.69185e-23)
(0.0169601 -0.139195 4.37949e-23)
(0.00732054 -0.143684 0)
(0.00117889 -0.145815 -5.31123e-25)
(0.0769075 -0.0728277 0)
(0.0700173 -0.0850534 -1.2327e-21)
(0.06472 -0.102051 2.08127e-21)
(0.0563548 -0.113692 2.10957e-22)
(0.0473511 -0.127059 3.15455e-22)
(0.0368556 -0.137201 3.07181e-22)
(0.0256975 -0.146221 -5.53993e-23)
(0.0152209 -0.152594 -2.50975e-23)
(0.00634784 -0.156497 2.42226e-23)
(0.000895454 -0.158015 5.29781e-25)
(0.0708626 -0.0859976 0)
(0.0648825 -0.097259 -1.40011e-21)
(0.0600117 -0.114968 -5.64587e-22)
(0.0521759 -0.126523 0)
(0.0436329 -0.139849 -8.53347e-22)
(0.0338322 -0.149919 3.31793e-22)
(0.0233473 -0.15855 1.77018e-22)
(0.0136641 -0.164556 2.49136e-22)
(0.00551963 -0.167894 -2.41435e-23)
(0.000679324 -0.168951 1.93817e-23)
(0.065014 -0.0985873 0)
(0.0599696 -0.108647 1.41167e-21)
(0.0554731 -0.12678 0)
(0.0482387 -0.138236 1.58375e-21)
(0.040123 -0.151301 -1.592e-21)
(0.0310279 -0.161303 -3.75924e-22)
(0.0212031 -0.169449 1.01805e-22)
(0.0122868 -0.175128 -2.63065e-22)
(0.00482188 -0.177939 -4.67968e-23)
(0.000514115 -0.178678 -3.14223e-23)
(0.0594683 -0.110547 1.40411e-20)
(0.0553571 -0.119316 -5.27803e-21)
(0.0511516 -0.137472 -5.26545e-22)
(0.0445782 -0.1489 -2.16543e-21)
(0.036853 -0.161457 0)
(0.0284541 -0.171425 -4.06365e-22)
(0.0192721 -0.179005 1.56139e-22)
(0.0110792 -0.184418 4.24565e-22)
(0.00423979 -0.186744 1.51015e-23)
(0.000386122 -0.187294 -1.50715e-23)
(0.0542991 -0.12183 1.1159e-21)
(0.0511233 -0.129435 8.2174e-21)
(0.0471062 -0.147074 2.25036e-21)
(0.041225 -0.158635 -2.24906e-21)
(0.033857 -0.170418 -7.62324e-22)
(0.0261171 -0.180407 0)
(0.0175565 -0.187354 -6.38668e-22)
(0.0100278 -0.192572 3.39847e-22)
(0.00375923 -0.194458 1.56977e-22)
(0.000284288 -0.194926 3.9431e-23)
(0.0495883 -0.132356 -1.94462e-21)
(0.0473838 -0.139235 0)
(0.0434361 -0.155657 0)
(0.0382217 -0.167588 0)
(0.0311811 -0.178334 -5.80268e-22)
(0.0240259 -0.188401 1.3412e-21)
(0.0160577 -0.194668 6.63455e-22)
(0.00911965 -0.199759 -7.61429e-22)
(0.00336807 -0.201249 4.08265e-23)
(0.000199781 -0.201723 -7.94081e-23)
(0.0453613 -0.141979 -4.48338e-21)
(0.0441852 -0.14897 6.08846e-21)
(0.0401894 -0.163334 -6.0313e-21)
(0.0355564 -0.17591 3.83054e-21)
(0.0288377 -0.185389 -4.63942e-21)
(0.0221669 -0.195573 0)
(0.0147631 -0.201131 -4.168e-22)
(0.00833685 -0.206154 -2.27019e-23)
(0.00305382 -0.207291 -1.42333e-22)
(0.000124015 -0.207844 -4.94795e-23)
(0.041 -0.15039 -2.10617e-21)
(0.0409691 -0.158866 0)
(0.0370271 -0.170263 -5.9374e-21)
(0.0329192 -0.183749 9.17679e-21)
(0.0266349 -0.19179 -3.14113e-21)
(0.0204004 -0.202104 -3.24031e-22)
(0.0135885 -0.206936 4.15853e-22)
(0.00762906 -0.211928 4.96989e-23)
(0.00279146 -0.212751 2.99109e-22)
(5.0067e-05 -0.213446 9.79642e-23)
(0.0366333 -0.156893 -8.56613e-21)
(0.0376149 -0.169121 8.3598e-21)
(0.0340856 -0.176722 7.70882e-22)
(0.0303328 -0.191284 0)
(0.0245806 -0.197802 0)
(0.0187296 -0.20821 3.34156e-22)
(0.0125196 -0.212295 7.74074e-22)
(0.00698467 -0.21726 -7.59298e-22)
(0.00256693 -0.217792 -5.54866e-23)
(3.62563e-06 -0.218684 5.42141e-23)
(0.0390792 -0.165532 0)
(0.0380122 -0.19312 0)
(0.0339866 -0.191254 0)
(0.0291402 -0.208592 0)
(0.0232856 -0.211748 0)
(0.0171308 -0.222375 0)
(0.0113695 -0.224656 0)
(0.00618542 -0.229462 0)
(0.00235853 -0.229234 0)
(5.24522e-05 -0.230555 0)
(0.028829 -0.204752 0)
(0.0238421 -0.231221 0)
(0.0220805 -0.224466 0)
(0.0177791 -0.240085 0)
(0.014689 -0.239017 0)
(0.0105534 -0.248085 0)
(0.00727545 -0.24757 0)
(0.00396852 -0.251634 0)
(0.0016823 -0.250161 0)
(0.00010245 -0.251729 0)
(0.0267078 -0.244729 0)
(0.0208902 -0.270135 0)
(0.0184935 -0.259565 0)
(0.0140052 -0.274539 0)
(0.0114479 -0.270144 0)
(0.00786635 -0.278767 0)
(0.00557913 -0.27607 0)
(0.00302561 -0.280066 0)
(0.00146377 -0.277504 0)
(0.000112099 -0.279468 0)
(0.0234106 -0.290193 0)
(0.0173997 -0.315388 0)
(0.0152385 -0.301771 0)
(0.0110047 -0.316886 0)
(0.009145 -0.309736 0)
(0.00606673 -0.318662 0)
(0.00455596 -0.314115 0)
(0.00246764 -0.31856 0)
(0.00138367 -0.314916 0)
(0.000103452 -0.317488 0)
(0.0208287 -0.34478 0)
(0.0151601 -0.369933 0)
(0.0128901 -0.354611 0)
(0.00901861 -0.370229 0)
(0.00752447 -0.361231 0)
(0.00485418 -0.37088 0)
(0.00383591 -0.364928 0)
(0.00203052 -0.370129 0)
(0.00127811 -0.365539 0)
(5.84194e-05 -0.368934 0)
(0.018403 -0.41001 0)
(0.0130811 -0.433518 0)
(0.0109266 -0.41897 0)
(0.00739011 -0.434289 0)
(0.00618249 -0.425044 0)
(0.0038088 -0.434989 0)
(0.00308943 -0.428523 0)
(0.00145997 -0.434288 0)
(0.000984902 -0.429248 0)
(-5.71267e-05 -0.43336 0)
(0.0151561 -0.480887 0)
(0.0105778 -0.500053 0)
(0.00875657 -0.489338 0)
(0.00575488 -0.502466 0)
(0.00475278 -0.495051 0)
(0.00270573 -0.5039 0)
(0.00211626 -0.498261 0)
(0.000700007 -0.503651 0)
(0.000475969 -0.499081 0)
(-0.000196649 -0.503262 0)
(0.0113914 -0.545318 0)
(0.00790357 -0.558826 0)
(0.00637405 -0.553422 0)
(0.00402173 -0.562684 0)
(0.00320817 -0.55837 0)
(0.00156377 -0.564636 0)
(0.00108553 -0.560864 0)
(-3.19223e-05 -0.564687 0)
(-1.00533e-05 -0.561416 0)
(-0.000275278 -0.564593 0)
(0.00691369 -0.592025 0)
(0.00463793 -0.599742 0)
(0.00372826 -0.599185 0)
(0.00227498 -0.604484 0)
(0.0017919 -0.603347 0)
(0.000710582 -0.606597 0)
(0.000398951 -0.604895 0)
(-0.00032654 -0.606646 0)
(-0.000197068 -0.604908 0)
(-0.00023121 -0.606487 0)
(0.00215441 -0.615197 0)
(0.0013306 -0.620689 0)
(0.00115927 -0.622733 0)
(0.000703466 -0.6258 0)
(0.000585072 -0.626227 0)
(0.000206268 -0.627765 0)
(9.85542e-05 -0.627162 0)
(-0.000154592 -0.627756 0)
(-9.50231e-05 -0.626892 0)
(-8.47311e-05 -0.627527 0)
(0.035875 -0.177927 9.90328e-21)
(0.0292276 -0.217993 -9.71721e-21)
(0.028508 -0.25948 1.22479e-21)
(0.0254868 -0.30652 0)
(0.0233175 -0.361458 0)
(0.0207289 -0.424874 1.33113e-21)
(0.0173114 -0.491383 -5.61034e-21)
(0.01302 -0.549967 5.54818e-21)
(0.00816149 -0.591969 1.48715e-21)
(0.00279494 -0.612372 -1.46488e-21)
(0.0351607 -0.18424 -1.17432e-20)
(0.0298341 -0.223693 0)
(0.0293968 -0.264939 8.12632e-21)
(0.0264625 -0.312012 -1.85648e-20)
(0.0244332 -0.366743 1.17515e-20)
(0.0217591 -0.429341 -1.21358e-21)
(0.0182643 -0.494221 2.64864e-21)
(0.0137653 -0.551005 5.51953e-21)
(0.00872106 -0.591326 1.52755e-21)
(0.00306146 -0.61127 1.49291e-21)
(0.0349036 -0.190781 1.37479e-20)
(0.0309801 -0.230012 -9.15441e-21)
(0.0306453 -0.270669 9.06765e-21)
(0.027754 -0.317285 -9.69376e-21)
(0.0257856 -0.371488 7.1941e-21)
(0.02296 -0.433054 0)
(0.019296 -0.496254 -2.65518e-21)
(0.014549 -0.551401 1.27653e-22)
(0.00922307 -0.590228 -2.87449e-21)
(0.00324008 -0.609944 -2.93436e-21)
(0.0351333 -0.196321 -2.21835e-21)
(0.0325248 -0.235685 0)
(0.0322264 -0.276022 0)
(0.0293728 -0.32226 0)
(0.0273923 -0.375964 7.82695e-21)
(0.0243635 -0.436494 -5.21953e-21)
(0.0204575 -0.498068 -2.11925e-23)
(0.0154082 -0.551543 -3.07296e-21)
(0.00971646 -0.588986 -1.56887e-21)
(0.00337024 -0.608213 -1.66591e-21)
(0.0359769 -0.201154 1.50564e-23)
(0.0344247 -0.240394 -6.65633e-21)
(0.0340844 -0.28049 -4.81646e-21)
(0.0312667 -0.326514 4.81349e-21)
(0.0292175 -0.379845 -2.5725e-21)
(0.0259565 -0.439468 0)
(0.0217736 -0.499585 -2.91175e-21)
(0.0163801 -0.551467 6.28216e-21)
(0.010271 -0.587641 -3.20709e-21)
(0.00351061 -0.606181 3.27303e-21)
(0.037502 -0.205499 -1.7877e-20)
(0.0367217 -0.244304 2.06713e-21)
(0.0362354 -0.284024 -2.32474e-22)
(0.0334174 -0.329845 4.93079e-21)
(0.0312394 -0.382855 0)
(0.0277221 -0.441687 0)
(0.0232433 -0.500551 0)
(0.017477 -0.551039 3.35369e-21)
(0.0109211 -0.586109 0)
(0.00369271 -0.603967 0)
(0.0397164 -0.209223 0)
(0.0394461 -0.247458 7.0968e-21)
(0.0387261 -0.286686 -4.77551e-21)
(0.0358456 -0.332248 -5.38878e-21)
(0.0334702 -0.384918 5.41687e-21)
(0.0296651 -0.443028 3.10734e-21)
(0.0248644 -0.500819 -3.09607e-21)
(0.0186966 -0.550147 -1.19709e-20)
(0.0116674 -0.584312 8.53512e-22)
(0.00392077 -0.601615 -2.87593e-21)
(0.0426201 -0.212122 0)
(0.0426 -0.249751 -2.32659e-21)
(0.0415883 -0.288452 -1.27378e-21)
(0.0385758 -0.33373 0)
(0.0359363 -0.386046 1.52404e-21)
(0.0318065 -0.443495 -4.61819e-21)
(0.0266462 -0.500369 5.03038e-21)
(0.0200391 -0.548755 1.77346e-21)
(0.0125013 -0.58221 -1.92853e-21)
(0.00418922 -0.599111 3.81956e-21)
(0.0462216 -0.21406 2.2153e-21)
(0.0461806 -0.251081 2.47941e-21)
(0.0448373 -0.289241 -5.76346e-22)
(0.0416203 -0.334263 7.06798e-22)
(0.0386597 -0.386244 1.47535e-21)
(0.0341676 -0.44312 2.42433e-21)
(0.0286025 -0.499237 -8.95847e-22)
(0.0215086 -0.546881 -9.57912e-22)
(0.013416 -0.579804 1.9349e-21)
(0.00449284 -0.596429 1.04216e-21)
(0.0505296 -0.214933 -5.91259e-22)
(0.0501901 -0.251403 5.96293e-22)
(0.048484 -0.288989 -6.53438e-22)
(0.0449831 -0.333808 -7.05917e-22)
(0.0416543 -0.38549 8.09592e-22)
(0.0367642 -0.441907 -1.64665e-21)
(0.0307492 -0.49744 1.36754e-21)
(0.0231181 -0.544537 4.83451e-22)
(0.0144167 -0.577094 0)
(0.00483269 -0.593548 -1.04447e-21)
(0.0555472 -0.214655 6.04933e-22)
(0.0546297 -0.250722 -6.1034e-22)
(0.0525405 -0.287657 -6.96733e-22)
(0.0486668 -0.33235 -7.5717e-22)
(0.0449316 -0.383772 -8.41625e-22)
(0.0396046 -0.43987 -4.8781e-23)
(0.0330939 -0.495005 4.81414e-22)
(0.0248701 -0.541754 1.53691e-21)
(0.0155029 -0.574098 0)
(0.00520851 -0.590465 -1.13357e-21)
(0.0612715 -0.213194 0)
(0.0594951 -0.249054 -2.70393e-21)
(0.0570183 -0.285256 4.86624e-21)
(0.05267 -0.329899 7.58483e-22)
(0.0485007 -0.381082 1.71563e-21)
(0.0426984 -0.436988 2.76583e-21)
(0.0356529 -0.491897 -9.72183e-22)
(0.0267848 -0.538497 -1.04051e-21)
(0.0166902 -0.570793 2.28162e-21)
(0.0056261 -0.587169 1.13091e-21)
(0.0676954 -0.210611 0)
(0.0647768 -0.246411 -2.70236e-21)
(0.0619222 -0.281844 -1.44826e-21)
(0.0569984 -0.32647 0)
(0.0523728 -0.377471 -5.36061e-21)
(0.0460461 -0.433314 1.79852e-21)
(0.03842 -0.48819 2.08021e-21)
(0.0288471 -0.534829 6.6456e-21)
(0.0179644 -0.5672 -2.27422e-21)
(0.00607873 -0.58366 4.88248e-21)
(0.0748084 -0.207034 0)
(0.0704692 -0.242769 2.72551e-21)
(0.0672447 -0.277563 0)
(0.0616464 -0.322108 6.94221e-21)
(0.056552 -0.372937 -6.97779e-21)
(0.0496665 -0.428786 -4.11091e-21)
(0.0414227 -0.483781 -7.10784e-23)
(0.0311001 -0.530648 -6.82188e-21)
(0.01936 -0.563244 -1.13767e-21)
(0.00657762 -0.57989 -6.07282e-21)
(0.0825948 -0.202655 2.07326e-20)
(0.0765542 -0.238147 -7.87014e-21)
(0.0729666 -0.27245 5.82539e-22)
(0.0666565 -0.316801 -6.62583e-21)
(0.0610479 -0.367525 0)
(0.053546 -0.423532 -4.27407e-21)
(0.0446298 -0.47884 -3.05638e-22)
(0.0335001 -0.526106 9.25743e-21)
(0.0208381 -0.559041 1.25739e-21)
(0.00710097 -0.575922 -1.26212e-21)
(0.09101 -0.197669 -1.32239e-21)
(0.0830725 -0.23244 1.4303e-20)
(0.0790712 -0.266436 6.87519e-21)
(0.0720257 -0.310536 -6.87054e-21)
(0.065865 -0.361195 -3.98909e-21)
(0.0577265 -0.417374 0)
(0.0481121 -0.473097 -9.45735e-21)
(0.0361342 -0.520958 4.74119e-21)
(0.0224741 -0.554446 5.02158e-21)
(0.00768664 -0.571661 5.35772e-21)
(0.0999811 -0.192115 -2.83465e-21)
(0.0900592 -0.225797 0)
(0.0854804 -0.25983 0)
(0.0777167 -0.303685 0)
(0.0709497 -0.354425 -4.50654e-21)
(0.0621247 -0.410928 8.48115e-21)
(0.0517376 -0.467211 9.6207e-21)
(0.038842 -0.515718 -1.50599e-20)
(0.024135 -0.549735 2.67499e-21)
(0.00826371 -0.567267 -7.95706e-21)
(0.109328 -0.185938 -4.8227e-21)
(0.0975109 -0.21823 1.35592e-20)
(0.0922 -0.252337 -1.343e-20)
(0.0837969 -0.295707 1.6249e-20)
(0.0764263 -0.346342 -2.03828e-20)
(0.0669497 -0.403044 0)
(0.0557951 -0.459994 -5.01729e-21)
(0.0419418 -0.509486 -1.91015e-22)
(0.0260758 -0.544414 -5.54426e-21)
(0.00896004 -0.562427 -5.63664e-21)
(0.118771 -0.180113 -3.0192e-21)
(0.105222 -0.210948 0)
(0.098967 -0.245444 -1.735e-20)
(0.0899444 -0.288595 3.21648e-20)
(0.0819025 -0.339442 -1.23364e-20)
(0.0716962 -0.396533 -2.40005e-21)
(0.0596819 -0.454039 5.00657e-21)
(0.0448271 -0.504065 -2.30043e-22)
(0.0278346 -0.539398 8.1052e-21)
(0.00953517 -0.557665 8.34108e-21)
(0.128752 -0.171755 -1.32026e-20)
(0.114454 -0.200247 1.29157e-20)
(0.106869 -0.234838 1.86345e-21)
(0.0972143 -0.277386 0)
(0.0884634 -0.32813 0)
(0.0775717 -0.385703 2.33307e-21)
(0.0646913 -0.444518 1.046e-20)
(0.0487108 -0.496297 -1.02161e-20)
(0.0303036 -0.533121 -2.76666e-21)
(0.0104389 -0.552025 2.7193e-21)
(0.140008 -0.172907 0)
(0.134252 -0.196451 0)
(0.122547 -0.232409 0)
(0.111332 -0.274184 0)
(0.101 -0.323986 0)
(0.0882457 -0.379804 0)
(0.0732713 -0.436426 0)
(0.0549728 -0.486054 0)
(0.0340421 -0.521545 0)
(0.0113806 -0.540244 0)
(0.163302 -0.157056 0)
(0.168579 -0.185355 0)
(0.14992 -0.224436 0)
(0.138654 -0.265497 0)
(0.125508 -0.314509 0)
(0.109512 -0.367843 0)
(0.0907665 -0.420746 0)
(0.0680939 -0.466116 0)
(0.042405 -0.497589 0)
(0.0148808 -0.512924 0)
(0.195073 -0.141284 0)
(0.20531 -0.17076 0)
(0.179373 -0.209316 0)
(0.169621 -0.248717 0)
(0.152218 -0.296359 0)
(0.132412 -0.346332 0)
(0.109054 -0.395471 0)
(0.081279 -0.437725 0)
(0.0500642 -0.467961 0)
(0.0164043 -0.484532 0)
(0.235376 -0.130323 0)
(0.24721 -0.158598 0)
(0.214834 -0.195842 0)
(0.207518 -0.234038 0)
(0.183966 -0.279962 0)
(0.160276 -0.325516 0)
(0.131394 -0.370188 0)
(0.0976813 -0.407486 0)
(0.0605115 -0.432828 0)
(0.021422 -0.444284 0)
(0.283348 -0.116096 0)
(0.293387 -0.141963 0)
(0.255748 -0.176595 0)
(0.249158 -0.211766 0)
(0.216285 -0.252854 0)
(0.188332 -0.292045 0)
(0.15211 -0.331874 0)
(0.111908 -0.36522 0)
(0.0680275 -0.389984 0)
(0.0213561 -0.405298 0)
(0.340947 -0.1068 0)
(0.346773 -0.12966 0)
(0.305277 -0.16158 0)
(0.296407 -0.192168 0)
(0.253254 -0.227903 0)
(0.222614 -0.26167 0)
(0.177873 -0.29705 0)
(0.130774 -0.324553 0)
(0.0803099 -0.343653 0)
(0.0297034 -0.34989 0)
(0.401548 -0.0870012 0)
(0.398804 -0.10516 0)
(0.354437 -0.131771 0)
(0.338884 -0.155343 0)
(0.286129 -0.184503 0)
(0.252007 -0.211444 0)
(0.194216 -0.239701 0)
(0.140684 -0.261765 0)
(0.0822298 -0.283136 0)
(0.0217081 -0.302815 0)
(0.466006 -0.0738764 0)
(0.453787 -0.0871144 0)
(0.410391 -0.108674 0)
(0.385521 -0.125926 0)
(0.329242 -0.149914 0)
(0.288863 -0.17024 0)
(0.221256 -0.19342 0)
(0.164128 -0.213081 0)
(0.0986497 -0.232687 0)
(0.0446304 -0.231856 0)
(0.512771 -0.0398287 0)
(0.492749 -0.0463289 0)
(0.441532 -0.0593198 0)
(0.406595 -0.0678801 0)
(0.341499 -0.0823187 0)
(0.29024 -0.0918907 0)
(0.209417 -0.105604 0)
(0.142932 -0.116853 0)
(0.0624625 -0.139034 0)
(-0.0199893 -0.187025 0)
(0.721601 -0.0201013 0)
(0.696748 -0.0236081 0)
(0.651997 -0.0289281 0)
(0.612365 -0.033651 0)
(0.552716 -0.040793 0)
(0.496097 -0.0475802 0)
(0.417169 -0.0582903 0)
(0.336323 -0.0723414 0)
(0.228252 -0.100844 0)
(0.159068 -0.157047 0)
(0.167451 -0.15231 1.39452e-20)
(0.193617 -0.135062 -1.37376e-20)
(0.226611 -0.120109 2.09204e-21)
(0.266409 -0.110002 0)
(0.313814 -0.0975149 0)
(0.368873 -0.0893316 2.91947e-21)
(0.427431 -0.0721315 -1.35942e-20)
(0.487805 -0.0617763 1.34473e-20)
(0.539609 -0.0323901 3.79599e-21)
(0.742822 -0.0172345 -3.82264e-21)
(0.175894 -0.143611 -1.39282e-20)
(0.201165 -0.125868 0)
(0.234053 -0.111647 1.45337e-20)
(0.273887 -0.101964 -3.46117e-20)
(0.321406 -0.0901711 2.29397e-20)
(0.37627 -0.0824343 -2.68822e-21)
(0.434702 -0.0662099 5.81528e-21)
(0.494534 -0.0569548 1.28547e-20)
(0.549126 -0.0294274 3.52229e-21)
(0.750785 -0.0160155 3.44306e-21)
(0.18317 -0.13387 1.62191e-20)
(0.207381 -0.116223 -1.43681e-20)
(0.239518 -0.103044 1.42323e-20)
(0.279058 -0.0938829 -1.82244e-20)
(0.326469 -0.082875 1.32902e-20)
(0.381275 -0.0756987 0)
(0.439758 -0.0605502 -5.82951e-21)
(0.499669 -0.052502 -7.43214e-23)
(0.557133 -0.0267866 -6.65813e-21)
(0.757903 -0.0148634 -6.90449e-21)
(0.190593 -0.123482 -2.75042e-21)
(0.214593 -0.106324 0)
(0.245905 -0.0942871 0)
(0.285094 -0.0857206 0)
(0.332245 -0.0755807 1.47446e-20)
(0.3868 -0.0690814 -9.9911e-21)
(0.445165 -0.0551086 -3.06952e-22)
(0.504977 -0.0483237 -6.54947e-21)
(0.564684 -0.0244188 -3.34913e-21)
(0.764649 -0.0137975 -3.40071e-21)
(0.197479 -0.112738 1.8755e-21)
(0.221596 -0.0963601 -8.56993e-21)
(0.252182 -0.0854713 -7.83712e-21)
(0.291252 -0.0775865 7.8323e-21)
(0.338277 -0.0683447 -4.6875e-21)
(0.392667 -0.0625986 0)
(0.450904 -0.0498429 -5.74953e-21)
(0.510521 -0.0443103 1.26437e-20)
(0.572008 -0.0222255 -6.3685e-21)
(0.771084 -0.0128038 6.8152e-21)
(0.203579 -0.10168 -2.10415e-20)
(0.227601 -0.0863759 1.644e-21)
(0.257614 -0.076652 -9.47241e-22)
(0.296568 -0.0695506 7.72011e-21)
(0.343567 -0.0612383 0)
(0.397979 -0.0563028 0)
(0.456206 -0.0447626 0)
(0.515765 -0.0404345 6.1099e-21)
(0.578869 -0.0201542 0)
(0.777081 -0.0118646 0)
(0.208866 -0.0903129 0)
(0.232564 -0.076363 9.70118e-21)
(0.262084 -0.067822 -6.65767e-21)
(0.300851 -0.0615934 -8.58302e-21)
(0.347773 -0.0542734 8.6277e-21)
(0.402305 -0.0502075 5.31767e-21)
(0.460589 -0.0398775 -5.0805e-21)
(0.520306 -0.036707 -2.11455e-20)
(0.584992 -0.0181952 1.50161e-21)
(0.782515 -0.0109768 -4.96378e-21)
(0.213253 -0.0786597 0)
(0.236538 -0.0662985 -3.05248e-21)
(0.265591 -0.0589754 -1.75392e-21)
(0.304171 -0.0536825 0)
(0.350955 -0.0474116 2.50943e-21)
(0.405616 -0.0442804 -7.30749e-21)
(0.46394 -0.035168 8.43759e-21)
(0.524054 -0.0331274 3.16897e-21)
(0.590205 -0.0163407 -3.15547e-21)
(0.787316 -0.0101387 6.63839e-21)
(0.216605 -0.0667404 2.24551e-21)
(0.239488 -0.0561641 3.2345e-21)
(0.268114 -0.050103 -6.4417e-22)
(0.306497 -0.0458051 9.94001e-22)
(0.353194 -0.0406207 2.24729e-21)
(0.407951 -0.0384654 3.76152e-21)
(0.466358 -0.0306098 -1.37039e-21)
(0.527001 -0.0296768 -1.49068e-21)
(0.594505 -0.0145759 3.16589e-21)
(0.791491 -0.00936206 1.62913e-21)
(0.21878 -0.0545572 -6.76783e-22)
(0.241343 -0.0459433 6.85283e-22)
(0.269604 -0.04119 -8.68303e-22)
(0.307765 -0.0379499 -9.9274e-22)
(0.354443 -0.0338768 1.17542e-21)
(0.409309 -0.0327278 -2.43508e-21)
(0.46792 -0.026164 2.08136e-21)
(0.529107 -0.0263222 7.7558e-22)
(0.59797 -0.012883 0)
(0.795041 -0.00863893 -1.63268e-21)
(0.2197 -0.0420939 6.74001e-22)
(0.242087 -0.03562 -6.82539e-22)
(0.270035 -0.0322181 -8.64216e-22)
(0.307955 -0.0300965 -9.88594e-22)
(0.354651 -0.0271578 -1.17255e-21)
(0.409679 -0.0270452 -5.90081e-23)
(0.468628 -0.0217922 6.54781e-22)
(0.53039 -0.0230413 2.19215e-21)
(0.60065 -0.0112486 0)
(0.797973 -0.0079606 -1.61335e-21)
(0.219376 -0.0293418 0)
(0.241777 -0.0251749 -3.20659e-21)
(0.269429 -0.0231651 5.82995e-21)
(0.307086 -0.0222176 9.9029e-22)
(0.353798 -0.0204365 2.22836e-21)
(0.409031 -0.0213912 3.72805e-21)
(0.46842 -0.0174584 -1.36191e-21)
(0.530825 -0.0198096 -1.47691e-21)
(0.602476 -0.00964919 3.1084e-21)
(0.800284 -0.00730365 1.60956e-21)
(0.21784 -0.0163238 0)
(0.240477 -0.0145811 -2.98416e-21)
(0.26783 -0.0140002 -1.73864e-21)
(0.305198 -0.0142796 0)
(0.351909 -0.0136784 -6.93774e-21)
(0.407384 -0.0157335 2.25112e-21)
(0.467318 -0.0131339 2.63056e-21)
(0.530467 -0.0166127 8.74522e-21)
(0.603506 -0.00807568 -3.09833e-21)
(0.80201 -0.00667232 6.40484e-21)
(0.215081 -0.00308269 0)
(0.238178 -0.00381211 3.00972e-21)
(0.265247 -0.00469375 0)
(0.302306 -0.00624982 8.4684e-21)
(0.348979 -0.00684545 -8.5118e-21)
(0.404697 -0.0100326 -5.21359e-21)
(0.46524 -0.00877798 -2.09213e-22)
(0.529212 -0.0134128 -8.78059e-21)
(0.6036 -0.0064967 -1.45918e-21)
(0.803135 -0.00603829 -7.93249e-21)
(0.211125 0.0103222 1.98286e-20)
(0.234868 0.00715514 -7.57495e-21)
(0.261719 0.00477445 9.82761e-22)
(0.298463 0.00189961 -7.58109e-21)
(0.345078 9.28815e-05 0)
(0.401089 -0.00426399 -5.24693e-21)
(0.462356 -0.00437992 -4.2304e-22)
(0.527256 -0.0102145 1.15844e-20)
(0.60301 -0.00492282 1.56614e-21)
(0.803723 -0.00542949 -1.5651e-21)
(0.206039 0.0237996 -2.30964e-21)
(0.230514 0.0183387 1.43086e-20)
(0.257249 0.0144182 7.6672e-21)
(0.293642 0.0102004 -7.6618e-21)
(0.340111 0.0071775 -4.5868e-21)
(0.396372 0.00162601 0)
(0.458361 0.000132809 -1.12567e-20)
(0.524268 -0.00694391 5.61324e-21)
(0.601345 -0.00329858 6.04778e-21)
(0.803717 -0.00479096 6.35737e-21)
(0.200048 0.0372203 -2.5552e-21)
(0.225263 0.0297394 0)
(0.252062 0.0242211 0)
(0.288119 0.01865 0)
(0.334463 0.0143959 -5.15714e-21)
(0.391087 0.00760457 9.72752e-21)
(0.453925 0.00469235 1.1292e-20)
(0.520924 -0.0036846 -1.76364e-20)
(0.599358 -0.00167961 3.13486e-21)
(0.803239 -0.00419309 -9.38983e-21)
(0.193089 0.050377 -3.93352e-21)
(0.218764 0.0413983 1.38454e-20)
(0.245779 0.0342457 -1.37126e-20)
(0.281384 0.0273495 1.78854e-20)
(0.327381 0.0218809 -2.24361e-20)
(0.384168 0.0138504 0)
(0.447774 0.00952177 -5.64117e-21)
(0.516051 -0.000229493 -7.63321e-23)
(0.59582 6.15698e-05 -6.23869e-21)
(0.80215 -0.00351846 -6.34515e-21)
(0.186653 0.0629139 -2.67054e-21)
(0.212615 0.0529824 0)
(0.240064 0.0441339 -1.81398e-20)
(0.275355 0.0359653 3.42628e-20)
(0.321211 0.0292863 -1.32361e-20)
(0.378375 0.0199911 -2.63587e-21)
(0.442737 0.0142072 5.62908e-21)
(0.511996 0.00306908 -1.76511e-22)
(0.592999 0.00175772 9.09372e-21)
(0.800679 -0.00292706 9.34704e-21)
(0.175739 0.0756979 -1.20007e-20)
(0.201948 0.0663796 1.17571e-20)
(0.230188 0.0554645 1.89891e-21)
(0.265112 0.0457573 0)
(0.310492 0.0377162 0)
(0.367907 0.0270378 2.56857e-21)
(0.433407 0.0197061 1.14634e-20)
(0.504619 0.00692884 -1.11674e-20)
(0.587065 0.00372101 -2.99877e-21)
(0.798556 -0.00216989 2.87043e-21)
(0.181056 0.0997745 0)
(0.201846 0.095469 0)
(0.229688 0.079088 0)
(0.263545 0.0665127 0)
(0.307479 0.0553362 0)
(0.363397 0.0416727 0)
(0.427104 0.0307931 0)
(0.497276 0.014734 0)
(0.581032 0.00813657 0)
(0.792682 -0.000779946 0)
(0.163127 0.134214 0)
(0.18667 0.140562 0)
(0.218264 0.115899 0)
(0.252698 0.101942 0)
(0.297343 0.0858906 0)
(0.352708 0.0673697 0)
(0.415853 0.0503901 0)
(0.487276 0.0286259 0)
(0.57837 0.0158312 0)
(0.793682 0.00204503 0)
(0.144277 0.177246 0)
(0.167006 0.186681 0)
(0.197807 0.153609 0)
(0.231021 0.140437 0)
(0.27536 0.119021 0)
(0.328354 0.0958295 0)
(0.38886 0.0724267 0)
(0.458795 0.0441118 0)
(0.552911 0.0239363 0)
(0.771424 0.00395757 0)
(0.129383 0.225978 0)
(0.14853 0.235946 0)
(0.178831 0.195363 0)
(0.211732 0.18495 0)
(0.255905 0.156248 0)
(0.306123 0.12833 0)
(0.365469 0.0974475 0)
(0.436939 0.0616644 0)
(0.539855 0.0331634 0)
(0.76538 0.00715283 0)
(0.110199 0.283475 0)
(0.125905 0.291524 0)
(0.154913 0.246359 0)
(0.18402 0.237988 0)
(0.223108 0.198995 0)
(0.266751 0.167123 0)
(0.32142 0.127726 0)
(0.389753 0.0835316 0)
(0.494333 0.0448421 0)
(0.725504 0.00958897 0)
(0.0962462 0.35057 0)
(0.10915 0.355764 0)
(0.136327 0.306976 0)
(0.160066 0.29756 0)
(0.195878 0.247177 0)
(0.235072 0.214495 0)
(0.287624 0.16478 0)
(0.355684 0.11211 0)
(0.468457 0.0613728 0)
(0.709123 0.0152253 0)
(0.0693211 0.430168 0)
(0.0788822 0.429453 0)
(0.0999861 0.379828 0)
(0.117134 0.366523 0)
(0.146493 0.309279 0)
(0.17642 0.277474 0)
(0.220235 0.214675 0)
(0.280735 0.155555 0)
(0.391301 0.0902221 0)
(0.636057 0.0225529 0)
(0.0586701 0.520886 0)
(0.0649137 0.515084 0)
(0.0818274 0.465525 0)
(0.0941582 0.447386 0)
(0.117963 0.387727 0)
(0.140844 0.354517 0)
(0.181176 0.28128 0)
(0.238894 0.224032 0)
(0.351613 0.141932 0)
(0.592735 0.0414415 0)
(0.0148474 0.65287 0)
(0.0158374 0.643026 0)
(0.0230515 0.599714 0)
(0.0271973 0.579547 0)
(0.038706 0.526696 0)
(0.0504806 0.493273 0)
(0.0771426 0.423862 0)
(0.118462 0.367475 0)
(0.209879 0.255557 0)
(0.427489 0.0766149 0)
(0.0179264 0.833657 0)
(0.021956 0.820356 0)
(0.0272151 0.794325 0)
(0.0339445 0.774505 0)
(0.0433921 0.73827 0)
(0.05638 0.704775 0)
(0.076751 0.646889 0)
(0.108526 0.576997 0)
(0.16815 0.431751 0)
(0.305995 0.150764 0)
(0.153017 0.126338 1.16985e-20)
(0.142489 0.169585 -1.15659e-20)
(0.126088 0.213182 1.79562e-21)
(0.112377 0.261402 0)
(0.0953657 0.318028 0)
(0.08277 0.382593 2.50466e-21)
(0.0592056 0.460589 -1.14973e-20)
(0.0501159 0.548968 1.14175e-20)
(0.0123143 0.67649 3.13815e-21)
(0.0166212 0.847022 -3.15627e-21)
(0.141793 0.134186 -1.15006e-20)
(0.133871 0.179621 0)
(0.118902 0.222521 1.24588e-20)
(0.105874 0.271004 -2.96688e-20)
(0.0896454 0.327838 1.96186e-20)
(0.0776026 0.392379 -2.30143e-21)
(0.0552565 0.470322 4.81365e-21)
(0.0467281 0.558581 1.05425e-20)
(0.0113299 0.685059 2.75117e-21)
(0.01607 0.850391 2.73421e-21)
(0.130261 0.140031 1.3383e-20)
(0.124929 0.187363 -1.20877e-20)
(0.111721 0.229804 1.19721e-20)
(0.0995927 0.278274 -1.54209e-20)
(0.0841859 0.335208 1.12309e-20)
(0.0727562 0.400092 0)
(0.051584 0.478078 -4.82545e-21)
(0.0436432 0.566766 -1.36246e-22)
(0.0102447 0.692496 -5.37177e-21)
(0.0153126 0.852464 -5.52619e-21)
(0.118685 0.145034 -2.25228e-21)
(0.115955 0.194982 0)
(0.104633 0.237868 0)
(0.0935004 0.286168 0)
(0.0789627 0.343065 1.21959e-20)
(0.0682024 0.40813 -8.27446e-21)
(0.0481797 0.485987 -2.71736e-22)
(0.0408391 0.574993 -5.23722e-21)
(0.00911156 0.699817 -2.6518e-21)
(0.0143976 0.855298 -2.67655e-21)
(0.107278 0.148619 1.3604e-21)
(0.107235 0.201662 -7.0248e-21)
(0.0977975 0.245687 -6.47839e-21)
(0.0876828 0.294076 6.4741e-21)
(0.0740424 0.351068 -3.86664e-21)
(0.0639599 0.416359 0)
(0.0450331 0.49409 -4.60714e-21)
(0.0382835 0.583287 9.96111e-21)
(0.00805425 0.707136 -4.96927e-21)
(0.0134432 0.859022 5.39165e-21)
(0.0960819 0.150558 -1.74473e-20)
(0.0988578 0.206839 1.35211e-21)
(0.0913118 0.252318 -7.69932e-22)
(0.0822254 0.301262 6.28424e-21)
(0.0694911 0.358334 0)
(0.0600837 0.424018 0)
(0.0421668 0.501741 0)
(0.0359819 0.591145 4.6617e-21)
(0.00716754 0.714105 0)
(0.0125386 0.862997 0)
(0.0851173 0.150772 0)
(0.0908199 0.210429 7.80632e-21)
(0.0852218 0.257623 -5.3599e-21)
(0.0771564 0.307391 -6.8063e-21)
(0.065312 0.364577 6.8416e-21)
(0.0566032 0.43074 4.08879e-21)
(0.0395924 0.508533 -3.87756e-21)
(0.033942 0.598234 -1.59346e-20)
(0.0064749 0.720421 1.12893e-21)
(0.0117142 0.866674 -3.62965e-21)
(0.0744159 0.149132 0)
(0.0831261 0.212397 -2.4533e-21)
(0.0795208 0.261681 -1.37821e-21)
(0.0724937 0.312371 0)
(0.0615066 0.369875 1.92725e-21)
(0.0534858 0.436492 -5.55589e-21)
(0.0372993 0.514275 6.30429e-21)
(0.0321567 0.60441 2.37907e-21)
(0.00595772 0.725895 -2.2303e-21)
(0.0109668 0.869796 4.87129e-21)
(0.0640086 0.145518 1.98304e-21)
(0.0757846 0.212642 2.54422e-21)
(0.0742025 0.264473 -5.19546e-22)
(0.0682445 0.316228 7.5474e-22)
(0.058084 0.374215 1.71387e-21)
(0.0506845 0.441287 2.79836e-21)
(0.0352673 0.519089 -9.7762e-22)
(0.0305965 0.609849 -1.05216e-21)
(0.0055568 0.730565 2.23768e-21)
(0.0102814 0.872427 1.13012e-21)
(0.0539337 0.139874 -5.5121e-22)
(0.0687855 0.211038 5.57852e-22)
(0.0692666 0.265905 -6.71487e-22)
(0.0644096 0.318961 -7.53789e-22)
(0.0550359 0.377557 8.55186e-22)
(0.0481908 0.445075 -1.77572e-21)
(0.0335004 0.523067 1.47472e-21)
(0.0292174 0.614414 5.52232e-22)
(0.0052413 0.734391 0)
(0.00966511 0.874645 -1.1326e-21)
(0.00773742 -0.00445225 0)
(0.0239312 -0.00984265 0)
(0.0395409 -0.00951653 -4.36456e-20)
(0.0525478 -0.00634945 0)
(0.0630335 -0.00113448 1.928e-20)
(0.071208 0.00550297 -1.78666e-20)
(0.0773805 0.0131424 0)
(0.0819148 0.0215654 0)
(0.0854265 0.0308799 -2.95532e-20)
(0.0888642 0.0407141 5.58318e-20)
(0.0105642 -0.00506511 0)
(0.0305227 -0.010244 -3.47926e-20)
(0.0488241 -0.00917399 -1.08158e-20)
(0.0635586 -0.00540945 -4.08191e-20)
(0.0750302 0.000167706 -1.89129e-20)
(0.0836733 0.00690468 -5.32063e-20)
(0.0900065 0.014378 0)
(0.0945836 0.0223347 0)
(0.098155 0.0307276 0)
(0.101661 0.0392084 -7.11352e-22)
(0.0138881 -0.00558583 0)
(0.0376734 -0.01038 -1.18256e-20)
(0.0582695 -0.00861275 2.17859e-20)
(0.0741532 -0.00445091 3.06979e-20)
(0.0859509 0.00115466 2.19934e-22)
(0.0943854 0.00755464 3.59989e-22)
(0.100201 0.0143511 3.25104e-20)
(0.104097 0.0213015 -3.01e-20)
(0.106845 0.0283888 5.59751e-20)
(0.109284 0.0356345 -5.28751e-20)
(0.0176048 -0.00588028 -5.89609e-21)
(0.0450847 -0.0100942 3.4863e-20)
(0.0674165 -0.00777067 5.45401e-20)
(0.0837629 -0.0035202 -6.10818e-20)
(0.0951876 0.0016935 3.78394e-20)
(0.102768 0.00728371 3.51765e-20)
(0.107498 0.0129329 -1.63276e-20)
(0.110225 0.0184775 5.97161e-20)
(0.111741 0.0240154 -1.05851e-21)
(0.112793 0.0297704 -2.60382e-20)
(0.0215538 -0.00583322 -6.04954e-21)
(0.0523879 -0.00928113 5.74738e-21)
(0.0757857 -0.00664143 0)
(0.0918898 -0.00269634 5.0862e-20)
(0.102316 0.00166593 -9.39432e-21)
(0.108551 0.00599396 -3.7079e-23)
(0.111853 0.0101026 -1.60049e-20)
(0.113216 0.0139494 -4.3525e-20)
(0.113462 0.0177502 -7.32713e-23)
(0.113264 0.021762 3.7096e-20)
(0.025525 -0.00536434 0)
(0.059176 -0.00790702 -3.56348e-20)
(0.0829303 -0.00528224 1.09518e-20)
(0.0981608 -0.00208457 -3.05766e-20)
(0.107124 0.000980939 9.3898e-21)
(0.111742 0.00366785 1.87835e-22)
(0.11352 0.00595807 1.7979e-22)
(0.113569 0.00794011 2.87746e-20)
(0.112719 0.00991002 -3.94381e-20)
(0.111579 0.0120686 3.65733e-20)
(0.029275 -0.00444195 3.05017e-21)
(0.0650439 -0.00601927 2.37572e-20)
(0.0884829 -0.00380735 0)
(0.102356 -0.00180064 3.06012e-20)
(0.109603 -0.000413756 -2.82068e-20)
(0.112555 0.000361986 -8.48653e-21)
(0.112917 0.000684008 2.35784e-20)
(0.11186 0.00075142 0)
(0.110178 0.000885585 0)
(0.10841 0.00120741 0)
(0.0325455 -0.00309077 -3.15171e-21)
(0.069628 -0.00374289 -9.23385e-21)
(0.0921871 -0.00237188 1.13062e-20)
(0.10441 -0.00195502 1.54929e-20)
(0.109896 -0.00253111 1.40568e-20)
(0.111319 -0.00381656 8.59616e-21)
(0.110504 -0.00549717 0)
(0.108614 -0.00730347 1.39746e-20)
(0.106363 -0.00894092 -6.6506e-21)
(0.104205 -0.010361 0)
(0.035086 -0.00139381 0)
(0.0726395 -0.00126803 1.84625e-20)
(0.0939092 -0.0011535 -1.13043e-20)
(0.104386 -0.00264377 -1.03657e-20)
(0.108245 -0.00535464 7.60018e-23)
(0.108397 -0.0087405 -4.24074e-21)
(0.106704 -0.0123696 3.91934e-21)
(0.104258 -0.0159472 0)
(0.101665 -0.019239 -6.43787e-21)
(0.0992823 -0.0222807 -5.84431e-21)
(0.036701 0.000510872 4.12522e-22)
(0.0739013 0.00116768 -7.02146e-21)
(0.0936408 -0.000336389 -7.16386e-22)
(0.10245 -0.00394612 1.84387e-23)
(0.104939 -0.00885243 -3.56218e-21)
(0.104141 -0.0142875 0)
(0.10187 -0.0197514 -3.91859e-21)
(0.0991117 -0.024967 0)
(0.0963559 -0.0297821 0)
(0.0938639 -0.0342939 0)
(0.0373291 0.00245068 -8.53026e-22)
(0.0733828 0.00331272 0)
(0.0914901 -9.09247e-05 0)
(0.0988324 -0.00592148 -4.1068e-21)
(0.100276 -0.0129862 1.17528e-21)
(0.09886 -0.0203513 -6.12891e-23)
(0.0962895 -0.0274983 -2.01718e-21)
(0.0934197 -0.0342008 0)
(0.0906332 -0.0403922 0)
(0.0881033 -0.0461956 0)
(0.036915 0.00425622 0)
(0.0711303 0.00495151 -3.30134e-21)
(0.0876305 -0.000555941 3.04467e-21)
(0.0937852 -0.00861625 5.43986e-21)
(0.0945313 -0.0177282 0)
(0.0928089 -0.0268592 4.3997e-21)
(0.0901783 -0.0355156 -4.0916e-21)
(0.0873637 -0.043543 0)
(0.0846539 -0.0509491 6.43097e-21)
(0.0821473 -0.0578641 -6.23691e-21)
(0.0353802 0.00573267 0)
(0.067209 0.00584923 2.76422e-20)
(0.0822575 -0.0018698 0)
(0.0875649 -0.0120742 2.26738e-20)
(0.0879633 -0.0230573 0)
(0.0862178 -0.0337551 -1.8325e-20)
(0.0837287 -0.0437337 0)
(0.0811047 -0.0529186 1.44618e-20)
(0.0785612 -0.0613763 -1.35447e-20)
(0.076138 -0.0692347 -1.25194e-20)
(0.0327755 0.00668377 -7.48259e-21)
(0.061806 0.00578907 -1.35827e-20)
(0.0756319 -0.00415057 -6.41003e-21)
(0.0804451 -0.0163304 -1.13744e-20)
(0.0808168 -0.0289577 -1.04393e-20)
(0.0792868 -0.0409994 9.23742e-21)
(0.0771003 -0.0521046 8.45192e-21)
(0.0747751 -0.0622786 3.89179e-22)
(0.072474 -0.0716284 1.37543e-20)
(0.0701907 -0.0802709 1.25411e-20)
(0.0292299 0.00693602 -7.83917e-21)
(0.0551807 0.00459445 -1.42403e-20)
(0.0680472 -0.00748711 -2.59852e-20)
(0.072701 -0.0214081 1.18408e-20)
(0.0733228 -0.035416 0)
(0.0721981 -0.0485622 0)
(0.0704357 -0.0605931 -1.65835e-20)
(0.0684917 -0.0715879 -1.49082e-20)
(0.0664958 -0.0816755 1.38239e-20)
(0.0644043 -0.0909516 -1.22721e-20)
(0.0249249 0.0063503 7.91002e-21)
(0.0476391 0.0021358 7.0369e-21)
(0.0598145 -0.0119379 -4.0686e-20)
(0.0646065 -0.0273182 5.96606e-20)
(0.0657041 -0.0424181 -1.08223e-20)
(0.0651257 -0.056418 0)
(0.063869 -0.0691679 0)
(0.0623595 -0.0808136 7.66997e-20)
(0.0607134 -0.0914898 -6.96073e-20)
(0.0588562 -0.101256 -3.85198e-20)
(0.0200819 0.00483142 6.67961e-20)
(0.0395177 -0.00166422 0)
(0.0512529 -0.0175295 5.35448e-20)
(0.0564331 -0.0340586 -4.79496e-20)
(0.0581815 -0.0499489 0)
(0.0582461 -0.0645445 1.90167e-20)
(0.0575372 -0.0777992 -5.26299e-20)
(0.0564791 -0.0899188 -6.18397e-20)
(0.0551975 -0.101034 2.88121e-20)
(0.0536051 -0.111149 2.64949e-20)
(0.0149484 0.00233451 -1.34658e-19)
(0.0311679 -0.0068273 -1.50314e-20)
(0.0426806 -0.0242556 -2.76137e-20)
(0.0484476 -0.0416142 -6.14987e-20)
(0.0509791 -0.0579945 -2.14795e-20)
(0.0517516 -0.0729288 -1.93791e-20)
(0.0516009 -0.086467 -3.64961e-22)
(0.0509694 -0.09887 0)
(0.0500273 -0.110268 0)
(0.0487166 -0.120584 5.40601e-20)
(0.00978205 -0.00113245 6.78632e-20)
(0.0229386 -0.0133183 -6.16079e-20)
(0.034403 -0.032076 4.13705e-20)
(0.0409054 -0.0499581 8.58484e-20)
(0.0443251 -0.0665487 -2.23943e-20)
(0.0458688 -0.0815821 1.91323e-20)
(0.0462973 -0.0951845 1.72697e-20)
(0.046073 -0.107663 0)
(0.0454314 -0.119168 0)
(0.0443247 -0.129518 -2.73495e-20)
(0.0048345 -0.0055096 -8.58744e-21)
(0.0151605 -0.0210459 7.6849e-20)
(0.0266988 -0.0409156 -1.40473e-20)
(0.0340339 -0.059052 0)
(0.0384301 -0.0756247 0)
(0.0408468 -0.0905825 3.95657e-20)
(0.0419875 -0.104096 0)
(0.0423447 -0.116475 -3.17776e-20)
(0.0421723 -0.127864 8.57428e-22)
(0.0411741 -0.137883 2.82177e-20)
(0.000335183 -0.0106919 0)
(0.00812854 -0.0298677 0)
(0.0198051 -0.050662 -5.50973e-20)
(0.028005 -0.0688354 0)
(0.0334196 -0.0852476 2.18074e-20)
(0.0367986 -0.100129 -2.02105e-20)
(0.0388248 -0.113778 0)
(0.0400355 -0.126649 0)
(0.0406583 -0.139175 -2.94418e-20)
(0.0401615 -0.151368 5.74368e-20)
(-0.00350579 -0.0165241 0)
(0.0021059 -0.0395848 -4.55196e-20)
(0.0139203 -0.0611475 -1.33755e-20)
(0.0229308 -0.0791706 -4.89696e-20)
(0.0292952 -0.0952779 -2.224e-20)
(0.033549 -0.109999 -5.9945e-20)
(0.0363106 -0.123706 0)
(0.0380744 -0.136798 0)
(0.0390047 -0.149526 0)
(0.038661 -0.161503 3.10675e-23)
(-0.00650673 -0.0227918 0)
(-0.00268051 -0.0499273 -1.37673e-20)
(0.00921243 -0.0721409 2.79379e-20)
(0.0189052 -0.089845 3.66296e-20)
(0.026073 -0.105465 3.59357e-22)
(0.031038 -0.119816 1.82538e-22)
(0.0343385 -0.133278 3.60458e-20)
(0.0364281 -0.146104 -3.299e-20)
(0.0374934 -0.158344 6.03969e-20)
(0.037342 -0.169579 -5.82833e-20)
(-0.00854009 -0.029255 -8.15035e-21)
(-0.00606389 -0.0605933 4.49279e-20)
(0.00581213 -0.0833837 6.72221e-20)
(0.0160153 -0.100625 -7.14185e-20)
(0.0238101 -0.115563 4.41392e-20)
(0.0293247 -0.129292 3.99726e-20)
(0.0330279 -0.142187 -1.78697e-20)
(0.0353643 -0.154381 6.57567e-20)
(0.0365913 -0.165831 -2.84914e-22)
(0.0367121 -0.176232 -2.95179e-20)
(-0.00953445 -0.0356585 -7.71521e-21)
(-0.00793626 -0.071259 7.33156e-21)
(0.0038155 -0.0946018 0)
(0.0143382 -0.111279 5.93399e-20)
(0.0225764 -0.125366 -1.08122e-20)
(0.0284934 -0.138254 -2.81981e-23)
(0.0325008 -0.150343 -1.80573e-20)
(0.0350489 -0.161711 -4.93302e-20)
(0.0364662 -0.172308 2.46832e-22)
(0.0368751 -0.181967 4.42613e-20)
(-0.0094763 -0.0417463 0)
(-0.0082512 -0.0815938 -4.08949e-20)
(0.00327991 -0.105518 1.27052e-20)
(0.0139314 -0.121589 -3.42597e-20)
(0.0224331 -0.134707 1.06022e-20)
(0.028617 -0.146598 2.00166e-22)
(0.0328439 -0.157734 1.54349e-22)
(0.0355667 -0.168193 3.29266e-20)
(0.0371629 -0.17796 -4.59762e-20)
(0.0378261 -0.186988 4.46581e-20)
(-0.00840931 -0.0472762 3.61962e-21)
(-0.00702566 -0.0912751 2.71176e-20)
(0.00421978 -0.115862 0)
(0.0148257 -0.131349 3.39984e-20)
(0.0234222 -0.143445 -3.08192e-20)
(0.0297474 -0.154248 -9.51902e-21)
(0.0341143 -0.164354 2.65926e-20)
(0.0369672 -0.173878 0)
(0.0387059 -0.182849 0)
(0.0395664 -0.191307 0)
(-0.00642983 -0.0520309 -3.38968e-21)
(-0.0043389 -0.100002 -9.18368e-21)
(0.00660457 -0.125376 1.15661e-20)
(0.0170211 -0.140368 1.62209e-20)
(0.0255618 -0.151454 1.54005e-20)
(0.031913 -0.161138 9.32093e-21)
(0.0363435 -0.170185 0)
(0.0392773 -0.178772 1.64206e-20)
(0.0411142 -0.186972 -7.66717e-21)
(0.042112 -0.194872 0)
(-0.00368012 -0.0558232 0)
(-0.000330043 -0.107503 1.82972e-20)
(0.0103582 -0.133821 -1.15631e-20)
(0.0204844 -0.148467 -1.07505e-20)
(0.0288435 -0.158614 -8.23073e-23)
(0.0351178 -0.1672 -4.71817e-21)
(0.0395398 -0.175192 4.31717e-21)
(0.0425049 -0.182854 0)
(0.044397 -0.190293 -7.71061e-21)
(0.0454786 -0.197621 -7.59808e-21)
(-0.000342296 -0.0585334 3.80492e-22)
(0.00480255 -0.113559 -6.6198e-21)
(0.0153575 -0.140984 -7.01872e-22)
(0.025148 -0.155478 -2.68979e-23)
(0.0332323 -0.164814 -3.68661e-21)
(0.0393433 -0.172364 0)
(0.0436918 -0.17933 -4.31572e-21)
(0.046642 -0.186083 0)
(0.0485532 -0.192763 0)
(0.0496761 -0.199487 0)
(0.003386 -0.0602379 -7.1495e-22)
(0.010822 -0.118106 0)
(0.0214402 -0.146745 0)
(0.0309138 -0.161287 -3.60699e-21)
(0.0386704 -0.169968 1.22266e-21)
(0.0445523 -0.176576 5.46087e-23)
(0.0487721 -0.182566 -2.1029e-21)
(0.0516677 -0.188428 0)
(0.0535725 -0.194341 0)
(0.0547119 -0.200412 0)
(0.00734371 -0.0609469 0)
(0.0175201 -0.12104 -2.63007e-21)
(0.0284275 -0.150954 2.42559e-21)
(0.0376505 -0.165757 4.86048e-21)
(0.0450667 -0.173973 0)
(0.0506804 -0.179764 4.46445e-21)
(0.0547328 -0.184846 -4.15171e-21)
(0.0575465 -0.189845 0)
(0.0594369 -0.194983 7.89291e-21)
(0.0605939 -0.200352 -7.62235e-21)
(0.011359 -0.0605954 0)
(0.0246561 -0.122263 1.89362e-20)
(0.036119 -0.153499 0)
(0.0452108 -0.168776 1.81287e-20)
(0.0523161 -0.176737 0)
(0.0576499 -0.181862 -1.71648e-20)
(0.0615123 -0.186126 0)
(0.0642269 -0.190304 1.64251e-20)
(0.0661085 -0.19467 -1.53832e-20)
(0.0673116 -0.199301 -1.56347e-20)
(0.0152575 -0.0592229 -4.75939e-21)
(0.031962 -0.121758 -9.66141e-21)
(0.044282 -0.154314 -4.38243e-21)
(0.0534188 -0.170257 -8.9564e-21)
(0.0602885 -0.178184 -8.47196e-21)
(0.0653612 -0.182814 8.45319e-21)
(0.0690293 -0.18637 8.10006e-21)
(0.0716357 -0.189787 -3.2498e-22)
(0.0735194 -0.193401 1.53937e-20)
(0.0748222 -0.19728 1.5617e-20)
(0.0188853 -0.0569386 -4.3854e-21)
(0.039176 -0.119596 -9.05142e-21)
(0.0526654 -0.153372 -1.76061e-20)
(0.0620805 -0.170139 8.29005e-21)
(0.068833 -0.17825 0)
(0.0736954 -0.18257 0)
(0.0771842 -0.185546 -1.68374e-20)
(0.0796791 -0.188281 -1.64731e-20)
(0.0815657 -0.191184 1.57577e-20)
(0.083039 -0.194333 -1.64764e-20)
(0.022113 -0.0538807 4.24364e-21)
(0.0460598 -0.11589 4.61114e-21)
(0.0610195 -0.15069 -2.35715e-20)
(0.0709736 -0.168392 4.14953e-20)
(0.0777774 -0.176888 -8.00501e-21)
(0.0825152 -0.181085 0)
(0.0858591 -0.183623 0)
(0.0882451 -0.185773 8.10493e-20)
(0.0901036 -0.188041 -7.88192e-20)
(0.091786 -0.190484 -4.91314e-20)
(0.0248416 -0.0501965 3.04452e-20)
(0.0523907 -0.110781 0)
(0.0691015 -0.146346 3.2562e-20)
(0.0798729 -0.165024 -3.28297e-20)
(0.086934 -0.174071 0)
(0.0916678 -0.178325 1.68283e-20)
(0.0949211 -0.180569 -4.78782e-20)
(0.0972069 -0.182248 -6.49621e-20)
(0.0990166 -0.183972 3.07985e-20)
(0.100884 -0.18573 3.17645e-20)
(0.0270045 -0.0460412 -5.95183e-20)
(0.0579771 -0.104456 -7.96747e-21)
(0.076676 -0.140458 -1.48534e-20)
(0.0885515 -0.160079 -3.84514e-20)
(0.0961061 -0.169797 -1.66146e-20)
(0.10099 -0.174265 -1.6475e-20)
(0.104227 -0.176349 2.59758e-22)
(0.106417 -0.177654 0)
(0.108148 -0.178891 0)
(0.11016 -0.180023 6.49316e-20)
(0.0285662 -0.0415718 2.90736e-20)
(0.0626657 -0.0971303 -2.89448e-20)
(0.0835262 -0.133181 2.2437e-20)
(0.0967849 -0.153639 5.43177e-20)
(0.105094 -0.164094 -1.4855e-20)
(0.11032 -0.1689 1.69025e-20)
(0.113665 -0.170939 1.66615e-20)
(0.11581 -0.171953 0)
(0.117397 -0.172791 0)
(0.119428 -0.173495 -3.1976e-20)
(0.0295232 -0.036941 -3.43761e-21)
(0.0663467 -0.0890398 3.6436e-20)
(0.0894635 -0.12471 -6.90419e-21)
(0.104358 -0.145829 0)
(0.113694 -0.157024 0)
(0.119481 -0.162252 3.14349e-20)
(0.123067 -0.164317 0)
(0.125172 -0.165015 -3.28023e-20)
(0.126249 -0.165277 -1.90163e-21)
(0.127429 -0.165349 3.13178e-20)
(0.0299006 -0.0322873 0)
(0.0689559 -0.0804201 0)
(0.0943328 -0.115259 -2.80464e-20)
(0.111072 -0.136801 0)
(0.121712 -0.148685 1.5808e-20)
(0.128341 -0.154373 -1.46501e-20)
(0.132494 -0.156476 0)
(0.135175 -0.156696 0)
(0.137075 -0.156125 -3.29965e-20)
(0.139973 -0.155754 6.43496e-20)
(0.0297134 -0.027707 0)
(0.0704456 -0.0714792 -2.01031e-20)
(0.0980011 -0.105046 -6.17125e-21)
(0.116739 -0.126741 -2.84007e-20)
(0.128942 -0.139232 -1.37501e-20)
(0.1367 -0.145447 -4.45209e-20)
(0.141705 -0.147799 0)
(0.145259 -0.148012 0)
(0.148338 -0.147533 0)
(0.152357 -0.147784 5.17785e-22)
(0.0289807 -0.0232905 0)
(0.0707977 -0.0624455 -6.91302e-21)
(0.100368 -0.0943265 1.41051e-20)
(0.121186 -0.115871 2.17332e-20)
(0.13516 -0.128844 4.6915e-22)
(0.144287 -0.135625 4.66785e-22)
(0.15034 -0.138403 3.02666e-20)
(0.154807 -0.138897 -3.07066e-20)
(0.158844 -0.138674 6.33283e-20)
(0.163568 -0.138994 -6.37735e-20)
(0.0277619 -0.0191351 -3.24384e-21)
(0.0700453 -0.0535413 2.00525e-20)
(0.101383 -0.0833566 3.37971e-20)
(0.124279 -0.10442 -4.2339e-20)
(0.140168 -0.117688 2.73337e-20)
(0.150852 -0.124992 2.8198e-20)
(0.158102 -0.128244 -1.59308e-20)
(0.16349 -0.129086 6.23929e-20)
(0.168247 -0.129066 1.79246e-21)
(0.173356 -0.129246 -3.05675e-20)
(0.0261312 -0.01532 -3.40785e-21)
(0.0682594 -0.0449669 3.23767e-21)
(0.10104 -0.0723842 0)
(0.125927 -0.0926187 3.49127e-20)
(0.143806 -0.105942 -6.70084e-21)
(0.156195 -0.113651 8.02885e-22)
(0.16478 -0.117347 -1.41253e-20)
(0.171148 -0.11854 -4.61762e-20)
(0.176557 -0.118704 -1.34332e-21)
(0.18192 -0.118755 4.74956e-20)
(0.0241654 -0.0119018 0)
(0.0655391 -0.0368928 -2.07966e-20)
(0.0993791 -0.0616421 6.52218e-21)
(0.12609 -0.0807037 -2.08323e-20)
(0.145965 -0.0938019 6.63935e-21)
(0.160162 -0.101742 -5.86289e-22)
(0.170207 -0.105803 -5.57103e-22)
(0.177646 -0.107319 3.03325e-20)
(0.183741 -0.107648 -4.54852e-20)
(0.189357 -0.107603 4.5862e-20)
(0.0219419 -0.00891709 1.67115e-21)
(0.0620055 -0.0294589 1.37229e-20)
(0.0964816 -0.0513427 0)
(0.124773 -0.068907 2.07858e-20)
(0.146577 -0.0814755 -2.03811e-20)
(0.162635 -0.0894286 -7.38581e-21)
(0.174242 -0.0937249 2.13481e-20)
(0.182847 -0.0954979 0)
(0.189696 -0.095959 0)
(0.195627 -0.0958433 0)
(0.0195358 -0.00638532 -1.77119e-21)
(0.0577952 -0.0227733 -5.38091e-21)
(0.0924629 -0.0416727 6.88452e-21)
(0.122029 -0.0574502 1.03812e-20)
(0.145623 -0.0691766 1.04941e-20)
(0.163533 -0.0768882 6.94433e-21)
(0.176769 -0.0812465 0)
(0.18663 -0.0831734 1.49847e-20)
(0.194314 -0.0837142 -6.78748e-21)
(0.200644 -0.0835442 0)
(0.0170162 -0.0043111 0)
(0.0530507 -0.0169134 1.06601e-20)
(0.0874643 -0.0327896 -6.88305e-21)
(0.117951 -0.0465392 -6.8211e-21)
(0.143126 -0.0571179 -1.53831e-22)
(0.162819 -0.0643096 -3.63228e-21)
(0.177708 -0.0685186 3.48763e-21)
(0.188896 -0.0704601 0)
(0.197501 -0.0710044 -7.24623e-21)
(0.204312 -0.0707741 -7.62034e-21)
(0.0144576 -0.00268697 2.2332e-22)
(0.0479282 -0.0119283 -4.06132e-21)
(0.0816547 -0.0248225 -4.75532e-22)
(0.112671 -0.036362 -5.77848e-23)
(0.139153 -0.0455092 -2.59424e-21)
(0.160491 -0.0518916 0)
(0.177008 -0.0557095 -3.48661e-21)
(0.189566 -0.0574904 0)
(0.199164 -0.057929 0)
(0.206535 -0.0575952 0)
(0.0119759 -0.0014922 -4.59536e-22)
(0.0426445 -0.00783652 0)
(0.0752854 -0.0178692 0)
(0.106423 -0.0270872 -2.59272e-21)
(0.133881 -0.0345587 9.48436e-22)
(0.156653 -0.0398467 1.31981e-22)
(0.174704 -0.04301 -1.65336e-21)
(0.188628 -0.0444208 0)
(0.199262 -0.0446045 0)
(0.207248 -0.044071 0)
(0.00961932 -0.000687154 0)
(0.0373254 -0.00460423 -1.9344e-21)
(0.0685253 -0.0119537 1.78378e-21)
(0.0993721 -0.0188071 3.48857e-21)
(0.127439 -0.0244119 0)
(0.151381 -0.0283471 3.53927e-21)
(0.170818 -0.0305933 -3.29129e-21)
(0.186061 -0.0314071 0)
(0.197752 -0.0311587 7.21163e-21)
(0.206403 -0.0302842 -6.88619e-21)
(0.00739076 -0.000234031 0)
(0.0320591 -0.00219238 1.57452e-20)
(0.0615293 -0.00708646 0)
(0.0917054 -0.011598 1.43142e-20)
(0.120003 -0.0152031 0)
(0.144809 -0.0175634 -1.36404e-20)
(0.165434 -0.0186415 0)
(0.181905 -0.018624 1.41769e-20)
(0.194637 -0.0177493 -1.32778e-20)
(0.203978 -0.0163632 -1.40629e-20)
(0.00531828 -9.56556e-05 -4.09137e-21)
(0.0269507 -0.000551485 -7.82098e-21)
(0.0544672 -0.00325478 -3.72262e-21)
(0.0836287 -0.00550701 -6.94321e-21)
(0.111779 -0.00704081 -6.8084e-21)
(0.137113 -0.00765041 6.58886e-21)
(0.158679 -0.00733419 6.55718e-21)
(0.176235 -0.00625569 -5.3606e-22)
(0.189953 -0.00455079 1.31721e-20)
(0.199973 -0.00245873 1.4062e-20)
(0.00343153 -0.000232798 -4.10822e-21)
(0.0220988 0.000381809 -8.25122e-21)
(0.0475026 -0.000417967 -1.5776e-20)
(0.0753507 -0.000544949 7.20779e-21)
(0.102989 2.23171e-06 0)
(0.128497 0.00126396 0)
(0.150717 0.00316224 -1.39804e-20)
(0.169169 0.00551251 -1.39378e-20)
(0.183774 0.00824979 1.34835e-20)
(0.194421 0.0112581 -1.50884e-20)
(0.00175187 -0.000605693 4.30366e-21)
(0.0175846 0.000681223 4.34354e-21)
(0.0407802 0.00148835 -2.39762e-20)
(0.0670685 0.0033118 3.75521e-20)
(0.0938577 0.00589159 -6.98438e-21)
(0.119182 0.00908528 0)
(0.14174 0.0127029 0)
(0.160858 0.0164994 6.80208e-20)
(0.176213 0.0204498 -6.72691e-20)
(0.187404 0.0245818 -4.32091e-20)
(0.000293135 -0.00117474 3.51254e-20)
(0.0134713 0.000428269 0)
(0.0344221 0.00254845 3.17679e-20)
(0.0589599 0.00611858 -2.99924e-20)
(0.0846011 0.0106316 0)
(0.109394 0.0157575 1.41902e-20)
(0.131959 0.0211728 -4.02796e-20)
(0.151478 0.0265371 -5.44172e-20)
(0.167417 0.0318336 2.58579e-20)
(0.179053 0.0372654 2.7313e-20)
(-0.000936768 -0.00190068 -7.1157e-20)
(0.00980531 -0.000289722 -8.79936e-21)
(0.0285264 0.00286298 -1.66877e-20)
(0.0511777 0.00795894 -3.86269e-20)
(0.0754165 0.0142645 -1.47999e-20)
(0.099354 0.0212674 -1.43026e-20)
(0.121586 0.028498 -8.11966e-23)
(0.141211 0.0354848 0)
(0.157528 0.0421684 0)
(0.169486 0.0489724 5.49141e-20)
(-0.00193507 -0.00274483 3.60324e-20)
(0.00661658 -0.00138157 -3.60573e-20)
(0.0231655 0.00254493 2.46516e-20)
(0.0438458 0.00893988 5.45703e-20)
(0.0664755 0.0168679 -1.45941e-20)
(0.0892617 0.025647 1.40933e-20)
(0.110819 0.03466 1.38269e-20)
(0.130217 0.0432692 0)
(0.146664 0.0512691 0)
(0.15889 0.0593524 -2.67739e-20)
(-0.00270371 -0.00366917 -4.67355e-21)
(0.00391943 -0.00275422 4.52331e-20)
(0.0183864 0.00171486 -8.45561e-21)
(0.0370573 0.00918526 0)
(0.0579214 0.0185498 0)
(0.079296 0.0289762 2.82772e-20)
(0.0998234 0.0397033 0)
(0.118515 0.0498819 -2.74177e-20)
(0.13446 0.0588443 -1.32993e-21)
(0.146256 0.0672547 2.58331e-20)
(-0.00324919 -0.00463715 0)
(0.00171174 -0.00431615 0)
(0.0142078 0.000493577 -3.50154e-20)
(0.0308704 0.00882349 0)
(0.0498673 0.0194358 1.53252e-20)
(0.0696328 0.0313984 -1.4202e-20)
(0.088821 0.0439033 0)
(0.106312 0.0561755 0)
(0.121267 0.0675374 -2.73684e-20)
(0.133262 0.0789515 5.31429e-20)
(-0.00357974 -0.00561053 0)
(-2.25382e-05 -0.00597917 -2.87931e-20)
(0.0106234 -0.00100413 -9.44701e-21)
(0.0253135 0.00797341 -3.31931e-20)
(0.0424096 0.0196259 -1.54811e-20)
(0.0604944 0.0329663 -4.36146e-20)
(0.0783164 0.0471723 0)
(0.0948264 0.0615586 0)
(0.109488 0.0755372 0)
(0.122304 0.0894294 4.17519e-22)
(-0.00370715 -0.00654505 0)
(-0.00131297 -0.00765246 -1.04697e-20)
(0.00760575 -0.00266807 1.73491e-20)
(0.0203827 0.00674229 2.48654e-20)
(0.0355875 0.0191951 -4.6994e-22)
(0.051973 0.0336772 -3.62022e-22)
(0.0684247 0.0493512 2.81099e-20)
(0.0840056 0.0655365 -2.70372e-20)
(0.0982782 0.0816446 5.34177e-20)
(0.111079 0.0975084 -5.29885e-20)
(-0.00364956 -0.00739636 -5.1218e-21)
(-0.00220173 -0.00924783 2.91876e-20)
(0.00510695 -0.00439406 4.54805e-20)
(0.016039 0.00523005 -5.14426e-20)
(0.0293785 0.0182163 3.13218e-20)
(0.0440516 0.0335485 2.93555e-20)
(0.0590804 0.0503793 -1.41307e-20)
(0.0736257 0.0679869 5.46537e-20)
(0.0872558 0.0857069 1.08393e-21)
(0.0996126 0.10307 -2.57997e-20)
(-0.00343085 -0.00812003 -5.26129e-21)
(-0.00274175 -0.0106835 4.99885e-21)
(0.00306508 -0.0060881 0)
(0.012224 0.00352783 4.3036e-20)
(0.0237347 0.0167637 -8.02804e-21)
(0.0366926 0.0326249 1.2693e-23)
(0.0502502 0.0502706 -1.41545e-20)
(0.0636571 0.0689411 -4.14273e-20)
(0.076468 0.0878889 -4.06146e-22)
(0.0882003 0.106427 3.98788e-20)
(-0.00308069 -0.00867297 0)
(-0.00299324 -0.0118872 -3.09228e-20)
(0.0014135 -0.00766905 9.46852e-21)
(0.00887606 0.00171594 -2.65945e-20)
(0.0186062 0.0149079 8.161e-21)
(0.0298629 0.0309602 -2.1656e-22)
(0.0419234 0.049061 -1.99901e-22)
(0.0541193 0.0684361 2.76501e-20)
(0.0659857 0.0882818 -4.00157e-20)
(0.0769823 0.107758 3.93641e-20)
(-0.00263415 -0.0090164 2.72656e-21)
(-0.0030187 -0.0127997 2.06543e-20)
(9.10705e-05 -0.00907048 0)
(0.00594502 -0.00013637 2.67404e-20)
(0.0139578 0.0127154 -2.50826e-20)
(0.0235445 0.0286118 -7.82377e-21)
(0.0341019 0.0467953 2.1819e-20)
(0.0450387 0.066507 0)
(0.0558745 0.0869239 0)
(0.0660648 0.107116 0)
(-0.0021304 -0.00911907 -2.78309e-21)
(-0.00287734 -0.0133798 -8.03433e-21)
(-0.000947557 -0.0102423 9.89923e-21)
(0.00340643 -0.00196916 1.3744e-20)
(0.00978629 0.0102528 1.25659e-20)
(0.0177535 0.025647 7.97049e-21)
(0.0268202 0.0435356 0)
(0.0364717 0.0632078 1.42142e-20)
(0.0462226 0.083859 -6.55224e-21)
(0.0555586 0.104529 0)
(-0.00161103 -0.00896299 0)
(-0.00261855 -0.013608 1.60975e-20)
(-0.0017218 -0.011152 -9.8972e-21)
(0.00127471 -0.00372927 -9.17674e-21)
(0.0061372 0.00759411 1.99254e-23)
(0.0125609 0.0221537 -3.96682e-21)
(0.020169 0.0393743 3.80678e-21)
(0.0285274 0.0586256 0)
(0.0371593 0.0791591 -6.75952e-21)
(0.0455946 0.10004 -6.73461e-21)
(-0.0011158 -0.0085521 3.59258e-22)
(-0.0022748 -0.0134908 -6.10362e-21)
(-0.00221783 -0.0117838 -6.38863e-22)
(-0.000387127 -0.00536403 -8.34046e-24)
(0.00311806 0.00483152 -3.24799e-21)
(0.0081094 0.0182566 0)
(0.0143165 0.0344541 -3.80574e-21)
(0.0213903 0.0529033 0)
(0.0288804 0.0729491 0)
(0.0363552 0.0937359 0)
)
;

boundaryField
{
    inlet
    {
        type            uniformFixedValue;
        uniformValue    constant (1 0 0);
        value           uniform (1 0 0);
    }
    outlet
    {
        type            pressureInletOutletVelocity;
        value           nonuniform List<vector> 
40
(
(0.0166244 0.0748793 0)
(0.0259595 0.152292 0)
(0.0358803 0.236153 0)
(0.0426438 0.329775 0)
(0.0429696 0.429225 0)
(0.0383089 0.523748 0)
(0.0286932 0.613659 0)
(0.0204716 0.712493 0)
(0.00879707 0.829224 0)
(0.00371329 0.937426 0)
(0.0119429 0.02856 3.77554e-23)
(0.0101607 0.00890432 -4.73567e-23)
(0 -0.0106748 0)
(0 -0.0299822 0)
(0 -0.0488976 0)
(0 -0.067282 0)
(0 -0.0849761 0)
(0 -0.101816 0)
(0 -0.117649 0)
(0 -0.132345 0)
(0 -0.145815 0)
(0 -0.158015 0)
(0 -0.168951 0)
(0 -0.178678 0)
(0 -0.187294 0)
(0 -0.194926 0)
(0 -0.201723 0)
(0 -0.207844 0)
(0 -0.213446 0)
(0 -0.218684 0)
(0 -0.230555 0)
(0 -0.251729 0)
(0 -0.279468 0)
(0 -0.317488 0)
(0 -0.368934 0)
(0 -0.43336 0)
(0 -0.503262 0)
(0 -0.564593 0)
(0 -0.606487 0)
(0 -0.627527 0)
)
;
    }
    cylinder
    {
        type            fixedValue;
        value           uniform (0 0 0);
    }
    top
    {
        type            symmetryPlane;
    }
    bottom
    {
        type            symmetryPlane;
    }
    defaultFaces
    {
        type            empty;
    }
}


// ************************************************************************* //
