/*--------------------------------*- C++ -*----------------------------------*\
  =========                 |
  \\      /  F ield         | OpenFOAM: The Open Source CFD Toolbox
   \\    /   O peration     | Website:  https://openfoam.org
    \\  /    A nd           | Version:  7
     \\/     M anipulation  |
\*---------------------------------------------------------------------------*/
FoamFile
{
    version     2.0;
    format      ascii;
    class       volVectorField;
    location    "96.9";
    object      U;
}
// * * * * * * * * * * * * * * * * * * * * * * * * * * * * * * * * * * * * * //

dimensions      [0 1 -1 0 0 0 0];

internalField   nonuniform List<vector> 
2000
(
(-6.58345e-05 -0.00468645 -1.65717e-22)
(7.65743e-05 -0.0110977 0)
(0.000504872 -0.0148539 0)
(0.00116778 -0.0163954 -8.51376e-22)
(0.00202377 -0.0160037 2.77295e-22)
(0.00305269 -0.0138654 1.15942e-23)
(0.00425345 -0.0101097 -4.7741e-22)
(0.00563303 -0.00484206 0)
(0.00720084 0.00183224 0)
(0.0088664 0.00979461 0)
(0.000386378 -0.00456464 0)
(0.00133616 -0.0111187 -6.49047e-22)
(0.00247766 -0.0150537 5.98552e-22)
(0.00364819 -0.0167909 1.13728e-21)
(0.00481788 -0.0166183 0)
(0.00597679 -0.0147376 1.04345e-21)
(0.00713599 -0.0112874 -9.7034e-22)
(0.00831895 -0.00636836 0)
(0.0095648 -6.10017e-05 1.79066e-21)
(0.010791 0.00755245 -3.44926e-21)
(0.000875544 -0.00451792 0)
(0.00275895 -0.011229 5.19203e-21)
(0.00476106 -0.0153025 0)
(0.00657916 -0.0171834 4.64935e-21)
(0.00819588 -0.0171756 0)
(0.009613 -0.0155022 -4.20199e-21)
(0.0108545 -0.0123171 0)
(0.0119597 -0.00772149 3.82403e-21)
(0.0129973 -0.0017755 -3.58144e-21)
(0.0138902 0.0054667 -3.52217e-21)
(0.00142886 -0.00456327 -1.34946e-21)
(0.00437895 -0.0114467 -2.59169e-21)
(0.00737298 -0.0156089 -1.21553e-21)
(0.0099575 -0.0175698 -2.28104e-21)
(0.0121329 -0.0176593 -2.18754e-21)
(0.0139181 -0.0161282 2.06522e-21)
(0.0153534 -0.01315 1.98687e-21)
(0.0164949 -0.00883184 -2.12627e-23)
(0.0174396 -0.00321767 3.61851e-21)
(0.0181156 0.00365638 3.52059e-21)
(0.0020764 -0.00470945 -1.32612e-21)
(0.006229 -0.0117756 -2.65208e-21)
(0.0103214 -0.0159689 -5.04437e-21)
(0.0137588 -0.0179403 2.31876e-21)
(0.01657 -0.0180558 0)
(0.0188 -0.016598 0)
(0.0205124 -0.0137632 -4.08901e-21)
(0.0217829 -0.00966743 -3.88408e-21)
(0.0227347 -0.00434105 3.67168e-21)
(0.0233027 0.00218824 1.06103e-20)
(0.00284803 -0.00495278 1.35238e-21)
(0.00833502 -0.0122 1.38233e-21)
(0.0135983 -0.0163632 -7.49795e-21)
(0.0179324 -0.0182773 1.1906e-20)
(0.0214101 -0.0183537 -2.21866e-21)
(0.0241148 -0.0169095 0)
(0.0261432 -0.0141645 0)
(0.0275965 -0.0102438 1.93573e-20)
(0.0286222 -0.00516358 -1.83323e-20)
(0.0291614 0.00105253 3.48253e-21)
(0.00376928 -0.00527592 1.05603e-20)
(0.0107099 -0.0126851 0)
(0.0171741 -0.0167572 1.00133e-20)
(0.0223982 -0.0185556 -9.50441e-21)
(0.0265183 -0.0185437 0)
(0.0296716 -0.0170747 4.32996e-21)
(0.0319989 -0.0143908 -1.21509e-20)
(0.033636 -0.0106246 -1.54752e-20)
(0.0347546 -0.00577371 7.26638e-21)
(0.035298 0.000150902 7.06332e-21)
(0.0048572 -0.00564857 -2.1147e-20)
(0.0133476 -0.0131788 -2.70167e-21)
(0.020994 -0.0171039 -5.10193e-21)
(0.0270465 -0.0187441 -1.19832e-20)
(0.0317277 -0.0186186 -4.58536e-21)
(0.0352437 -0.0171157 -4.3379e-21)
(0.0377926 -0.0145 2.30546e-23)
(0.0395556 -0.0109111 0)
(0.0407349 -0.00632128 0)
(0.0412688 -0.000700517 4.03741e-23)
(0.00611663 -0.00602986 1.05869e-20)
(0.0162181 -0.0136161 -1.08074e-20)
(0.0249756 -0.0173485 7.57527e-21)
(0.0317414 -0.01881 1.68784e-20)
(0.0368485 -0.0185742 -4.5053e-21)
(0.0405882 -0.017061 4.32122e-21)
(0.0432254 -0.0145562 4.08425e-21)
(0.0449975 -0.011212 0)
(0.0461539 -0.00697752 0)
(0.0466399 -0.00174719 -1.63906e-22)
(0.00753779 -0.00637252 -1.33897e-21)
(0.0192646 -0.0139263 1.35638e-20)
(0.0290099 -0.0174355 -2.54018e-21)
(0.0363265 -0.0187247 0)
(0.0416835 -0.018413 0)
(0.0454711 -0.016942 8.58779e-21)
(0.0480264 -0.0146141 0)
(0.0496436 -0.0116025 -7.5635e-21)
(0.0506312 -0.00786536 5.80351e-24)
(0.050994 -0.00324095 6.78203e-21)
(0.0121086 0.0301127 1.31033e-22)
(0.0215593 0.0779859 -1.3249e-22)
(0.0299619 0.131153 -1.47954e-22)
(0.0322866 0.181393 -1.66396e-22)
(0.0292271 0.230281 -2.02841e-22)
(0.0259586 0.281692 -7.80302e-24)
(0.0158211 0.342105 1.05741e-22)
(0.0133042 0.429611 3.82808e-22)
(-0.00421712 0.565035 0)
(0.00374709 0.725745 -2.79326e-22)
(0.0125246 0.0271756 5.08903e-22)
(0.0195227 0.0738883 -5.68857e-22)
(0.0277733 0.128424 1.01401e-21)
(0.0304817 0.180422 1.66667e-22)
(0.0278286 0.230547 3.59762e-22)
(0.0248504 0.282772 6.19473e-22)
(0.015173 0.343684 -2.29902e-22)
(0.0127197 0.431494 -2.57212e-22)
(-0.0040475 0.566202 4.92307e-22)
(0.00336244 0.725269 2.78666e-22)
(0.0142415 0.0242519 0)
(0.0182183 0.0692078 -5.5765e-22)
(0.02594 0.124703 -2.93444e-22)
(0.0289208 0.178494 0)
(0.0266233 0.229974 -1.10947e-21)
(0.023917 0.283091 3.47169e-22)
(0.0146471 0.344505 3.86647e-22)
(0.0122147 0.432528 1.38654e-21)
(-0.00385379 0.566886 -4.90712e-22)
(0.00302392 0.724624 1.00598e-21)
(0.0172786 0.0214964 0)
(0.017778 0.064158 5.62316e-22)
(0.0244908 0.120055 0)
(0.0275964 0.175603 1.30261e-21)
(0.0255978 0.228554 -1.30938e-21)
(0.0231432 0.282652 -7.88482e-22)
(0.0142283 0.344562 -4.43264e-23)
(0.0117992 0.432729 -1.36277e-21)
(-0.00363923 0.566922 -2.21045e-22)
(0.00270978 0.723644 -1.236e-21)
(0.0215193 0.0190228 3.16866e-23)
(0.0183238 0.0589771 -1.61141e-21)
(0.0234699 0.114593 4.15574e-23)
(0.0265038 0.171762 -1.18516e-21)
(0.024738 0.226285 0)
(0.0225129 0.28147 -7.5517e-22)
(0.0139032 0.343909 -6.36545e-23)
(0.0114608 0.432255 1.707e-21)
(-0.00342156 0.566585 2.2376e-22)
(0.00242095 0.722608 -2.24584e-22)
(0.0266822 0.0168803 -4.35819e-21)
(0.0199122 0.0538977 2.76257e-21)
(0.0229345 0.108477 1.16741e-21)
(0.0256427 0.16701 -1.16685e-21)
(0.0240314 0.223172 -6.25152e-22)
(0.0220151 0.279542 0)
(0.0136709 0.34251 -1.51163e-21)
(0.0112074 0.430924 7.63261e-22)
(-0.00319758 0.56538 8.22201e-22)
(0.00213516 0.721133 8.61606e-22)
(0.032323 0.0150524 -5.24154e-22)
(0.0224663 0.0491218 0)
(0.0229377 0.101918 0)
(0.0250183 0.161417 0)
(0.023464 0.219241 -6.6563e-22)
(0.0216313 0.276954 1.28882e-21)
(0.0135098 0.340583 1.47483e-21)
(0.0109996 0.429269 -2.30637e-21)
(-0.00299571 0.564268 4.04837e-22)
(0.00187739 0.719887 -1.2543e-21)
(0.037867 0.0134416 3.28377e-21)
(0.0257181 0.0447022 2.26609e-21)
(0.0234874 0.0951083 -2.2453e-21)
(0.024634 0.155104 2.35578e-21)
(0.0230311 0.214475 -2.92256e-21)
(0.0213615 0.273517 0)
(0.0134415 0.337678 -6.65142e-22)
(0.0108893 0.426273 3.25733e-23)
(-0.00277923 0.561598 -7.2818e-22)
(0.00160141 0.717867 -7.79077e-22)
(0.0426287 0.0117004 -2.78867e-21)
(0.0291891 0.0402663 0)
(0.0245096 0.0878416 -2.52695e-21)
(0.0244731 0.148021 4.52678e-21)
(0.0226948 0.209182 -1.68136e-21)
(0.0211647 0.270018 -3.05257e-22)
(0.0133973 0.335176 6.63691e-22)
(0.0107456 0.424354 1.02387e-23)
(-0.00263786 0.560491 1.05426e-21)
(0.00137108 0.716692 1.1297e-21)
(0.0457858 0.00972894 -2.27284e-21)
(0.0322586 0.0358629 2.22369e-21)
(0.0258494 0.0800283 2.82916e-22)
(0.0246252 0.139175 0)
(0.0224928 0.201287 0)
(0.0210909 0.263598 3.02025e-22)
(0.013532 0.329339 1.26757e-21)
(0.0108459 0.418286 -1.23125e-21)
(-0.00239819 0.555358 -3.32042e-22)
(0.00108557 0.713885 3.20904e-22)
(0.0474363 0.0104437 0)
(0.0364572 0.034429 0)
(0.0281998 0.0745901 0)
(0.0255232 0.133578 0)
(0.0227941 0.198364 0)
(0.0206377 0.263464 0)
(0.0131337 0.331045 0)
(0.00999478 0.421303 0)
(-0.00250389 0.557424 0)
(0.000616246 0.712558 0)
(0.0490983 0.0231138 0)
(0.0399544 0.0506256 0)
(0.0300828 0.0868045 0)
(0.0252068 0.139861 0)
(0.0221079 0.202515 0)
(0.0196569 0.267989 0)
(0.0126432 0.337153 0)
(0.00909035 0.428585 0)
(-0.00223483 0.562729 0)
(0.000252666 0.711479 0)
(0.0464651 0.0260099 0)
(0.0409181 0.0578389 0)
(0.0319879 0.0947923 0)
(0.0255813 0.145726 0)
(0.0215542 0.207342 0)
(0.0186302 0.272924 0)
(0.0120366 0.342893 0)
(0.00823051 0.434551 0)
(-0.00206778 0.566749 0)
(-4.47707e-05 0.710281 0)
(0.0420568 0.0275857 0)
(0.0392763 0.0632331 0)
(0.032425 0.101397 0)
(0.0259114 0.151005 0)
(0.0212425 0.211981 0)
(0.0178297 0.278323 0)
(0.0115466 0.349884 0)
(0.00760093 0.442377 0)
(-0.0017079 0.572346 0)
(-0.0001853 0.709553 0)
(0.037176 0.0275694 0)
(0.0362866 0.0670171 0)
(0.031452 0.107168 0)
(0.025666 0.156053 0)
(0.0209104 0.215979 0)
(0.0172192 0.282282 0)
(0.0111509 0.354517 0)
(0.00702267 0.447161 0)
(-0.00158399 0.575457 0)
(-0.000373334 0.708454 0)
(0.0320324 0.0261941 0)
(0.0326541 0.0690894 0)
(0.0295166 0.111768 0)
(0.0246781 0.160993 0)
(0.0202194 0.220629 0)
(0.0165706 0.287542 0)
(0.0108737 0.361265 0)
(0.00669928 0.454751 0)
(-0.00117008 0.580759 0)
(-0.000400151 0.707693 0)
(0.0268176 0.0236644 0)
(0.0288103 0.0696881 0)
(0.0272892 0.115137 0)
(0.023527 0.165108 0)
(0.0194565 0.224189 0)
(0.01588 0.290728 0)
(0.0104895 0.364647 0)
(0.00629314 0.458031 0)
(-0.00109192 0.582753 0)
(-0.000512419 0.706681 0)
(0.0215129 0.019853 0)
(0.024778 0.0685809 0)
(0.0245647 0.116884 0)
(0.0219283 0.168728 0)
(0.0185348 0.2288 0)
(0.0152437 0.296442 0)
(0.0102695 0.371909 0)
(0.00611847 0.466052 0)
(-0.000628836 0.588214 0)
(-0.000457433 0.705979 0)
(0.0168807 0.0164747 0)
(0.0217923 0.0675967 0)
(0.0228621 0.118374 0)
(0.0209767 0.171127 0)
(0.017891 0.230955 0)
(0.0146916 0.29827 0)
(0.00992909 0.373788 0)
(0.0058311 0.467741 0)
(-0.000620259 0.589205 0)
(-0.000523555 0.705338 0)
(0.0113649 0.00623504 0)
(0.0166864 0.0604406 0)
(0.0199121 0.116241 0)
(0.0197784 0.173342 0)
(0.0175728 0.235763 0)
(0.0145981 0.304906 0)
(0.010073 0.382178 0)
(0.00587686 0.476887 0)
(-3.7252e-05 0.595292 0)
(-0.000399571 0.704768 0)
(0.0530229 0.00119999 2.01191e-21)
(0.0518695 0.00641671 -1.97668e-21)
(0.0470518 0.00657626 1.74248e-22)
(0.041594 0.0055962 0)
(0.0359039 0.00344131 0)
(0.0300407 0.000406569 5.63623e-23)
(0.0241854 -0.0033648 -8.07663e-23)
(0.0183588 -0.00805648 7.93596e-23)
(0.0129391 -0.0122203 -8.04222e-24)
(0.00690455 -0.021135 7.899e-24)
(0.0539645 -0.00260572 -2.6461e-21)
(0.0512135 -0.000559266 0)
(0.0457391 -0.00177046 9.89474e-22)
(0.0400916 -0.00380262 -1.97998e-21)
(0.0343395 -0.00674316 9.95897e-22)
(0.0284635 -0.010332 -5.50621e-23)
(0.0225985 -0.0144914 5.6471e-23)
(0.016812 -0.0194157 2.92707e-23)
(0.0112589 -0.0238166 -1.47637e-23)
(0.00561463 -0.0319117 -1.77741e-23)
(0.0541598 -0.00640672 2.98978e-21)
(0.0501228 -0.00716224 -1.40883e-21)
(0.0442834 -0.0097777 1.39531e-21)
(0.0385235 -0.0129119 -7.9669e-22)
(0.032733 -0.016664 6.22697e-22)
(0.0268457 -0.0208065 0)
(0.0209828 -0.0253168 -5.66001e-23)
(0.0152534 -0.0303648 1.1033e-24)
(0.00967604 -0.0348339 -1.78376e-24)
(0.00450234 -0.0418804 2.46271e-23)
(0.0536961 -0.0106926 -4.56546e-22)
(0.0486279 -0.0138412 0)
(0.0426527 -0.0176983 0)
(0.0368605 -0.0218294 0)
(0.0310825 -0.0263019 4.19396e-22)
(0.0252146 -0.0309149 -2.60068e-22)
(0.019385 -0.035686 1.82021e-23)
(0.0137316 -0.0407314 -4.65462e-24)
(0.00824149 -0.0450924 3.1079e-24)
(0.00352872 -0.0510215 1.1162e-23)
(0.0525393 -0.015576 -3.03496e-22)
(0.0466732 -0.0207038 -1.22698e-21)
(0.0407436 -0.0255993 -5.09234e-22)
(0.0349985 -0.0305525 5.08876e-22)
(0.0292952 -0.0356026 -1.57329e-22)
(0.0235123 -0.0405614 0)
(0.0177771 -0.0454725 -5.71977e-23)
(0.0122571 -0.0503876 3.86031e-23)
(0.00696568 -0.0544887 -1.56314e-23)
(0.00272328 -0.0593326 -1.44314e-23)
(0.0507698 -0.021013 -3.39093e-21)
(0.0443551 -0.0276925 5.5695e-22)
(0.0386085 -0.0334351 1.38252e-22)
(0.0329755 -0.0390144 5.01485e-22)
(0.0274062 -0.0444843 0)
(0.0217649 -0.0496496 0)
(0.0161837 -0.0545744 0)
(0.0108591 -0.0592469 3.02668e-23)
(0.00585391 -0.0629793 0)
(0.00208093 -0.0668312 0)
(0.0484335 -0.0269198 0)
(0.0417731 -0.0346818 9.79609e-22)
(0.036314 -0.0411094 -6.32486e-22)
(0.0308508 -0.0471202 -3.73737e-22)
(0.0254666 -0.0528577 3.75658e-22)
(0.0200167 -0.0580949 8.57137e-23)
(0.0146417 -0.0629187 -1.04835e-22)
(0.00956655 -0.0672638 -1.25613e-22)
(0.00490492 -0.0705668 1.03083e-23)
(0.00157918 -0.073554 3.29131e-24)
(0.0456223 -0.0330881 0)
(0.0390095 -0.0415442 -3.47383e-22)
(0.0339168 -0.0485132 -1.41872e-22)
(0.0286753 -0.0547753 0)
(0.0235201 -0.060645 5.38844e-23)
(0.0183065 -0.0658368 -1.93443e-22)
(0.0131815 -0.0704672 9.40978e-23)
(0.00839796 -0.0744329 8.09578e-24)
(0.00410935 -0.0772894 -9.3377e-24)
(0.00119374 -0.0795523 -2.12045e-24)
(0.04246 -0.0393634 4.57004e-22)
(0.0361369 -0.0481643 3.1612e-22)
(0.0314676 -0.0555488 -1.05602e-22)
(0.0264958 -0.0619039 5.61729e-23)
(0.0216056 -0.0677927 8.16411e-23)
(0.0166665 -0.0728459 8.65638e-23)
(0.0118247 -0.0772179 -1.94862e-23)
(0.00736106 -0.0807842 -1.12716e-23)
(0.00345173 -0.0832113 9.36825e-24)
(0.000901781 -0.0848882 9.73141e-25)
(0.039058 -0.0456225 -9.67493e-23)
(0.0332189 -0.054456 9.76428e-23)
(0.0290122 -0.0621447 -7.16825e-23)
(0.024355 -0.0684605 -5.6088e-23)
(0.0197563 -0.074278 3.65275e-23)
(0.015122 -0.0791266 -6.66322e-23)
(0.0105844 -0.0832022 2.74998e-23)
(0.00645469 -0.0863764 3.20353e-24)
(0.00291327 -0.0884137 0)
(0.000682523 -0.0896306 -9.75249e-25)
(0.0355353 -0.0517729 9.88756e-23)
(0.0303224 -0.0603699 -9.97579e-23)
(0.0265988 -0.0682622 -7.50458e-23)
(0.0222952 -0.0744342 -5.93202e-23)
(0.0180021 -0.0801107 -3.81429e-23)
(0.0136925 -0.0847145 5.5001e-24)
(0.00946749 -0.0884788 1.37839e-23)
(0.00567187 -0.0912882 2.27159e-23)
(0.00247477 -0.0929866 0)
(0.000518206 -0.0938525 -2.10675e-24)
(0.0320116 -0.0577619 0)
(0.0275184 -0.0658931 -3.36084e-22)
(0.0242744 -0.0738938 5.6851e-22)
(0.0203561 -0.0798467 5.94079e-23)
(0.0163681 -0.0853283 9.44531e-23)
(0.0123914 -0.0896707 1.0248e-22)
(0.00847502 -0.0931259 -2.24865e-23)
(0.00500212 -0.0956099 -1.39109e-23)
(0.00211846 -0.0970236 1.6566e-23)
(0.000394762 -0.0976285 2.10181e-24)
(0.0285828 -0.0635745 0)
(0.024865 -0.0710473 -3.85586e-22)
(0.022072 -0.079059 -1.55122e-22)
(0.0185638 -0.0847472 0)
(0.014869 -0.089991 -2.61887e-22)
(0.0112233 -0.0940739 9.89414e-23)
(0.00760232 -0.0972333 6.19458e-23)
(0.00443255 -0.099437 1.0688e-22)
(0.00182858 -0.100617 -1.65119e-23)
(0.000301315 -0.101033 1.18098e-23)
(0.0253164 -0.0692226 0)
(0.0224026 -0.0758867 3.88784e-22)
(0.0200097 -0.0837986 0)
(0.0169304 -0.0892068 4.60239e-22)
(0.0135092 -0.0941749 -4.62625e-22)
(0.0101842 -0.0980139 -1.2753e-22)
(0.00684023 -0.100896 2.58197e-23)
(0.00394912 -0.102865 -1.10293e-22)
(0.00159156 -0.103856 -2.0382e-23)
(0.000229459 -0.10414 -1.80427e-23)
(0.0222589 -0.0747325 3.94563e-21)
(0.0201629 -0.0804936 -1.48249e-21)
(0.0181004 -0.088169 -1.39391e-22)
(0.0154595 -0.0933108 -6.0972e-22)
(0.012289 -0.097966 0)
(0.00926627 -0.101585 -1.3466e-22)
(0.00617814 -0.10421 4.26017e-23)
(0.00353861 -0.105986 1.63417e-22)
(0.0013965 -0.106825 6.83718e-24)
(0.000173008 -0.10702 -6.83523e-24)
(0.0194342 -0.0801287 3.22345e-22)
(0.0181706 -0.0849744 2.30849e-21)
(0.0163572 -0.0922363 6.34769e-22)
(0.0141503 -0.0971511 -6.34374e-22)
(0.0112076 -0.101455 -2.24519e-22)
(0.00846098 -0.104881 0)
(0.00560627 -0.107267 -2.19325e-22)
(0.00318988 -0.108886 1.1753e-22)
(0.00123521 -0.109602 6.08986e-23)
(0.000127653 -0.109742 1.53256e-23)
(0.0168534 -0.0854144 -5.49762e-22)
(0.0164537 -0.0894535 0)
(0.0148046 -0.0960732 0)
(0.0130047 -0.10082 0)
(0.0102681 -0.104731 -1.79036e-22)
(0.00776255 -0.10799 4.03096e-22)
(0.00511773 -0.110153 2.24605e-22)
(0.00289485 -0.111646 -2.68049e-22)
(0.00110223 -0.112262 1.55926e-23)
(9.05287e-05 -0.112372 -3.062e-23)
(0.0145061 -0.0905522 -1.2498e-21)
(0.0150173 -0.0940645 1.71018e-21)
(0.0134617 -0.0997553 -1.69402e-21)
(0.0120129 -0.104401 1.10514e-21)
(0.00946773 -0.10788 -1.3412e-21)
(0.00716156 -0.110994 0)
(0.00470435 -0.112944 -1.33878e-22)
(0.0026459 -0.114337 -4.95627e-24)
(0.000993129 -0.114871 -5.06781e-23)
(5.94886e-05 -0.114974 -1.6928e-23)
(0.0122205 -0.0954239 -5.93961e-22)
(0.0136804 -0.0989356 0)
(0.0122448 -0.103363 -1.67404e-21)
(0.011087 -0.107972 2.61181e-21)
(0.00875095 -0.110984 -9.00028e-22)
(0.00661508 -0.113967 -9.77407e-23)
(0.00433834 -0.115714 1.33573e-22)
(0.00242568 -0.117026 1.69494e-23)
(0.000900273 -0.117493 1.03728e-22)
(3.39087e-05 -0.117608 3.3673e-23)
(0.010034 -0.0997267 -2.39157e-21)
(0.0123747 -0.104184 2.34e-21)
(0.0111672 -0.107004 2.1498e-22)
(0.0102234 -0.111615 0)
(0.00811038 -0.114128 0)
(0.00612156 -0.116986 1.00595e-22)
(0.00401716 -0.118532 2.46432e-22)
(0.0022346 -0.119777 -2.41867e-22)
(0.000825715 -0.120189 -1.84167e-23)
(2.35246e-05 -0.120333 1.8035e-23)
(0.00922666 -0.106887 0)
(0.0123836 -0.11674 0)
(0.0108346 -0.115599 0)
(0.00971501 -0.120415 0)
(0.00765578 -0.121838 0)
(0.00569079 -0.124495 0)
(0.00372746 -0.125599 0)
(0.00207131 -0.126707 0)
(0.000792986 -0.126973 0)
(5.21129e-05 -0.127152 0)
(0.0098858 -0.127971 0)
(0.00919272 -0.139197 0)
(0.00767872 -0.135085 0)
(0.00657903 -0.139963 0)
(0.00504424 -0.139645 0)
(0.00374265 -0.141982 0)
(0.00240785 -0.142201 0)
(0.00135792 -0.143101 0)
(0.000519614 -0.14304 0)
(5.13618e-05 -0.143243 0)
(0.010585 -0.154546 0)
(0.00868891 -0.166791 0)
(0.00704213 -0.160417 0)
(0.00563123 -0.16565 0)
(0.00424179 -0.163832 0)
(0.00305813 -0.166212 0)
(0.00196693 -0.165655 0)
(0.00112781 -0.166576 0)
(0.000461147 -0.166194 0)
(6.17216e-05 -0.166482 0)
(0.0110181 -0.187364 0)
(0.00827287 -0.20051 0)
(0.00662293 -0.192687 0)
(0.00493776 -0.198556 0)
(0.00372441 -0.195555 0)
(0.00257752 -0.198288 0)
(0.00169743 -0.197049 0)
(0.000971579 -0.198184 0)
(0.000433181 -0.197463 0)
(6.20463e-05 -0.197913 0)
(0.0110681 -0.226375 0)
(0.00790077 -0.239605 0)
(0.00631173 -0.231483 0)
(0.00442251 -0.237857 0)
(0.00337848 -0.234196 0)
(0.00221235 -0.237369 0)
(0.00151458 -0.235636 0)
(0.000828715 -0.237078 0)
(0.000405169 -0.236053 0)
(4.54964e-05 -0.236731 0)
(0.0104626 -0.269209 0)
(0.00728942 -0.281165 0)
(0.00583315 -0.274152 0)
(0.00390192 -0.280404 0)
(0.0030236 -0.276859 0)
(0.00186055 -0.280207 0)
(0.00131905 -0.278331 0)
(0.00064706 -0.279977 0)
(0.000338872 -0.278792 0)
(8.08636e-06 -0.279662 0)
(0.00907157 -0.31122 0)
(0.00625493 -0.320724 0)
(0.00500679 -0.315985 0)
(0.00324954 -0.321305 0)
(0.00253592 -0.318656 0)
(0.00146611 -0.321668 0)
(0.00105142 -0.32009 0)
(0.000423537 -0.321643 0)
(0.000226407 -0.320544 0)
(-3.59378e-05 -0.321436 0)
(0.00697546 -0.347027 0)
(0.00478292 -0.353679 0)
(0.00382138 -0.351626 0)
(0.00243344 -0.355513 0)
(0.00189718 -0.35418 0)
(0.00103454 -0.356427 0)
(0.000729819 -0.355456 0)
(0.000213102 -0.356614 0)
(0.000108307 -0.355818 0)
(-6.16131e-05 -0.356516 0)
(0.00437302 -0.372482 0)
(0.00298377 -0.376779 0)
(0.00238146 -0.376968 0)
(0.00149808 -0.379498 0)
(0.00116463 -0.37937 0)
(0.000604614 -0.380787 0)
(0.000413435 -0.38044 0)
(7.21707e-05 -0.381111 0)
(2.89553e-05 -0.380673 0)
(-5.59549e-05 -0.381073 0)
(0.00148975 -0.385518 0)
(0.00100862 -0.388536 0)
(0.000808351 -0.389959 0)
(0.000503532 -0.391694 0)
(0.000392412 -0.392257 0)
(0.000197115 -0.393157 0)
(0.000132031 -0.393191 0)
(1.15987e-05 -0.393544 0)
(1.44713e-06 -0.393344 0)
(-2.25324e-05 -0.393538 0)
(0.00962498 -0.115159 2.73907e-21)
(0.0112342 -0.137739 -2.68712e-21)
(0.0123926 -0.165617 3.44156e-22)
(0.0129659 -0.198923 0)
(0.0129363 -0.237193 0)
(0.0121083 -0.277874 4.01878e-22)
(0.0104338 -0.316735 -1.73181e-21)
(0.00801502 -0.349254 1.70652e-21)
(0.00503623 -0.372117 4.6393e-22)
(0.00171442 -0.383764 -4.56582e-22)
(0.00999884 -0.119633 -3.25021e-21)
(0.0119917 -0.142213 0)
(0.0132597 -0.170113 2.36138e-21)
(0.0138496 -0.203252 -5.45947e-21)
(0.0137589 -0.241 3.51186e-21)
(0.0128263 -0.280749 -3.74828e-22)
(0.0110306 -0.318417 8.37656e-22)
(0.00847466 -0.349763 1.77223e-21)
(0.00533195 -0.371731 4.9947e-22)
(0.00181195 -0.382901 4.84898e-22)
(0.0105743 -0.124225 3.77976e-21)
(0.0129968 -0.146856 -2.59003e-21)
(0.0143146 -0.174626 2.56544e-21)
(0.0148866 -0.207452 -2.891e-21)
(0.0147037 -0.24456 2.13647e-21)
(0.0136377 -0.283309 0)
(0.0116898 -0.319784 -8.39676e-22)
(0.00896624 -0.350011 4.2608e-23)
(0.00563747 -0.371158 -9.309e-22)
(0.00190758 -0.381901 -9.5094e-22)
(0.011401 -0.128372 -6.08642e-22)
(0.0142038 -0.151096 0)
(0.0155354 -0.178772 0)
(0.0160688 -0.211312 0)
(0.0157753 -0.247812 2.3872e-21)
(0.0145588 -0.285611 -1.59817e-21)
(0.0124343 -0.320953 -1.25483e-23)
(0.00951318 -0.350113 -9.93981e-22)
(0.00597111 -0.370469 -5.10672e-22)
(0.00200978 -0.380792 -5.47388e-22)
(0.0125429 -0.132173 5.33215e-23)
(0.0156074 -0.154832 -1.82612e-21)
(0.0169114 -0.182365 -1.39933e-21)
(0.0173847 -0.214621 1.39844e-21)
(0.0169656 -0.250561 -7.78232e-22)
(0.0155876 -0.287503 0)
(0.0132709 -0.321829 -9.22439e-22)
(0.0101291 -0.350026 2.02627e-21)
(0.00634733 -0.369658 -1.03745e-21)
(0.00212628 -0.379591 1.07049e-21)
(0.0140307 -0.135671 -4.82974e-21)
(0.0172271 -0.158105 5.19528e-22)
(0.0184596 -0.185393 -1.08668e-22)
(0.0188433 -0.217327 1.43489e-21)
(0.0182785 -0.252722 0)
(0.0167246 -0.28889 0)
(0.0141995 -0.322326 0)
(0.0108165 -0.349689 1.08608e-21)
(0.00677011 -0.368696 0)
(0.00226026 -0.378294 0)
(0.0158755 -0.138778 0)
(0.0190757 -0.160886 1.99113e-21)
(0.0202005 -0.18785 -1.34737e-21)
(0.0204608 -0.21943 -1.62077e-21)
(0.0197274 -0.254296 1.6292e-21)
(0.0179778 -0.289761 9.84318e-22)
(0.0152233 -0.322422 -9.74996e-22)
(0.0115756 -0.349078 -3.87963e-21)
(0.00723889 -0.367565 2.76134e-22)
(0.00241236 -0.376889 -9.48561e-22)
(0.0180876 -0.141396 0)
(0.0211592 -0.163107 -6.45275e-22)
(0.0221471 -0.189698 -3.65785e-22)
(0.0222499 -0.220917 0)
(0.0213257 -0.255285 4.78909e-22)
(0.0193579 -0.290128 -1.4417e-21)
(0.0163493 -0.322126 1.61785e-21)
(0.0124095 -0.348194 5.79361e-22)
(0.00775403 -0.366258 -6.34631e-22)
(0.00258308 -0.375366 1.25821e-21)
(0.0206784 -0.143449 5.72462e-22)
(0.023483 -0.164718 6.99983e-22)
(0.0243086 -0.190896 -1.53051e-22)
(0.0242185 -0.221767 2.10896e-22)
(0.0230827 -0.255686 4.5247e-22)
(0.0208741 -0.289999 7.65438e-22)
(0.0175849 -0.321449 -2.89494e-22)
(0.0133233 -0.347044 -3.13817e-22)
(0.00831786 -0.364775 6.3672e-22)
(0.00277352 -0.373722 3.45531e-22)
(0.0236576 -0.144877 -1.59987e-22)
(0.0260526 -0.165694 1.61536e-22)
(0.0266931 -0.191417 -1.87998e-22)
(0.0263727 -0.221964 -2.10615e-22)
(0.025006 -0.255489 2.5343e-22)
(0.0225334 -0.289371 -5.1839e-22)
(0.0189369 -0.320392 4.4327e-22)
(0.0143226 -0.34563 1.59113e-22)
(0.00893377 -0.363116 0)
(0.00298505 -0.371953 -3.46307e-22)
(0.0270322 -0.145639 1.63453e-22)
(0.0288709 -0.166029 -1.65081e-22)
(0.0293078 -0.191256 -2.01352e-22)
(0.0287177 -0.22151 -2.27497e-22)
(0.0271019 -0.254697 -2.64563e-22)
(0.0243416 -0.288249 -1.97521e-23)
(0.0204107 -0.31896 1.56056e-22)
(0.0154122 -0.343953 5.05887e-22)
(0.00960487 -0.361278 0)
(0.00321868 -0.370054 -3.78422e-22)
(0.030807 -0.145722 0)
(0.0319385 -0.16572 -7.65944e-22)
(0.0321572 -0.190418 1.39162e-21)
(0.0312567 -0.22041 2.27874e-22)
(0.0293764 -0.253314 5.34776e-22)
(0.0263047 -0.286635 8.85529e-22)
(0.0220131 -0.317149 -3.16666e-22)
(0.016598 -0.342012 -3.43397e-22)
(0.0103346 -0.359259 7.61722e-22)
(0.00347528 -0.368022 3.77544e-22)
(0.0349842 -0.145157 0)
(0.0352556 -0.164762 -7.48734e-22)
(0.0352407 -0.188942 -4.19435e-22)
(0.0339923 -0.218687 0)
(0.0318335 -0.251366 -1.69e-21)
(0.0284267 -0.284549 5.6327e-22)
(0.0237464 -0.314979 6.798e-22)
(0.017882 -0.339804 2.20431e-21)
(0.0111251 -0.357053 -7.59247e-22)
(0.00375476 -0.365846 1.64142e-21)
(0.0395564 -0.144076 0)
(0.0388241 -0.163119 7.55086e-22)
(0.0385503 -0.186871 0)
(0.0369279 -0.21635 2.14191e-21)
(0.0344761 -0.248866 -2.15291e-21)
(0.0307131 -0.281991 -1.33949e-21)
(0.025622 -0.312443 -3.35299e-23)
(0.0192744 -0.337322 -2.27021e-21)
(0.0119796 -0.354654 -3.78409e-22)
(0.00405816 -0.363518 -2.0417e-21)
(0.0444843 -0.142473 5.35689e-21)
(0.0426707 -0.160827 -2.05735e-21)
(0.0420627 -0.184231 2.5198e-22)
(0.0400674 -0.213425 -1.9741e-21)
(0.0373035 -0.245832 0)
(0.0331669 -0.278981 -1.39768e-21)
(0.0276404 -0.309555 -1.24292e-22)
(0.0207756 -0.334594 3.08362e-21)
(0.0128999 -0.352076 4.24223e-22)
(0.004385 -0.361043 -4.25878e-22)
(0.0497278 -0.140307 -6.12317e-22)
(0.0467831 -0.158021 3.88216e-21)
(0.0457706 -0.181069 2.05292e-21)
(0.0434074 -0.209971 -2.05155e-21)
(0.0403147 -0.242301 -1.26068e-21)
(0.0357912 -0.275534 0)
(0.0298057 -0.306313 -3.14657e-21)
(0.022392 -0.331609 1.57829e-21)
(0.0138933 -0.349309 1.69164e-21)
(0.00473675 -0.358413 1.82043e-21)
(0.0552158 -0.137694 -7.3414e-22)
(0.0511512 -0.154729 0)
(0.0496619 -0.17744 0)
(0.04694 -0.206047 0)
(0.0435068 -0.238336 -1.46977e-21)
(0.0385829 -0.271724 2.7257e-21)
(0.0321111 -0.302794 3.20657e-21)
(0.0241137 -0.328417 -5.06179e-21)
(0.0149513 -0.346381 9.08861e-22)
(0.00510826 -0.35564 -2.7038e-21)
(0.0608448 -0.134778 -1.05629e-21)
(0.0557671 -0.150985 3.87235e-21)
(0.0537152 -0.173385 -3.83547e-21)
(0.0506539 -0.20165 5.07211e-21)
(0.04688 -0.233871 -6.38749e-21)
(0.0415574 -0.267422 0)
(0.0345879 -0.298845 -1.67691e-21)
(0.0259798 -0.324895 -7.08469e-23)
(0.016106 -0.343219 -1.89067e-21)
(0.0055109 -0.352673 -1.92866e-21)
(0.0664837 -0.131725 -7.77084e-22)
(0.0606396 -0.146928 0)
(0.0579073 -0.169112 -5.192e-21)
(0.0545095 -0.197125 9.86697e-21)
(0.0503794 -0.229398 -3.83775e-21)
(0.0446338 -0.263209 -7.8896e-22)
(0.0371296 -0.295006 1.67324e-21)
(0.0278781 -0.321422 -8.78538e-23)
(0.0172732 -0.34002 2.75765e-21)
(0.00590933 -0.349617 2.85419e-21)
(0.0723009 -0.127461 -3.5424e-21)
(0.0663302 -0.141476 3.47353e-21)
(0.0626442 -0.16327 5.52101e-22)
(0.0588279 -0.190862 0)
(0.0543173 -0.223091 0)
(0.048162 -0.257274 7.81238e-22)
(0.0401193 -0.289793 3.61548e-21)
(0.0301665 -0.317041 -3.5402e-21)
(0.0187057 -0.336304 -9.73917e-22)
(0.00639917 -0.346197 9.57748e-22)
(0.0822807 -0.127131 0)
(0.0792955 -0.139079 0)
(0.0730163 -0.161214 0)
(0.067994 -0.188357 0)
(0.0622634 -0.219838 0)
(0.0548231 -0.25292 0)
(0.045416 -0.284193 0)
(0.0340232 -0.31033 0)
(0.0210528 -0.32892 0)
(0.00712588 -0.338668 0)
(0.0992322 -0.116906 0)
(0.100889 -0.132818 0)
(0.0913689 -0.156957 0)
(0.0851997 -0.183558 0)
(0.0772533 -0.213784 0)
(0.0674548 -0.244851 0)
(0.0554994 -0.273814 0)
(0.0413783 -0.297673 0)
(0.0255539 -0.314167 0)
(0.00877551 -0.322173 0)
(0.120015 -0.106998 0)
(0.123805 -0.124991 0)
(0.111263 -0.149277 0)
(0.104275 -0.174551 0)
(0.0935743 -0.203007 0)
(0.0810101 -0.231547 0)
(0.0660327 -0.258088 0)
(0.04884 -0.280229 0)
(0.0299587 -0.296241 0)
(0.00995671 -0.30513 0)
(0.145707 -0.0998162 0)
(0.149968 -0.118224 0)
(0.134109 -0.14146 0)
(0.126242 -0.165335 0)
(0.112142 -0.192077 0)
(0.096595 -0.218118 0)
(0.0781708 -0.24226 0)
(0.0574886 -0.262031 0)
(0.0351841 -0.275465 0)
(0.0121885 -0.28123 0)
(0.175685 -0.0911558 0)
(0.178355 -0.108024 0)
(0.158897 -0.128889 0)
(0.149402 -0.150274 0)
(0.13074 -0.173908 0)
(0.111589 -0.196407 0)
(0.0889678 -0.217772 0)
(0.0645497 -0.235929 0)
(0.038925 -0.250012 0)
(0.0123313 -0.259622 0)
(0.209355 -0.0840073 0)
(0.209771 -0.0987484 0)
(0.186804 -0.117846 0)
(0.175265 -0.136829 0)
(0.15148 -0.157719 0)
(0.12909 -0.177558 0)
(0.10213 -0.197073 0)
(0.0737924 -0.213311 0)
(0.0445083 -0.22448 0)
(0.0163411 -0.226687 0)
(0.244725 -0.0700069 0)
(0.23928 -0.0813912 0)
(0.213504 -0.0969271 0)
(0.197928 -0.111348 0)
(0.168268 -0.127632 0)
(0.141798 -0.143088 0)
(0.108613 -0.158802 0)
(0.0756522 -0.172938 0)
(0.0429211 -0.187394 0)
(0.00985534 -0.205617 0)
(0.278125 -0.0616917 0)
(0.269327 -0.0691883 0)
(0.242388 -0.082244 0)
(0.223136 -0.0932404 0)
(0.190797 -0.107766 0)
(0.161732 -0.121599 0)
(0.125053 -0.137471 0)
(0.0889243 -0.152698 0)
(0.051866 -0.167661 0)
(0.0272933 -0.162348 0)
(0.316797 -0.0347732 0)
(0.305344 -0.0380355 0)
(0.264241 -0.0458901 0)
(0.238994 -0.051169 0)
(0.193888 -0.0596928 0)
(0.155974 -0.0665957 0)
(0.105329 -0.0751249 0)
(0.0555892 -0.0837086 0)
(0.0104815 -0.102002 0)
(-0.0438489 -0.153905 0)
(0.597745 -0.0183716 0)
(0.578869 -0.0213134 0)
(0.540428 -0.025519 0)
(0.510701 -0.0296959 0)
(0.463668 -0.0357041 0)
(0.420589 -0.0426879 0)
(0.360207 -0.0530592 0)
(0.293934 -0.0689292 0)
(0.207002 -0.098579 0)
(0.1496 -0.157437 0)
(0.0977241 -0.11433 3.60629e-21)
(0.116698 -0.104056 -3.55083e-21)
(0.137832 -0.0944629 6.01468e-22)
(0.162966 -0.0874608 0)
(0.193043 -0.0793491 0)
(0.22549 -0.0729941 9.53723e-22)
(0.26062 -0.0606092 -4.58774e-21)
(0.292609 -0.0541556 4.52081e-21)
(0.34307 -0.0303148 1.29614e-21)
(0.618371 -0.0161236 -1.31825e-21)
(0.103187 -0.108717 -3.29348e-21)
(0.122093 -0.0984571 0)
(0.14299 -0.0892436 4.35942e-21)
(0.167815 -0.0824445 -1.06124e-20)
(0.19786 -0.0746407 7.20917e-21)
(0.230298 -0.0686693 -8.9718e-22)
(0.265452 -0.0568847 1.94712e-21)
(0.297809 -0.0511773 4.44602e-21)
(0.352782 -0.0285844 1.19624e-21)
(0.62652 -0.0151708 1.23358e-21)
(0.10791 -0.10257 3.78517e-21)
(0.126742 -0.0925992 -3.99346e-21)
(0.14727 -0.083931 3.95562e-21)
(0.171927 -0.0773967 -5.65817e-21)
(0.201721 -0.0699878 4.09136e-21)
(0.234281 -0.0644759 0)
(0.269319 -0.0533437 -1.95178e-21)
(0.302598 -0.048361 -5.24716e-23)
(0.361403 -0.0270044 -2.26621e-21)
(0.634319 -0.01426 -2.4401e-21)
(0.112392 -0.0960233 -6.49549e-22)
(0.131488 -0.0865851 0)
(0.151734 -0.0785666 0)
(0.176295 -0.0723393 0)
(0.205823 -0.0653802 4.67515e-21)
(0.238453 -0.0603801 -3.19286e-21)
(0.273159 -0.0499632 -1.42281e-22)
(0.307473 -0.0456431 -2.26004e-21)
(0.36944 -0.0255674 -1.14743e-21)
(0.641918 -0.0134334 -1.18762e-21)
(0.11636 -0.0891722 7.1485e-22)
(0.135896 -0.0804985 -2.07972e-21)
(0.155979 -0.0731896 -2.27273e-21)
(0.18046 -0.0673199 2.27131e-21)
(0.209834 -0.0608555 -1.46109e-21)
(0.242552 -0.056365 0)
(0.276905 -0.0467294 -1.88702e-21)
(0.31227 -0.0430087 4.25896e-21)
(0.377023 -0.0242459 -2.13677e-21)
(0.649218 -0.0127046 2.35759e-21)
(0.119672 -0.0820464 -4.87544e-21)
(0.139712 -0.0743636 1.8212e-22)
(0.159706 -0.0678081 -3.93479e-22)
(0.184091 -0.0623583 2.21337e-21)
(0.213362 -0.056433 0)
(0.246176 -0.0524509 0)
(0.280365 -0.0436364 0)
(0.316663 -0.0404661 2.01986e-21)
(0.384087 -0.0230283 0)
(0.656101 -0.0120656 0)
(0.122252 -0.0746768 0)
(0.142891 -0.0681811 2.53021e-21)
(0.162869 -0.0624147 -1.76373e-21)
(0.187143 -0.0574487 -2.55586e-21)
(0.216312 -0.0521027 2.56913e-21)
(0.249205 -0.0486486 1.69306e-21)
(0.283396 -0.0406731 -1.58544e-21)
(0.32052 -0.038026 -6.93548e-21)
(0.390492 -0.0219112 4.8934e-22)
(0.662487 -0.0115008 -1.6575e-21)
(0.124015 -0.0671058 0)
(0.145397 -0.0619509 -7.69094e-22)
(0.165461 -0.0570025 -4.71039e-22)
(0.189625 -0.0525804 0)
(0.218697 -0.0478458 7.85591e-22)
(0.251651 -0.0449493 -2.24657e-21)
(0.285942 -0.0378227 2.7048e-21)
(0.323833 -0.0356878 1.05143e-21)
(0.396183 -0.0208878 -1.02876e-21)
(0.668361 -0.0110001 2.21547e-21)
(0.124869 -0.0593784 4.6119e-22)
(0.147177 -0.0556716 8.30298e-22)
(0.167441 -0.0515646 -1.37862e-22)
(0.191514 -0.0477431 2.80302e-22)
(0.220507 -0.0436454 6.7097e-22)
(0.253524 -0.041336 1.1608e-21)
(0.287982 -0.0350676 -4.28933e-22)
(0.326603 -0.033447 -4.77136e-22)
(0.401107 -0.0199402 1.03215e-21)
(0.673692 -0.010551 5.31443e-22)
(0.124748 -0.0515416 -1.54209e-22)
(0.148178 -0.0493385 1.56118e-22)
(0.168763 -0.0460908 -2.29672e-22)
(0.192772 -0.0429234 -2.79923e-22)
(0.221707 -0.0394855 3.51711e-22)
(0.254808 -0.0377909 -7.37435e-22)
(0.28949 -0.0323904 6.52809e-22)
(0.328812 -0.0312955 2.51929e-22)
(0.405223 -0.0190493 0)
(0.678464 -0.0101411 -5.32607e-22)
(0.123625 -0.0436483 1.50861e-22)
(0.148373 -0.0429452 -1.52732e-22)
(0.169394 -0.0405665 -2.21612e-22)
(0.193376 -0.0381035 -2.71582e-22)
(0.222269 -0.0353483 -3.46899e-22)
(0.255483 -0.0342952 -2.21626e-23)
(0.290443 -0.0297731 1.97076e-22)
(0.330437 -0.0292222 6.85264e-22)
(0.408507 -0.0181991 0)
(0.682696 -0.00976148 -5.15247e-22)
(0.121525 -0.0357641 0)
(0.147755 -0.0364846 -7.81634e-22)
(0.16932 -0.0349751 1.44723e-21)
(0.19332 -0.0332619 2.72026e-22)
(0.22218 -0.0312131 6.35351e-22)
(0.255535 -0.0308284 1.10941e-21)
(0.290819 -0.0271967 -4.1734e-22)
(0.331452 -0.0272148 -4.62429e-22)
(0.410936 -0.017379 9.72572e-22)
(0.68637 -0.00940634 5.14044e-22)
(0.118505 -0.0279767 0)
(0.146318 -0.0299503 -6.70605e-22)
(0.168537 -0.0292984 -4.39001e-22)
(0.192607 -0.0283745 0)
(0.22144 -0.0270559 -1.99927e-21)
(0.254957 -0.0273673 6.34817e-22)
(0.290607 -0.0246405 7.78449e-22)
(0.331849 -0.0252592 2.67854e-21)
(0.412519 -0.0165793 -9.69413e-22)
(0.689519 -0.00907166 2.00525e-21)
(0.11465 -0.0203926 0)
(0.144054 -0.0233411 6.76278e-22)
(0.16704 -0.023522 0)
(0.191238 -0.023417 2.32043e-21)
(0.220052 -0.0228521 -2.33235e-21)
(0.253749 -0.0238877 -1.54356e-21)
(0.289801 -0.022084 -8.73299e-23)
(0.331618 -0.0233426 -2.67675e-21)
(0.41324 -0.0157914 -4.4297e-22)
(0.69209 -0.00875204 -2.4788e-21)
(0.11009 -0.0131384 3.95658e-21)
(0.140971 -0.0166649 -1.44651e-21)
(0.164836 -0.0176369 3.95937e-22)
(0.189221 -0.0183665 -1.92666e-21)
(0.218027 -0.0185774 0)
(0.251917 -0.0203656 -1.54109e-21)
(0.288409 -0.0195066 -1.59828e-22)
(0.330777 -0.0214514 3.49876e-21)
(0.413185 -0.0150047 4.81319e-22)
(0.694178 -0.00844344 -4.81041e-22)
(0.105 -0.00636213 -6.31673e-22)
(0.137108 -0.00994157 2.96025e-21)
(0.161949 -0.0116408 1.92591e-21)
(0.186573 -0.0132029 -1.92461e-21)
(0.215381 -0.0142094 -1.26184e-21)
(0.249468 -0.0167778 0)
(0.286424 -0.0168881 -3.33355e-21)
(0.329306 -0.0195772 1.65774e-21)
(0.412253 -0.0142091 1.82474e-21)
(0.695633 -0.00813586 1.94438e-21)
(0.0995961 -0.000223501 -4.71092e-22)
(0.132542 -0.00320719 0)
(0.158415 -0.00553862 0)
(0.183328 -0.00790998 0)
(0.212154 -0.00972735 -1.47115e-21)
(0.246451 -0.0131029 2.72828e-21)
(0.283907 -0.0142112 3.33354e-21)
(0.327301 -0.0177117 -5.24985e-21)
(0.410809 -0.013391 9.49101e-22)
(0.696712 -0.00782321 -2.86237e-21)
(0.0941476 0.00515748 -7.18615e-22)
(0.127433 0.00349989 3.06911e-21)
(0.154302 0.000658206 -3.04008e-21)
(0.179509 -0.00247906 4.73832e-21)
(0.208326 -0.00511357 -5.97689e-21)
(0.24279 -0.00931451 0)
(0.28072 -0.0114425 -1.64674e-21)
(0.324556 -0.0158454 -1.50788e-23)
(0.408188 -0.0125349 -1.85169e-21)
(0.69701 -0.00748782 -1.92712e-21)
(0.088494 0.00988287 -4.7496e-22)
(0.121802 0.0102534 0)
(0.149714 0.00698127 -4.38754e-21)
(0.17533 0.0030939 8.70112e-21)
(0.204231 -0.000380568 -3.44386e-21)
(0.238949 -0.00544002 -7.47517e-22)
(0.277412 -0.00862225 1.64312e-21)
(0.321735 -0.0140146 -4.86683e-23)
(0.406133 -0.0116188 2.68381e-21)
(0.697203 -0.00711546 2.82638e-21)
(0.0815873 0.0149716 -2.25766e-21)
(0.11435 0.0177313 2.20638e-21)
(0.143153 0.0139426 4.4178e-22)
(0.169288 0.00923101 0)
(0.198259 0.00481587 0)
(0.233197 -0.00117584 7.42754e-22)
(0.27228 -0.0054722 3.43672e-21)
(0.317031 -0.0120689 -3.35714e-21)
(0.400753 -0.0106463 -9.16171e-22)
(0.696264 -0.00670094 8.671e-22)
(0.0811252 0.0305694 0)
(0.112483 0.0349684 0)
(0.141095 0.0287244 0)
(0.166934 0.0224761 0)
(0.195278 0.0159503 0)
(0.229543 0.00781715 0)
(0.268054 0.000985669 0)
(0.313036 -0.0082184 0)
(0.400572 -0.00782066 0)
(0.695255 -0.00545967 0)
(0.08281 0.0589797 0)
(0.110589 0.0655135 0)
(0.136061 0.0547031 0)
(0.160216 0.0458959 0)
(0.187928 0.0356533 0)
(0.221533 0.0237419 0)
(0.260196 0.0126848 0)
(0.3087 -0.000876356 0)
(0.407463 -0.00340617 0)
(0.707372 -0.00330393 0)
(0.0797692 0.0919921 0)
(0.104219 0.0987694 0)
(0.125735 0.0827271 0)
(0.147836 0.07162 0)
(0.174392 0.0573811 0)
(0.206332 0.0414992 0)
(0.243724 0.0257763 0)
(0.293402 0.00776369 0)
(0.396609 0.00132174 0)
(0.698043 -0.00197628 0)
(0.0749119 0.128892 0)
(0.0948741 0.134277 0)
(0.112911 0.112808 0)
(0.133829 0.100377 0)
(0.15949 0.0817624 0)
(0.190238 0.0617298 0)
(0.228195 0.0409077 0)
(0.283403 0.0185238 0)
(0.399524 0.00661871 0)
(0.707907 -5.01242e-05 0)
(0.0653217 0.170075 0)
(0.0799436 0.172478 0)
(0.0951374 0.146854 0)
(0.11395 0.133809 0)
(0.136452 0.110072 0)
(0.163742 0.0861534 0)
(0.199388 0.060144 0)
(0.255145 0.0332354 0)
(0.374937 0.0153091 0)
(0.684759 0.00167756 0)
(0.0570557 0.21492 0)
(0.0665377 0.215451 0)
(0.0806285 0.186553 0)
(0.0962432 0.17274 0)
(0.115926 0.143412 0)
(0.141187 0.117102 0)
(0.177785 0.086453 0)
(0.239769 0.0552106 0)
(0.372381 0.0292711 0)
(0.687316 0.0064669 0)
(0.0366862 0.268383 0)
(0.0418752 0.267423 0)
(0.0524999 0.235651 0)
(0.0628238 0.222092 0)
(0.0782273 0.188932 0)
(0.0988664 0.163568 0)
(0.132305 0.129901 0)
(0.191896 0.0962371 0)
(0.322214 0.0610527 0)
(0.632981 0.0146569 0)
(0.0323242 0.345765 0)
(0.0361022 0.346645 0)
(0.0459479 0.310895 0)
(0.0539623 0.299565 0)
(0.0681438 0.262729 0)
(0.0865001 0.240548 0)
(0.119732 0.203247 0)
(0.18087 0.170184 0)
(0.31104 0.121194 0)
(0.605462 0.0353187 0)
(-0.00265944 0.496544 0)
(-0.00349859 0.500004 0)
(-0.00109752 0.469905 0)
(0.000451811 0.464709 0)
(0.00687303 0.43352 0)
(0.0180815 0.418905 0)
(0.0434819 0.381837 0)
(0.0940414 0.346559 0)
(0.201174 0.263501 0)
(0.452046 0.0759404 0)
(0.0104079 0.711803 0)
(0.0139709 0.714831 0)
(0.0184326 0.703261 0)
(0.0250095 0.701539 0)
(0.0342445 0.684274 0)
(0.0483035 0.671346 0)
(0.0700523 0.636198 0)
(0.105958 0.584186 0)
(0.170986 0.45205 0)
(0.317662 0.151141 0)
(0.0587922 0.0358507 2.37912e-21)
(0.0685185 0.0711603 -2.34796e-21)
(0.0682163 0.107838 3.97045e-22)
(0.0643031 0.146858 0)
(0.0558627 0.189675 0)
(0.0484121 0.23479 6.79162e-22)
(0.0309158 0.289963 -3.24819e-21)
(0.0267347 0.369414 3.22229e-21)
(-0.00346516 0.516559 9.11027e-22)
(0.00921748 0.717758 -9.21121e-22)
(0.0502837 0.0381391 -2.39196e-21)
(0.0623118 0.0757331 0)
(0.06346 0.113399 2.94841e-21)
(0.0601611 0.152883 -7.24302e-21)
(0.0522331 0.196019 4.96786e-21)
(0.0451563 0.2416 -6.38026e-22)
(0.0287014 0.297546 1.34161e-21)
(0.0245573 0.378232 3.06499e-21)
(-0.00377593 0.524037 7.82996e-22)
(0.00870171 0.719318 8.3185e-22)
(0.0428182 0.0394671 2.82037e-21)
(0.056198 0.0794033 -2.63507e-21)
(0.0587406 0.11834 2.60959e-21)
(0.0561258 0.158353 -3.85516e-21)
(0.048768 0.201653 2.77481e-21)
(0.042126 0.247759 0)
(0.0266514 0.304328 -1.34482e-21)
(0.0225875 0.386319 -5.71284e-23)
(-0.00409633 0.530903 -1.53058e-21)
(0.0081155 0.720465 -1.6538e-21)
(0.036236 0.040158 -4.70866e-22)
(0.0503684 0.0823323 0)
(0.054177 0.1229 0)
(0.0522606 0.163683 0)
(0.0454848 0.207291 3.16641e-21)
(0.0393017 0.253889 -2.17268e-21)
(0.0247527 0.310993 -1.13523e-22)
(0.0208239 0.394046 -1.53076e-21)
(-0.00438526 0.537369 -7.57202e-22)
(0.00748697 0.721777 -7.86273e-22)
(0.0304449 0.0403113 2.3588e-22)
(0.0449164 0.0844413 -1.51243e-21)
(0.0498428 0.126792 -1.50371e-21)
(0.0486287 0.16852 1.50262e-21)
(0.0424295 0.212605 -9.79285e-22)
(0.0367033 0.259755 0)
(0.0230044 0.317428 -1.25377e-21)
(0.0192529 0.401312 2.80908e-21)
(-0.00458992 0.54337 -1.38676e-21)
(0.00686318 0.723178 1.56174e-21)
(0.0253905 0.0399077 -3.90551e-21)
(0.0398789 0.0856727 2.93871e-22)
(0.0457691 0.129849 -2.34561e-22)
(0.0452493 0.172702 1.45727e-21)
(0.0396243 0.217294 0)
(0.0343531 0.265078 0)
(0.0214158 0.323359 0)
(0.0178667 0.407926 1.30354e-21)
(-0.00468785 0.548769 0)
(0.00627063 0.724405 0)
(0.0210608 0.0389351 0)
(0.0352732 0.0859938 1.74439e-21)
(0.0419866 0.132017 -1.19813e-21)
(0.0421222 0.176152 -1.65348e-21)
(0.0370601 0.221295 1.662e-21)
(0.0322587 0.269752 1.07621e-21)
(0.0199889 0.328616 -9.82246e-22)
(0.0166577 0.413774 -4.39384e-21)
(-0.00468786 0.553477 3.07055e-22)
(0.00571322 0.725299 -1.01652e-21)
(0.0174833 0.0374076 0)
(0.0311137 0.0853795 -5.47672e-22)
(0.0385079 0.133267 -3.12016e-22)
(0.0392577 0.178781 0)
(0.0347337 0.224645 5.00769e-22)
(0.030396 0.273824 -1.41321e-21)
(0.0187153 0.333125 1.67032e-21)
(0.0156112 0.418851 6.76731e-22)
(-0.00461638 0.557466 -5.86397e-22)
(0.00518143 0.725822 1.35707e-21)
(0.0147243 0.0353678 4.80592e-22)
(0.0274188 0.0838198 5.79239e-22)
(0.0353392 0.133562 -1.2034e-22)
(0.0366656 0.180548 1.76813e-22)
(0.0326618 0.2273 4.19707e-22)
(0.0287342 0.277218 7.1737e-22)
(0.0175876 0.33681 -2.51528e-22)
(0.0147211 0.423171 -2.84996e-22)
(-0.00449847 0.560728 5.88332e-22)
(0.00467214 0.726037 3.08045e-22)
(0.0128881 0.0328951 -1.29842e-22)
(0.0242175 0.0813338 1.31273e-22)
(0.0324876 0.132865 -1.52579e-22)
(0.0343446 0.181426 -1.76573e-22)
(0.0308329 0.229191 2.11418e-22)
(0.0272533 0.279844 -4.45358e-22)
(0.0166187 0.339796 3.82091e-22)
(0.013965 0.426814 1.53674e-22)
(-0.00436343 0.563249 0)
(0.00418605 0.725983 -3.08725e-22)
(0.00909541 -0.00662709 0)
(0.0224045 -0.0140395 0)
(0.0329651 -0.0173169 -1.05113e-20)
(0.0406349 -0.0184713 0)
(0.0460443 -0.0181502 4.61406e-21)
(0.0496956 -0.0167992 -4.27595e-21)
(0.0520028 -0.0147221 0)
(0.0533146 -0.0121124 0)
(0.0539992 -0.00901447 -6.99685e-21)
(0.0543487 -0.00552767 1.33306e-20)
(0.010739 -0.00673966 0)
(0.0255242 -0.0138922 -8.53762e-21)
(0.0366891 -0.0169583 -2.80573e-21)
(0.0444956 -0.0180504 -9.99602e-21)
(0.0497598 -0.0178202 -4.66215e-21)
(0.0531089 -0.0166949 -1.29174e-20)
(0.0550396 -0.0149564 0)
(0.0559543 -0.0127821 0)
(0.0562405 -0.0102157 0)
(0.0561899 -0.00736549 -1.84837e-22)
(0.0123913 -0.00666342 0)
(0.0284788 -0.0134422 -3.20181e-21)
(0.0400135 -0.0163514 5.16384e-21)
(0.0477417 -0.0174874 7.49438e-21)
(0.0526825 -0.0174776 -1.01766e-22)
(0.0555955 -0.0167109 -4.73668e-23)
(0.0570613 -0.0154333 7.98669e-21)
(0.0575325 -0.0137947 -7.3546e-21)
(0.0574136 -0.0118192 1.35553e-20)
(0.056995 -0.00958849 -1.27937e-20)
(0.013968 -0.00637334 -1.49367e-21)
(0.0311172 -0.0126798 8.70179e-21)
(0.0427777 -0.0155182 1.36806e-20)
(0.0502299 -0.0168299 -1.5488e-20)
(0.0547032 -0.0171871 9.4219e-21)
(0.0570879 -0.016922 8.71551e-21)
(0.0580417 -0.0162347 -3.96547e-21)
(0.0580583 -0.0152426 1.46338e-20)
(0.0575504 -0.0139483 -1.82604e-22)
(0.0568186 -0.0124029 -6.41633e-21)
(0.0153771 -0.005864 -1.586e-21)
(0.0332883 -0.0116273 1.50689e-21)
(0.0448374 -0.0145083 0)
(0.0518494 -0.0161429 1.2976e-20)
(0.0557573 -0.0170168 -2.41186e-21)
(0.0575705 -0.0173886 -7.05259e-23)
(0.0580109 -0.0174061 -4.05582e-21)
(0.0575986 -0.0171543 -1.09413e-20)
(0.0567412 -0.0166257 6.14297e-23)
(0.0557605 -0.0158344 9.2706e-21)
(0.0165235 -0.00515103 0)
(0.0348516 -0.0103388 -9.65077e-21)
(0.0460754 -0.0133968 2.92813e-21)
(0.0525285 -0.0155047 -8.11908e-21)
(0.0558263 -0.0170337 2.4668e-21)
(0.0570759 -0.0181565 1.66264e-23)
(0.0570451 -0.018966 1.85905e-23)
(0.0562669 -0.0195179 7.31909e-21)
(0.0551218 -0.0198124 -1.00332e-20)
(0.0539079 -0.0198015 9.33883e-21)
(0.0173172 -0.00427208 8.68891e-22)
(0.0356891 -0.00889823 6.47531e-21)
(0.0464101 -0.012279 0)
(0.0522382 -0.0150015 8.18851e-21)
(0.0549342 -0.0173012 -7.61565e-21)
(0.055674 -0.0192588 -2.24363e-21)
(0.0552485 -0.020916 6.17392e-21)
(0.0541899 -0.0222988 0)
(0.052858 -0.0233814 0)
(0.0514828 -0.0241841 0)
(0.0176785 -0.00328563 -9.13148e-22)
(0.0357158 -0.00741479 -2.65123e-21)
(0.0458004 -0.0112641 3.20173e-21)
(0.0509904 -0.0147216 4.30529e-21)
(0.0531406 -0.0178757 3.78184e-21)
(0.0534603 -0.0207163 2.35147e-21)
(0.05274 -0.0232397 0)
(0.0514936 -0.025452 3.71258e-21)
(0.0500534 -0.0273328 -1.75778e-21)
(0.0486336 -0.0289478 0)
(0.0175479 -0.00226974 0)
(0.0348822 -0.00601576 5.35412e-21)
(0.0442474 -0.0104671 -3.20112e-21)
(0.0488346 -0.0147508 -2.8954e-21)
(0.0505327 -0.0188062 3.89998e-23)
(0.0505458 -0.0225403 -1.14252e-21)
(0.0496417 -0.0259143 1.08128e-21)
(0.0483032 -0.0289265 0)
(0.046829 -0.0315755 -1.71925e-21)
(0.0454078 -0.033941 -1.56103e-21)
(0.0169017 -0.00131383 1.28682e-22)
(0.0331872 -0.00483671 -2.06726e-21)
(0.041796 -0.0100042 -2.03813e-22)
(0.0458541 -0.0151687 1.07331e-23)
(0.0472188 -0.0201331 -9.96864e-22)
(0.0470511 -0.0247354 0)
(0.0460761 -0.0289139 -1.08102e-21)
(0.0447373 -0.0326694 0)
(0.0432983 -0.0360228 0)
(0.0419181 -0.0390566 0)
(0.0157769 -0.000510052 -2.71004e-22)
(0.0306946 -0.00400951 0)
(0.038538 -0.0099814 0)
(0.0421629 -0.0160436 -1.20745e-21)
(0.0433237 -0.0218875 3.31855e-22)
(0.0431017 -0.0273017 -2.38427e-23)
(0.0421635 -0.0322143 -5.71075e-22)
(0.0409092 -0.0366367 0)
(0.0395693 -0.0406116 0)
(0.0382741 -0.0442187 0)
(0.0142052 6.25865e-05 0)
(0.0274835 -0.00364054 -9.99047e-22)
(0.0345831 -0.0104846 9.21375e-22)
(0.037884 -0.01743 1.59332e-21)
(0.0389714 -0.0240944 0)
(0.0388153 -0.0302402 1.25798e-21)
(0.0380125 -0.0357995 -1.16986e-21)
(0.0369192 -0.0408002 0)
(0.0357373 -0.0453053 1.79549e-21)
(0.0345715 -0.0493865 -1.73794e-21)
(0.0122084 0.000324698 0)
(0.0236439 -0.00383337 8.50681e-21)
(0.0300536 -0.0115905 0)
(0.0331505 -0.019373 6.72493e-21)
(0.0342917 -0.0267716 0)
(0.034311 -0.0335497 -5.30668e-21)
(0.0337297 -0.0396563 0)
(0.0328632 -0.0451412 4.09407e-21)
(0.0318909 -0.0500843 -3.83441e-21)
(0.030895 -0.0545447 -3.50831e-21)
(0.00985893 0.000205871 -2.3671e-21)
(0.0193109 -0.00467486 -4.13785e-21)
(0.0251006 -0.0133587 -1.95498e-21)
(0.0281091 -0.0219042 -3.39034e-21)
(0.0294172 -0.0299292 -3.08045e-21)
(0.029704 -0.0372265 2.682e-21)
(0.0294135 -0.0437743 2.44084e-21)
(0.0288264 -0.0496481 1.27747e-22)
(0.0281059 -0.0549414 3.9095e-21)
(0.0273146 -0.0596951 3.51065e-21)
(0.00725531 -0.000346023 -2.52973e-21)
(0.0146454 -0.00622522 -4.33124e-21)
(0.01989 -0.0158268 -7.7339e-21)
(0.0229127 -0.02504 3.53951e-21)
(0.0244804 -0.0335685 0)
(0.0251056 -0.0412631 0)
(0.0251562 -0.048143 -4.75335e-21)
(0.024885 -0.0543123 -4.23431e-21)
(0.0244471 -0.0598751 3.91862e-21)
(0.0238867 -0.0648477 -3.44666e-21)
(0.00450933 -0.00136158 2.47311e-21)
(0.0098222 -0.00851515 2.04663e-21)
(0.0145952 -0.0190087 -1.21159e-20)
(0.0177161 -0.0287813 1.75357e-20)
(0.0196132 -0.0376821 -3.17728e-21)
(0.0206251 -0.0456478 0)
(0.0210462 -0.0527494 0)
(0.021109 -0.0591231 2.18299e-20)
(0.0209686 -0.0648824 -1.97355e-20)
(0.0206538 -0.0700113 -1.07927e-20)
(0.00173986 -0.00284781 2.0922e-20)
(0.00502241 -0.0115443 0)
(0.0093913 -0.0228947 1.59513e-20)
(0.0126736 -0.0331137 -1.4097e-20)
(0.014947 -0.0422541 0)
(0.0163729 -0.0503649 5.45539e-21)
(0.0171735 -0.0575779 -1.50319e-20)
(0.0175665 -0.0640655 -1.75589e-20)
(0.0177158 -0.0699533 8.16146e-21)
(0.0176437 -0.0751862 7.42388e-21)
(-0.000933136 -0.00478733 -4.17972e-20)
(0.000425661 -0.015281 -4.43232e-21)
(0.00444963 -0.0274511 -7.94871e-21)
(0.00793557 -0.0380084 -1.77445e-20)
(0.0106128 -0.0472629 -6.15619e-21)
(0.0124649 -0.055399 -5.4643e-21)
(0.0136392 -0.0626158 -3.26068e-23)
(0.014337 -0.0691247 0)
(0.0147395 -0.0750736 0)
(0.0148834 -0.0803665 1.50417e-20)
(-0.00339527 -0.00713935 2.08757e-20)
(-0.00379781 -0.0196629 -1.77724e-20)
(-6.91738e-05 -0.0326212 1.20622e-20)
(0.00364341 -0.0434235 2.46351e-20)
(0.00673852 -0.0526844 -6.38523e-21)
(0.00902752 -0.0607425 5.51783e-21)
(0.0105778 -0.0678648 4.89599e-21)
(0.0115657 -0.0742971 0)
(0.0121897 -0.0802241 0)
(0.012498 -0.0855288 -7.58632e-21)
(-0.00554439 -0.00984257 -2.55664e-21)
(-0.00749493 -0.0245993 2.21042e-20)
(-0.00402227 -0.0383259 -3.9924e-21)
(-7.89498e-05 -0.0493048 0)
(0.0034383 -0.0584976 0)
(0.00618732 -0.0664159 1.11338e-20)
(0.00816717 -0.073394 0)
(0.00953631 -0.0796918 -8.82079e-21)
(0.0104953 -0.0855063 2.82596e-22)
(0.0109754 -0.0907091 7.74027e-21)
(-0.00729607 -0.0128205 0)
(-0.0105367 -0.0299764 0)
(-0.0072919 -0.0444646 -1.50766e-20)
(-0.00313699 -0.0555821 0)
(0.000784145 -0.0646792 6.02491e-21)
(0.00400352 -0.0724806 -5.58365e-21)
(0.00647497 -0.0794466 0)
(0.00834801 -0.0859479 0)
(0.00975479 -0.0923512 -8.15391e-21)
(0.0104315 -0.0989436 1.58068e-20)
(-0.00857504 -0.0159725 0)
(-0.0128128 -0.0356519 -1.21051e-20)
(-0.00978241 -0.050908 -3.24239e-21)
(-0.00546603 -0.0621492 -1.31014e-20)
(-0.00120625 -0.0711377 -5.91055e-21)
(0.00241283 -0.0788284 -1.62267e-20)
(0.00528071 -0.0857993 0)
(0.00748905 -0.0924531 0)
(0.0090859 -0.0990676 0)
(0.00986534 -0.105657 1.02715e-23)
(-0.00932488 -0.0191723 0)
(-0.0142417 -0.0414483 -3.11673e-21)
(-0.0114232 -0.0574931 7.76484e-21)
(-0.00701904 -0.0688597 9.84715e-21)
(-0.00251781 -0.0777227 3.39521e-22)
(0.0013939 -0.0852603 2.35878e-22)
(0.00453601 -0.0921372 9.63784e-21)
(0.0069431 -0.098732 -8.88522e-21)
(0.00863754 -0.105201 1.6467e-20)
(0.00955692 -0.111434 -1.58895e-20)
(-0.00952404 -0.0222947 -2.14035e-21)
(-0.014782 -0.0471803 1.16813e-20)
(-0.0121723 -0.064044 1.73648e-20)
(-0.00776266 -0.0755518 -1.8257e-20)
(-0.00312644 -0.0842718 1.15595e-20)
(0.000971784 -0.0915922 1.05578e-20)
(0.00429351 -0.0982494 -4.83838e-21)
(0.00683592 -0.104597 1.76905e-20)
(0.0086313 -0.110722 -1.0518e-22)
(0.00972721 -0.116507 -7.94801e-21)
(-0.00917948 -0.0252165 -1.91865e-21)
(-0.0144281 -0.0526594 1.82309e-21)
(-0.0120144 -0.0703782 0)
(-0.00767771 -0.0820594 1.50501e-20)
(-0.00300995 -0.0906311 -2.72594e-21)
(0.00117767 -0.0976811 7.80029e-23)
(0.00460353 -0.104021 -4.67833e-21)
(0.00724087 -0.110008 -1.30187e-20)
(0.00913775 -0.115716 -3.12962e-23)
(0.0104035 -0.121071 1.18327e-20)
(-0.00832441 -0.0278206 0)
(-0.0132097 -0.0577012 -9.49608e-21)
(-0.0109613 -0.0763141 3.00498e-21)
(-0.0067629 -0.08822 -8.24445e-21)
(-0.00215677 -0.0966608 2.59633e-21)
(0.00203327 -0.103415 6.85868e-23)
(0.00549769 -0.109383 4.80961e-23)
(0.00819169 -0.114955 8.60664e-21)
(0.0101717 -0.120233 -1.21089e-20)
(0.0115735 -0.125199 1.17693e-20)
(-0.00701664 -0.030003 8.26896e-22)
(-0.0111907 -0.0621341 6.23736e-21)
(-0.00905328 -0.0816786 0)
(-0.0050374 -0.0938789 8.09521e-21)
(-0.000570003 -0.102233 -7.3011e-21)
(0.0035473 -0.108698 -2.36294e-21)
(0.00699191 -0.114278 6.69079e-21)
(0.00970366 -0.119421 0)
(0.0117375 -0.124276 0)
(0.013232 -0.128881 0)
(-0.00533512 -0.0316767 -7.27692e-22)
(-0.00846774 -0.0658068 -1.89202e-21)
(-0.006359 -0.0863128 2.4743e-21)
(-0.00254224 -0.0988925 3.6363e-21)
(0.00173045 -0.107231 3.68259e-21)
(0.00571395 -0.113446 2.20429e-21)
(0.00908779 -0.118654 0)
(0.0117792 -0.123377 4.15562e-21)
(0.0138344 -0.127825 -1.93616e-21)
(0.015379 -0.132082 0)
(-0.00337569 -0.0327727 0)
(-0.0051663 -0.0685922 3.74324e-21)
(-0.00297421 -0.0900758 -2.4737e-21)
(0.000659136 -0.103129 -2.38158e-21)
(0.00470672 -0.111546 -5.58528e-23)
(0.00851231 -0.117578 -1.14856e-21)
(0.0117737 -0.122454 1.02551e-21)
(0.0144102 -0.126786 0)
(0.0164563 -0.130846 -1.95563e-21)
(0.0180141 -0.134759 -1.95689e-21)
(-0.0012473 -0.0332625 7.13382e-23)
(-0.00143892 -0.0704034 -1.30137e-21)
(0.000977724 -0.0928549 -1.48491e-22)
(0.00447956 -0.106474 -1.80487e-23)
(0.00830162 -0.115079 -8.28166e-22)
(0.0119059 -0.121017 0)
(0.0150255 -0.125625 -1.02518e-21)
(0.0175793 -0.129605 0)
(0.0195915 -0.133298 0)
(0.0211346 -0.136868 0)
(0.000941872 -0.0332257 -1.24075e-22)
(0.00254971 -0.071256 0)
(0.00535238 -0.0946096 0)
(0.00881055 -0.10886 -6.91731e-22)
(0.0124391 -0.117759 2.75907e-22)
(0.0158429 -0.123703 3.34827e-23)
(0.0188071 -0.128119 -4.73531e-22)
(0.0212602 -0.131799 0)
(0.0232226 -0.135149 0)
(0.0247361 -0.138372 0)
(0.003111 -0.0326957 0)
(0.00666736 -0.0711424 -4.55788e-22)
(0.0100154 -0.0952832 4.20332e-22)
(0.0135382 -0.11021 9.48656e-22)
(0.0170308 -0.119507 0)
(0.0202576 -0.125566 9.80478e-22)
(0.0230701 -0.129881 -9.11797e-22)
(0.0254165 -0.133323 0)
(0.0273243 -0.136365 1.9319e-21)
(0.02881 -0.139245 -1.8601e-21)
(0.00517665 -0.0316558 0)
(0.010769 -0.0700497 2.87699e-21)
(0.0148181 -0.0948399 0)
(0.0185328 -0.110468 3.23772e-21)
(0.0219757 -0.120259 0)
(0.0250727 -0.126547 -3.53453e-21)
(0.0277551 -0.130861 0)
(0.0300013 -0.13414 3.8409e-21)
(0.0318569 -0.136919 -3.5973e-21)
(0.0333338 -0.139474 -3.81076e-21)
(0.00705917 -0.0301524 -6.55662e-22)
(0.0147043 -0.0680211 -1.5265e-21)
(0.0196023 -0.0932886 -6.70856e-22)
(0.023652 -0.109605 -1.56722e-21)
(0.0271549 -0.119968 -1.54298e-21)
(0.0301944 -0.126593 1.71192e-21)
(0.0327882 -0.131011 1.69473e-21)
(0.0349539 -0.134214 -1.77594e-22)
(0.0367626 -0.136788 3.54826e-21)
(0.0382545 -0.139036 3.80764e-21)
(0.0086944 -0.0282618 -5.05525e-22)
(0.0183369 -0.0651421 -1.30495e-21)
(0.0242118 -0.0906736 -2.73876e-21)
(0.028747 -0.107625 1.32272e-21)
(0.0324397 -0.118606 0)
(0.0355162 -0.125662 0)
(0.0380824 -0.130289 -3.64886e-21)
(0.0402044 -0.133508 -3.75388e-21)
(0.0419975 -0.135944 3.63708e-21)
(0.0435126 -0.137929 -4.13816e-21)
(0.0100349 -0.0260688 4.90119e-22)
(0.0215499 -0.0615239 7.13331e-22)
(0.0284998 -0.0870717 -3.18018e-21)
(0.0336681 -0.10456 6.67841e-21)
(0.0376932 -0.11617 -1.35855e-21)
(0.0409206 -0.123728 0)
(0.0435388 -0.128657 0)
(0.045666 -0.131987 1.79062e-20)
(0.0474727 -0.13437 -1.81017e-20)
(0.0490506 -0.136156 -1.20153e-20)
(0.0110506 -0.0236615 2.6626e-21)
(0.0242499 -0.0572975 0)
(0.0323344 -0.0825895 4.60039e-21)
(0.03827 -0.100473 -5.20781e-21)
(0.0427751 -0.112679 0)
(0.0462816 -0.120778 3.30296e-21)
(0.0490471 -0.126085 -9.57206e-21)
(0.0512376 -0.129617 -1.42629e-20)
(0.0530863 -0.132037 6.82193e-21)
(0.0547671 -0.133697 7.53914e-21)
(0.011729 -0.0211279 -4.99108e-21)
(0.0263695 -0.0526076 -9.98337e-22)
(0.0356041 -0.0773591 -1.93292e-21)
(0.0424181 -0.0954567 -5.72514e-21)
(0.0475473 -0.108181 -2.94722e-21)
(0.0514703 -0.11682 -3.12426e-21)
(0.0544913 -0.122551 1.50813e-22)
(0.0568089 -0.126354 0)
(0.0587129 -0.128901 0)
(0.0605099 -0.130534 1.53615e-20)
(0.0120742 -0.0185518 2.32851e-21)
(0.0278696 -0.0476056 -3.25985e-21)
(0.0382225 -0.0715334 2.91025e-21)
(0.0459946 -0.0896332 8.20851e-21)
(0.0518805 -0.102754 -2.34176e-21)
(0.0563618 -0.111886 3.2952e-21)
(0.059761 -0.118043 3.44385e-21)
(0.0622801 -0.122148 0)
(0.0642181 -0.124881 0)
(0.0660636 -0.126604 -7.44238e-21)
(0.0121054 -0.0160105 -2.54218e-22)
(0.0287391 -0.042443 4.16694e-21)
(0.0401308 -0.0652797 -8.35996e-22)
(0.0489039 -0.0831509 0)
(0.0556609 -0.0965075 0)
(0.0608449 -0.106039 5.68626e-21)
(0.0647643 -0.112556 0)
(0.0675813 -0.11687 -7.04685e-21)
(0.0694595 -0.119624 -7.58453e-22)
(0.0710124 -0.12127 7.05535e-21)
(0.0118539 -0.0135693 0)
(0.0289921 -0.0372601 0)
(0.0412976 -0.0587668 -3.66965e-21)
(0.0510723 -0.0761745 0)
(0.0587937 -0.0895842 2.69036e-21)
(0.0648464 -0.0993903 -2.49324e-21)
(0.0695489 -0.106167 0)
(0.0731666 -0.110527 0)
(0.0759624 -0.11311 -7.55451e-21)
(0.0789278 -0.114701 1.48864e-20)
(0.0113465 -0.0112722 0)
(0.0286531 -0.0321763 -2.30976e-21)
(0.0417107 -0.0521578 -8.24764e-22)
(0.0524431 -0.068883 -4.1952e-21)
(0.0611821 -0.0821672 -2.10499e-21)
(0.0682343 -0.0921506 -7.71642e-21)
(0.0739099 -0.0992134 0)
(0.0785552 -0.103866 0)
(0.0825149 -0.106857 0)
(0.0864897 -0.109101 1.56417e-22)
(0.0106107 -0.00915554 0)
(0.0277614 -0.0273073 -1.00651e-21)
(0.0413798 -0.0456184 1.80358e-21)
(0.05298 -0.0614639 3.24954e-21)
(0.0627336 -0.0744447 6.35267e-23)
(0.0708467 -0.0844947 1.13067e-22)
(0.0775795 -0.0918318 5.66242e-21)
(0.0832721 -0.0968705 -6.14387e-21)
(0.0882579 -0.100329 1.37948e-20)
(0.0929784 -0.102945 -1.44257e-20)
(0.00968993 -0.00725507 -2.83672e-22)
(0.0263787 -0.022755 2.37287e-21)
(0.0403436 -0.0392992 4.59077e-21)
(0.0526771 -0.054093 -6.53031e-21)
(0.0633859 -0.066589 4.2629e-21)
(0.0725567 -0.0765591 4.74247e-21)
(0.0803644 -0.084076 -3.07981e-21)
(0.0870795 -0.0894421 1.26444e-20)
(0.0929627 -0.0932727 6.40413e-22)
(0.0982933 -0.0961166 -6.64487e-21)
(0.00863064 -0.00559493 -3.87165e-22)
(0.0245795 -0.0185996 3.67842e-22)
(0.0386634 -0.0333305 0)
(0.0515605 -0.046931 5.38296e-21)
(0.0631167 -0.0587657 -1.06834e-21)
(0.0732909 -0.0684879 2.18577e-22)
(0.0821515 -0.0760468 -2.5311e-21)
(0.0898706 -0.081632 -9.20399e-21)
(0.0966167 -0.0857368 -5.10414e-22)
(0.102547 -0.088755 1.04425e-20)
(0.00747665 -0.0041868 0)
(0.0224446 -0.014899 -2.95737e-21)
(0.0364186 -0.0278192 9.37863e-22)
(0.0496849 -0.0401216 -3.36823e-21)
(0.0619421 -0.051135 1.08016e-21)
(0.0730222 -0.0604368 -1.74206e-22)
(0.0828794 -0.06788 -1.57497e-22)
(0.0915757 -0.0735519 5.95897e-21)
(0.0991849 -0.077821 -9.36204e-21)
(0.105758 -0.0809581 9.73105e-21)
(0.00626851 -0.0030324 1.92843e-22)
(0.0200568 -0.01169 1.94024e-21)
(0.0337012 -0.0228486 0)
(0.0471294 -0.0337885 3.38853e-21)
(0.0599117 -0.0438462 -3.45987e-21)
(0.0717634 -0.0525624 -1.32279e-21)
(0.082526 -0.0597236 3.87727e-21)
(0.0921502 -0.0653322 0)
(0.100617 -0.06964 0)
(0.107881 -0.0728258 0)
(0.00504257 -0.00212557 -2.46505e-22)
(0.0174979 -0.00899122 -8.68306e-22)
(0.0306113 -0.0184787 1.13961e-21)
(0.0439921 -0.0280334 1.7783e-21)
(0.0571046 -0.037033 1.79835e-21)
(0.0695637 -0.0450157 1.23974e-21)
(0.0811082 -0.051731 0)
(0.0915837 -0.0571182 2.89758e-21)
(0.100882 -0.0613286 -1.29354e-21)
(0.108867 -0.0644766 0)
(0.00383017 -0.00145404 0)
(0.0148452 -0.00680453 1.68962e-21)
(0.0272513 -0.014747 -1.13937e-21)
(0.0403832 -0.0229344 -1.16958e-21)
(0.0536226 -0.0308104 -2.44313e-23)
(0.0665043 -0.0379376 -6.48528e-22)
(0.0786798 -0.0440555 6.41134e-22)
(0.0899015 -0.0490648 0)
(0.0999772 -0.0530349 -1.4201e-21)
(0.108686 -0.0560394 -1.56517e-21)
(0.00266058 -0.00100112 3.24859e-23)
(0.0121732 -0.00511827 -6.66517e-22)
(0.0237254 -0.0116708 -8.70968e-23)
(0.036423 -0.0185471 -1.31963e-23)
(0.0495877 -0.0252727 -4.64382e-22)
(0.0626949 -0.0314549 0)
(0.0753288 -0.0368458 -6.40954e-22)
(0.0871639 -0.0413296 0)
(0.0979316 -0.0449142 0)
(0.107333 -0.0476507 0)
(0.00156869 -0.000746625 -7.10779e-23)
(0.00956588 -0.00390887 0)
(0.0201533 -0.00924841 0)
(0.0322554 -0.014904 -4.88528e-22)
(0.0451544 -0.0204916 1.76938e-22)
(0.0582875 -0.0256765 2.45833e-23)
(0.0711919 -0.0302398 -3.07784e-22)
(0.0834823 -0.0340689 0)
(0.0948242 -0.0371275 0)
(0.10485 -0.0394556 0)
(0.000567461 -0.00066776 0)
(0.00707301 -0.0031403 -3.54307e-22)
(0.0166207 -0.00745381 3.26731e-22)
(0.0279944 -0.0120038 6.54879e-22)
(0.0404556 -0.0165001 0)
(0.0534225 -0.0206727 6.68942e-22)
(0.0664058 -0.0243426 -6.22065e-22)
(0.0789802 -0.0274144 0)
(0.0907567 -0.029823 1.37787e-21)
(0.101312 -0.0315994 -1.31724e-21)
(-0.000341953 -0.000742592 0)
(0.00472659 -0.00277287 2.96176e-21)
(0.0131935 -0.0062512 0)
(0.0237379 -0.00983004 2.82555e-21)
(0.035616 -0.0133125 0)
(0.0482437 -0.016495 -2.66172e-21)
(0.0611231 -0.0192432 0)
(0.0738077 -0.0214882 2.6777e-21)
(0.085867 -0.0231474 -2.50784e-21)
(0.096833 -0.0242386 -2.66246e-21)
(-0.00115267 -0.000949924 -7.53917e-22)
(0.00256174 -0.00276297 -1.46386e-21)
(0.00993778 -0.00559344 -7.20737e-22)
(0.0195826 -0.00834746 -1.35471e-21)
(0.0307605 -0.0109184 -1.3586e-21)
(0.0428983 -0.0131673 1.28515e-21)
(0.0555058 -0.0150046 1.28005e-21)
(0.0681333 -0.0163908 -7.5794e-23)
(0.0803213 -0.0172337 2.49317e-21)
(0.0915644 -0.0175269 2.66289e-21)
(-0.00185801 -0.00126848 -7.57323e-22)
(0.000608241 -0.00306218 -1.63507e-21)
(0.00690984 -0.00542112 -3.23127e-21)
(0.0156128 -0.00750033 1.45804e-21)
(0.0260004 -0.00927943 0)
(0.0375219 -0.0106806 0)
(0.0497095 -0.0116559 -2.71334e-21)
(0.062127 -0.0121937 -2.64886e-21)
(0.0742994 -0.012194 2.53811e-21)
(0.0856871 -0.0116094 -2.89693e-21)
(-0.00245314 -0.00167661 8.39417e-22)
(-0.00111173 -0.0036177 9.08441e-22)
(0.00415288 -0.00566373 -4.97766e-21)
(0.0118947 -0.00721336 7.8379e-21)
(0.021425 -0.00832851 -1.44741e-21)
(0.0322262 -0.00898932 0)
(0.0438655 -0.00918578 0)
(0.0559385 -0.00893047 1.31135e-20)
(0.0679716 -0.00811242 -1.26817e-20)
(0.0793914 -0.00661839 -7.98328e-21)
(-0.00293428 -0.00215169 6.96584e-21)
(-0.00258249 -0.00437259 0)
(0.00169775 -0.00624092 6.56223e-21)
(0.00847611 -0.00739286 -6.27126e-21)
(0.0170993 -0.00796905 0)
(0.0270901 -0.00800602 2.90184e-21)
(0.0380639 -0.00753105 -8.20374e-21)
(0.0496697 -0.00657965 -1.05245e-20)
(0.0614634 -0.00502659 4.9697e-21)
(0.0728439 -0.00265469 5.02928e-21)
(-0.00329828 -0.00266958 -1.42895e-20)
(-0.00379379 -0.00526638 -1.84441e-21)
(-0.000435087 -0.00706462 -3.58791e-21)
(0.00538958 -0.00792938 -8.29424e-21)
(0.0130655 -0.00807576 -3.13481e-21)
(0.022158 -0.00759697 -3.02661e-21)
(0.0323388 -0.00656203 -9.34648e-23)
(0.0433357 -0.00503811 0)
(0.0547858 -0.00289371 0)
(0.0661032 0.000248171 9.9909e-21)
(-0.0035429 -0.00320462 7.32388e-21)
(-0.00474024 -0.00623676 -7.67437e-21)
(-0.00223282 -0.00804293 5.23214e-21)
(0.00265802 -0.00870296 1.17677e-20)
(0.00935368 -0.00849837 -3.15934e-21)
(0.0174529 -0.00757771 2.87563e-21)
(0.0266721 -0.00606077 2.79284e-21)
(0.0368199 -0.00407448 0)
(0.0476669 -0.00154018 0)
(0.0587737 0.00212971 -4.86251e-21)
(-0.00366789 -0.00373059 -9.82049e-22)
(-0.0054211 -0.00722277 9.65556e-21)
(-0.0036873 -0.00908662 -1.82576e-21)
(0.000303823 -0.00959376 0)
(0.00600438 -0.00907381 0)
(0.0130261 -0.00771319 6.0753e-21)
(0.0210843 -0.00566813 0)
(0.0299855 -0.00313387 -5.45496e-21)
(0.0395654 -0.000226239 2.93459e-23)
(0.0496909 0.00363497 4.86845e-21)
(-0.00367585 -0.00422252 0)
(-0.00584071 -0.00816962 0)
(-0.00479418 -0.010119 -7.75445e-21)
(-0.0016466 -0.0105028 0)
(0.00308713 -0.00966969 3.39073e-21)
(0.00902408 -0.00779734 -3.14226e-21)
(0.0158432 -0.00498399 0)
(0.0232439 -0.00126941 0)
(0.0309879 0.00340809 -5.59612e-21)
(0.0390858 0.00970382 1.09438e-20)
(-0.0035705 -0.00465483 0)
(-0.00600762 -0.00903049 -6.38389e-21)
(-0.00555374 -0.0110825 -2.18159e-21)
(-0.00316882 -0.0113715 -7.50032e-21)
(0.000682058 -0.0102459 -3.54393e-21)
(0.00565262 -0.00785934 -9.83396e-21)
(0.0114593 -0.00425782 0)
(0.0178735 0.000598859 0)
(0.0248475 0.00678821 0)
(0.0325167 0.0144845 1.32483e-22)
(-0.0033606 -0.00500326 0)
(-0.00593869 -0.0097666 -2.43931e-21)
(-0.00597629 -0.0119383 3.82267e-21)
(-0.0042578 -0.0121733 5.61692e-21)
(-0.00118465 -0.0108149 -1.9719e-22)
(0.00295193 -0.00800392 -1.88562e-22)
(0.00792843 -0.00377938 6.39873e-21)
(0.0135912 0.00187057 -6.06811e-21)
(0.0199405 0.00891496 1.16567e-20)
(0.0269702 0.0172123 -1.13686e-20)
(-0.0030628 -0.00525378 -1.15174e-21)
(-0.00565867 -0.0103538 6.52004e-21)
(-0.00608184 -0.0126653 1.02897e-20)
(-0.00492648 -0.0128999 -1.18579e-20)
(-0.00252597 -0.0113964 7.17984e-21)
(0.000885233 -0.00829681 6.74529e-21)
(0.00513539 -0.00366032 -3.17597e-21)
(0.0101121 0.00246387 1.2288e-20)
(0.0157985 0.00994111 2.83957e-22)
(0.0220862 0.0184946 -5.72762e-21)
(-0.00269567 -0.00539857 -1.19555e-21)
(-0.00519752 -0.010785 1.13593e-21)
(-0.00589515 -0.0132568 0)
(-0.00519439 -0.0135521 9.94222e-21)
(-0.0033632 -0.0120026 -1.86762e-21)
(-0.000583574 -0.00875808 -2.37443e-23)
(0.00301394 -0.00390346 -3.31559e-21)
(0.00733965 0.0024628 -9.5965e-21)
(0.0123509 0.010149 1.88629e-23)
(0.0178917 0.0188378 8.96891e-21)
(-0.00228139 -0.00543763 0)
(-0.00458592 -0.0110648 -7.09244e-21)
(-0.00543931 -0.0137195 2.1749e-21)
(-0.00507965 -0.014136 -6.2328e-21)
(-0.0037134 -0.0126375 1.91519e-21)
(-0.00147775 -0.00938146 -7.52565e-23)
(0.00152957 -0.00447315 -7.26729e-23)
(0.00523393 0.0019605 6.48931e-21)
(0.00957444 0.00970913 -9.32378e-21)
(0.0143832 0.0184608 9.11587e-21)
(-0.00184106 -0.0053827 6.27361e-22)
(-0.00385002 -0.0112082 4.73381e-21)
(-0.00473356 -0.0140689 0)
(-0.00459337 -0.0146611 6.28196e-21)
(-0.00358326 -0.0132988 -5.96456e-21)
(-0.00180324 -0.0101451 -1.88086e-21)
(0.000675516 -0.00531725 5.22926e-21)
(0.00379207 0.00104743 0)
(0.00748003 0.00874388 0)
(0.0115805 0.0174878 0)
(-0.00139156 -0.00525205 -6.41125e-22)
(-0.00301003 -0.0112436 -1.85197e-21)
(-0.00378905 -0.0143272 2.30643e-21)
(-0.00373733 -0.015138 3.25368e-21)
(-0.00296629 -0.013979 3.00104e-21)
(-0.00154647 -0.0110169 1.93347e-21)
(0.000473147 -0.00637395 0)
(0.00304685 -0.000185439 3.45718e-21)
(0.00611527 0.0073625 -1.586e-21)
(0.00953791 0.0160235 0)
(-0.000944296 -0.00506955 0)
(-0.00207708 -0.0112071 3.71014e-21)
(-0.00260748 -0.0145227 -2.30593e-21)
(-0.00250332 -0.0155786 -2.16855e-21)
(-0.00184389 -0.0146671 -7.78877e-25)
(-0.000677377 -0.011958 -9.65763e-22)
(0.000965761 -0.00757527 9.36564e-22)
(0.00305707 -0.0016451 0)
(0.00555421 0.00567197 -1.65171e-21)
(0.00833676 0.0141722 -1.63618e-21)
(-0.000503836 -0.00486613 8.22387e-23)
(-0.00105193 -0.0111414 -1.40774e-21)
(-0.00118139 -0.0146869 -1.52175e-22)
(-0.000875125 -0.0159944 -6.31224e-24)
(-0.00018959 -0.0153481 -7.82637e-22)
(0.000843249 -0.0129242 0)
(0.00220837 -0.00884756 -9.36291e-22)
(0.0038955 -0.0032333 0)
(0.0058862 0.00378598 0)
(0.0080775 0.0120501 0)
)
;

boundaryField
{
    inlet
    {
        type            uniformFixedValue;
        uniformValue    constant (1 0 0);
        value           uniform (1 0 0);
    }
    outlet
    {
        type            pressureInletOutletVelocity;
        value           nonuniform List<vector> 
40
(
(0.0113649 0.00623504 0)
(0.0166864 0.0604406 0)
(0.0199121 0.116241 0)
(0.0197784 0.173342 0)
(0.0175728 0.235763 0)
(0.0145981 0.304906 0)
(0.010073 0.382178 0)
(0.00587686 0.476887 0)
(-3.7252e-05 0.595292 0)
(-0.000399571 0.704768 0)
(0 -0.021135 0)
(0 -0.0319117 0)
(0 -0.0418804 0)
(0 -0.0510215 0)
(0 -0.0593326 0)
(0 -0.0668312 0)
(0 -0.073554 0)
(0 -0.0795523 0)
(0 -0.0848882 0)
(0 -0.0896306 0)
(0 -0.0938525 0)
(0 -0.0976285 0)
(0 -0.101033 0)
(0 -0.10414 0)
(0 -0.10702 0)
(0 -0.109742 0)
(0 -0.112372 0)
(0 -0.114974 0)
(0 -0.117608 0)
(0 -0.120333 0)
(0 -0.127152 0)
(0 -0.143243 0)
(0 -0.166482 0)
(0 -0.197913 0)
(0 -0.236731 0)
(0 -0.279662 0)
(0 -0.321436 0)
(0 -0.356516 0)
(0 -0.381073 0)
(0 -0.393538 0)
)
;
    }
    cylinder
    {
        type            fixedValue;
        value           uniform (0 0 0);
    }
    top
    {
        type            symmetryPlane;
    }
    bottom
    {
        type            symmetryPlane;
    }
    defaultFaces
    {
        type            empty;
    }
}


// ************************************************************************* //
