/*--------------------------------*- C++ -*----------------------------------*\
  =========                 |
  \\      /  F ield         | OpenFOAM: The Open Source CFD Toolbox
   \\    /   O peration     | Website:  https://openfoam.org
    \\  /    A nd           | Version:  7
     \\/     M anipulation  |
\*---------------------------------------------------------------------------*/
FoamFile
{
    version     2.0;
    format      ascii;
    class       volVectorField;
    location    "73";
    object      U;
}
// * * * * * * * * * * * * * * * * * * * * * * * * * * * * * * * * * * * * * //

dimensions      [0 1 -1 0 0 0 0];

internalField   nonuniform List<vector> 
2000
(
(-0.000138878 -0.00654072 -2.75486e-22)
(4.83218e-05 -0.0145841 0)
(0.000809874 -0.0185555 0)
(0.0021197 -0.0191241 -1.41375e-21)
(0.00393404 -0.0166837 4.57031e-22)
(0.00622217 -0.0114875 1.61917e-23)
(0.00896162 -0.00373263 -7.86225e-22)
(0.0121113 0.00637188 0)
(0.0155787 0.0185536 0)
(0.0191795 0.0324473 0)
(0.00041668 -0.00633031 0)
(0.00149318 -0.0146434 -1.07954e-21)
(0.00292035 -0.0190083 9.95547e-22)
(0.00457021 -0.0200537 1.88761e-21)
(0.00642692 -0.0181742 0)
(0.00849243 -0.013632 1.71934e-21)
(0.0107861 -0.00661294 -1.59886e-21)
(0.0133166 0.00271723 0)
(0.0160503 0.0141635 2.91444e-21)
(0.0188226 0.0274655 -5.60869e-21)
(0.00101169 -0.00617171 0)
(0.00317136 -0.0147363 8.64725e-21)
(0.0055058 -0.0194219 0)
(0.00772349 -0.0208587 7.72215e-21)
(0.00983097 -0.0194624 0)
(0.0118575 -0.0155223 -6.9463e-21)
(0.0138592 -0.00922926 0)
(0.0158915 -0.000717037 6.25059e-21)
(0.0179841 0.00989596 -5.85402e-21)
(0.0199847 0.0224593 -5.71341e-21)
(0.00168213 -0.00609838 -2.25514e-21)
(0.00513851 -0.014903 -4.31047e-21)
(0.00861638 -0.0198117 -2.02324e-21)
(0.0116245 -0.0215194 -3.79163e-21)
(0.0141881 -0.0204837 -3.63048e-21)
(0.0163644 -0.0170385 3.41825e-21)
(0.0182442 -0.0113982 3.28053e-21)
(0.0199258 -0.00368211 -1.15582e-23)
(0.0215043 0.00605849 5.92321e-21)
(0.0228372 0.0177764 5.71163e-21)
(0.00246856 -0.00613755 -2.22642e-21)
(0.0074518 -0.0151737 -4.41334e-21)
(0.0122933 -0.0201858 -8.37971e-21)
(0.016288 -0.0220194 3.85365e-21)
(0.0194888 -0.02119 0)
(0.021988 -0.0180904 0)
(0.0239139 -0.0129753 -6.73769e-21)
(0.0254057 -0.00597012 -6.37672e-21)
(0.026624 0.00292514 6.01692e-21)
(0.0274426 0.0137477 1.72764e-20)
(0.00341912 -0.0063079 2.26078e-21)
(0.0101647 -0.0155544 2.28737e-21)
(0.0165549 -0.0205406 -1.24502e-20)
(0.0216853 -0.0223456 1.97646e-20)
(0.0256558 -0.0215573 -3.68287e-21)
(0.0286082 -0.0186358 0)
(0.0307181 -0.0138879 0)
(0.0321679 -0.007463 3.18847e-20)
(0.0331831 0.000671381 -3.00768e-20)
(0.0336688 0.0106131 5.69483e-21)
(0.00458238 -0.00660842 1.7686e-20)
(0.0133183 -0.0160277 0)
(0.0213875 -0.0208576 1.66297e-20)
(0.0277343 -0.0224882 -1.57779e-20)
(0.0325344 -0.0215894 0)
(0.0360005 -0.018691 7.17419e-21)
(0.0383703 -0.0141561 -2.01282e-20)
(0.0398786 -0.0081707 -2.55255e-20)
(0.0408152 -0.000686722 1.19816e-20)
(0.0411328 0.00843597 1.15506e-20)
(0.00600032 -0.00701687 -3.53514e-20)
(0.0169313 -0.0165497 -4.47843e-21)
(0.0267372 -0.0211023 -8.43508e-21)
(0.034296 -0.0224389 -1.9854e-20)
(0.0398949 -0.021316 -7.60478e-21)
(0.0438436 -0.0183284 -7.19048e-21)
(0.0464606 -0.0138926 3.20374e-23)
(0.0480452 -0.00823822 0)
(0.0489559 -0.00131465 0)
(0.0492089 0.00706147 1.06349e-22)
(0.00770154 -0.00749071 1.76657e-20)
(0.0209894 -0.0170512 -1.78379e-20)
(0.0325042 -0.0212262 1.25425e-20)
(0.0411757 -0.0221919 2.79543e-20)
(0.0474455 -0.020789 -7.46167e-21)
(0.0517487 -0.0176652 7.17462e-21)
(0.0545009 -0.0132799 6.76661e-21)
(0.0560759 -0.00790522 0)
(0.0569068 -0.00149944 0)
(0.0571012 0.00616421 -2.7256e-22)
(0.00969536 -0.00797075 -2.21605e-21)
(0.0254376 -0.0174439 2.23819e-20)
(0.0385395 -0.0211724 -4.18754e-21)
(0.0481309 -0.0217462 0)
(0.0548564 -0.0200789 0)
(0.0593058 -0.0168502 1.42258e-20)
(0.062006 -0.0125404 0)
(0.0634077 -0.00744963 -1.25018e-20)
(0.0639991 -0.00156768 1.01344e-23)
(0.0639945 0.00530775 1.11907e-20)
(0.0272766 0.066341 2.17303e-22)
(0.0421553 0.133905 -2.19823e-22)
(0.0480126 0.19503 -2.54034e-22)
(0.0472322 0.250594 -2.90768e-22)
(0.0413386 0.307452 -3.58417e-22)
(0.0365262 0.369278 -1.26534e-23)
(0.0243139 0.438581 1.8916e-22)
(0.0210576 0.524901 6.74401e-22)
(0.000364605 0.649093 0)
(0.00654817 0.798117 -4.94666e-22)
(0.0246252 0.0605955 8.28839e-22)
(0.038438 0.128872 -9.5371e-22)
(0.0450017 0.192886 1.71112e-21)
(0.0448102 0.250335 2.91255e-22)
(0.0393924 0.30821 6.31312e-22)
(0.0349502 0.370706 1.08883e-21)
(0.0232753 0.44053 -4.08796e-22)
(0.0201708 0.527282 -4.52251e-22)
(0.000356774 0.651066 8.8635e-22)
(0.00610597 0.798726 4.93494e-22)
(0.0233177 0.0544238 0)
(0.0352402 0.122533 -9.05891e-22)
(0.0423415 0.189451 -4.9711e-22)
(0.0426737 0.248973 0)
(0.0376816 0.307991 -1.94414e-21)
(0.0335854 0.37125 6.06042e-22)
(0.0223861 0.441664 6.86215e-22)
(0.0193908 0.528878 2.43611e-21)
(0.000389727 0.652601 -8.8348e-22)
(0.00570795 0.799141 1.77943e-21)
(0.0236367 0.0481593 0)
(0.0326448 0.115035 9.13514e-22)
(0.0400277 0.184712 0)
(0.0408023 0.246483 2.24476e-21)
(0.0361892 0.306787 -2.25639e-21)
(0.0324137 0.370898 -1.38467e-21)
(0.0216331 0.441924 -8.82179e-23)
(0.018728 0.529576 -2.37929e-21)
(0.000464586 0.65339 -3.89957e-22)
(0.00533351 0.799168 -2.18874e-21)
(0.0258239 0.0421624 3.79701e-23)
(0.0307942 0.106638 -2.60692e-21)
(0.0380593 0.178683 1.13136e-22)
(0.0391762 0.242849 -1.97389e-21)
(0.0348956 0.304613 0)
(0.0314122 0.369713 -1.32167e-21)
(0.0209934 0.441469 -1.15249e-22)
(0.0181542 0.529704 2.99175e-21)
(0.000549437 0.653904 3.97187e-22)
(0.00498588 0.799142 -3.9863e-22)
(0.0299491 0.0367552 -7.09431e-21)
(0.0298854 0.0977158 4.47839e-21)
(0.0364443 0.171424 1.92501e-21)
(0.0377798 0.238069 -1.92405e-21)
(0.0337868 0.301436 -1.06941e-21)
(0.0305715 0.367582 0)
(0.0204716 0.440046 -2.64847e-21)
(0.0176927 0.528759 1.31964e-21)
(0.000671291 0.653374 1.45057e-21)
(0.00464598 0.798618 1.51189e-21)
(0.0357646 0.0321609 -8.56234e-22)
(0.030119 0.0887317 0)
(0.0352089 0.163052 0)
(0.0365957 0.23218 0)
(0.0328377 0.2974 -1.14429e-21)
(0.029862 0.364863 2.21026e-21)
(0.0200254 0.438296 2.58125e-21)
(0.0172695 0.527786 -4.02271e-21)
(0.000760662 0.653151 7.14102e-22)
(0.00433449 0.798323 -2.2046e-21)
(0.042617 0.0284328 5.38843e-21)
(0.0315715 0.0800845 3.64875e-21)
(0.0343879 0.153799 -3.61575e-21)
(0.0356274 0.225136 3.93672e-21)
(0.0320432 0.292107 -4.89454e-21)
(0.0292962 0.360756 0)
(0.0197083 0.43496 -1.15966e-21)
(0.0169946 0.524945 5.90052e-23)
(0.000922833 0.651084 -1.2884e-21)
(0.00401504 0.797217 -1.35387e-21)
(0.0493993 0.0252198 -4.59193e-21)
(0.0340155 0.0715469 0)
(0.0339792 0.143641 -4.0955e-21)
(0.0348232 0.217491 7.44187e-21)
(0.0313771 0.286938 -2.78241e-21)
(0.0288001 0.35741 -5.20465e-22)
(0.0193764 0.432872 1.15717e-21)
(0.0166297 0.523846 8.92956e-24)
(0.00095298 0.650855 1.86011e-21)
(0.0037329 0.7969 1.9669e-21)
(0.0544896 0.0223668 -3.69349e-21)
(0.0367895 0.0630049 3.60814e-21)
(0.0340967 0.131327 4.49272e-22)
(0.034227 0.206055 0)
(0.0307904 0.277307 0)
(0.0285239 0.349424 5.08641e-22)
(0.0193379 0.42603 2.17416e-21)
(0.0166318 0.517834 -2.11202e-21)
(0.00120738 0.646447 -5.71786e-22)
(0.0034191 0.795063 5.53501e-22)
(0.0575392 0.0245002 0)
(0.0404133 0.0586752 0)
(0.0350496 0.123012 0)
(0.0340772 0.20106 0)
(0.0299336 0.276046 0)
(0.026929 0.350628 0)
(0.0180268 0.428511 0)
(0.0151739 0.521525 0)
(0.000764075 0.64949 0)
(0.00281712 0.795275 0)
(0.0603521 0.0455739 0)
(0.0437444 0.0790646 0)
(0.0342286 0.133051 0)
(0.0319601 0.205784 0)
(0.0282192 0.280498 0)
(0.0251512 0.3561 0)
(0.0169416 0.435469 0)
(0.013766 0.530003 0)
(0.000679387 0.656993 0)
(0.00226701 0.797491 0)
(0.0587355 0.0538457 0)
(0.0460936 0.09123 0)
(0.034636 0.141552 0)
(0.0304533 0.211189 0)
(0.0264278 0.285574 0)
(0.0230541 0.361233 0)
(0.0155094 0.440968 0)
(0.0122919 0.535782 0)
(0.000465012 0.661643 0)
(0.00180105 0.797908 0)
(0.0545606 0.0592859 0)
(0.0461868 0.101243 0)
(0.0348844 0.149353 0)
(0.0293067 0.216022 0)
(0.0252091 0.290617 0)
(0.0218353 0.367409 0)
(0.014809 0.448531 0)
(0.0114104 0.544428 0)
(0.000653714 0.669059 0)
(0.00152574 0.800047 0)
(0.0494648 0.0621441 0)
(0.0446315 0.109638 0)
(0.03469 0.157408 0)
(0.0283933 0.220907 0)
(0.0238556 0.294386 0)
(0.0202629 0.371198 0)
(0.0137508 0.452686 0)
(0.0103847 0.548769 0)
(0.000537985 0.672416 0)
(0.00122028 0.800008 0)
(0.0436429 0.0625483 0)
(0.0418335 0.115738 0)
(0.033474 0.164568 0)
(0.0272587 0.226027 0)
(0.0231816 0.299257 0)
(0.0197082 0.377096 0)
(0.0135082 0.459981 0)
(0.00992897 0.557158 0)
(0.000861055 0.679444 0)
(0.0010765 0.801941 0)
(0.0373893 0.0606584 0)
(0.0386257 0.120046 0)
(0.0325287 0.171756 0)
(0.026088 0.231021 0)
(0.0217076 0.302215 0)
(0.0183923 0.3796 0)
(0.0127455 0.462661 0)
(0.00926302 0.55988 0)
(0.000802995 0.681453 0)
(0.000889762 0.801573 0)
(0.0306363 0.0560326 0)
(0.0342458 0.120314 0)
(0.0306523 0.17609 0)
(0.0255329 0.236502 0)
(0.0216073 0.307966 0)
(0.0182577 0.386161 0)
(0.012799 0.470481 0)
(0.00908792 0.568683 0)
(0.00125302 0.688633 0)
(0.000849355 0.803571 0)
(0.0254892 0.0519247 0)
(0.0318679 0.121939 0)
(0.0300295 0.181059 0)
(0.0246504 0.239852 0)
(0.0204824 0.309509 0)
(0.0173687 0.387331 0)
(0.0123097 0.471823 0)
(0.00870378 0.569947 0)
(0.00121537 0.689559 0)
(0.000754338 0.803215 0)
(0.0176363 0.0363734 0)
(0.0264077 0.112496 0)
(0.0291074 0.181688 0)
(0.0260111 0.24619 0)
(0.0217223 0.316757 0)
(0.0180075 0.39515 0)
(0.0128234 0.480788 0)
(0.00880528 0.579861 0)
(0.00181551 0.697452 0)
(0.000781908 0.80554 0)
(0.0680978 0.0142419 3.28209e-21)
(0.0668961 0.0248278 -3.22701e-21)
(0.061753 0.0279172 2.79842e-22)
(0.0555945 0.028847 0)
(0.0489975 0.0277656 0)
(0.0417321 0.0250292 8.35662e-23)
(0.0340955 0.02073 -1.0206e-22)
(0.026285 0.0144337 1.0031e-22)
(0.0195748 0.00870998 -1.60204e-23)
(0.0110294 -0.00526388 1.57459e-23)
(0.0700652 0.0100186 -4.32681e-21)
(0.0667821 0.0160298 0)
(0.060663 0.0166513 1.5774e-21)
(0.0541032 0.0157085 -3.13735e-21)
(0.0472644 0.0131128 1.55622e-21)
(0.0398068 0.00923323 -8.17774e-23)
(0.0319932 0.00408474 7.13338e-23)
(0.0241415 -0.0027227 1.44605e-23)
(0.0169763 -0.00897122 -2.70825e-23)
(0.00900779 -0.0218867 -3.0416e-23)
(0.070977 0.00530921 4.87512e-21)
(0.0660238 0.00721943 -2.26391e-21)
(0.0593222 0.00551319 2.24213e-21)
(0.0524752 0.00272434 -1.2359e-21)
(0.0454194 -0.00137243 9.68821e-22)
(0.0377808 -0.00637142 0)
(0.0298246 -0.0123141 -7.14968e-23)
(0.0219573 -0.0194668 -4.33694e-25)
(0.0145219 -0.0259839 1.06305e-23)
(0.00722431 -0.0374167 4.59327e-23)
(0.0710263 -0.000627131 -7.4325e-22)
(0.0646664 -0.00228811 0)
(0.0576429 -0.00597646 0)
(0.0506008 -0.0103753 0)
(0.0434033 -0.0157732 6.17024e-22)
(0.0356443 -0.0217064 -3.79273e-22)
(0.0276184 -0.0282588 2.73577e-23)
(0.0197674 -0.0355352 1.25721e-23)
(0.0122947 -0.0420271 1.09735e-23)
(0.00563695 -0.051768 2.00169e-23)
(0.0700979 -0.00788089 -5.05886e-22)
(0.0626208 -0.0125462 -1.97757e-21)
(0.0555041 -0.0178736 -7.9606e-22)
(0.0483653 -0.0235869 7.95486e-22)
(0.0411177 -0.0300211 -2.34796e-22)
(0.033336 -0.0366319 0)
(0.0253451 -0.0435506 -6.75155e-23)
(0.017608 -0.050714 2.01636e-23)
(0.0103038 -0.0568998 -5.38953e-24)
(0.00430653 -0.0649106 -3.13143e-23)
(0.0682857 -0.0162857 -5.44375e-21)
(0.060011 -0.0233533 9.0617e-22)
(0.0529955 -0.0300269 2.32712e-22)
(0.0458435 -0.0367494 7.7988e-22)
(0.0386287 -0.0439462 0)
(0.0309175 -0.0509658 0)
(0.0230657 -0.0580004 0)
(0.0155454 -0.0648331 2.5065e-23)
(0.00856649 -0.070492 0)
(0.00323991 -0.0768621 0)
(0.0656845 -0.0255769 0)
(0.0569725 -0.0344183 1.55002e-21)
(0.0502072 -0.0422022 -9.98715e-22)
(0.0431191 -0.0496367 -5.61773e-22)
(0.0360239 -0.0573416 5.64655e-22)
(0.028471 -0.0645187 1.11359e-22)
(0.0208506 -0.071446 -1.40545e-22)
(0.0136383 -0.0777774 -1.19374e-22)
(0.00709217 -0.0827702 9.43195e-24)
(0.00241061 -0.0876755 9.38282e-24)
(0.0623779 -0.0354547 0)
(0.0536267 -0.0454456 -5.5167e-22)
(0.0472175 -0.0541444 -2.22424e-22)
(0.0402724 -0.0620159 0)
(0.0333782 -0.070006 7.34896e-23)
(0.0260666 -0.0771268 -2.73845e-22)
(0.0187557 -0.0837707 1.12279e-22)
(0.0119247 -0.0894921 1.96258e-24)
(0.00587227 -0.0937631 -7.02357e-24)
(0.00178218 -0.0974261 -1.05902e-23)
(0.0585 -0.0455903 7.36664e-22)
(0.0500672 -0.0561747 4.99631e-22)
(0.0440991 -0.0656214 -1.69328e-22)
(0.0373774 -0.0736825 8.61914e-23)
(0.0307573 -0.0817737 1.20321e-22)
(0.0237614 -0.0886733 1.20114e-22)
(0.0168204 -0.0949135 -2.51293e-23)
(0.0104219 -0.0999804 -1.26893e-23)
(0.00488323 -0.103544 7.04654e-24)
(0.00131623 -0.106199 7.07553e-26)
(0.0542078 -0.0557099 -1.55043e-22)
(0.0463815 -0.0663963 1.56427e-22)
(0.0409192 -0.0764458 -1.1267e-22)
(0.034502 -0.0844842 -8.60603e-23)
(0.0282157 -0.0925327 5.32197e-23)
(0.0215984 -0.0990988 -9.53986e-23)
(0.0150673 -0.104869 3.51984e-23)
(0.00912925 -0.109293 2.5504e-24)
(0.0040926 -0.112213 0)
(0.000976026 -0.114082 -7.09037e-26)
(0.0496809 -0.0655943 1.59115e-22)
(0.0426698 -0.0759649 -1.6046e-22)
(0.0377544 -0.0864873 -1.19101e-22)
(0.0317173 -0.0943318 -9.21373e-23)
(0.0258026 -0.10223 -5.62804e-23)
(0.0196097 -0.108402 9.00734e-24)
(0.0135055 -0.113682 1.94505e-23)
(0.00803338 -0.117516 2.92284e-23)
(0.00346543 -0.119881 0)
(0.000729281 -0.121159 -2.19551e-24)
(0.0451074 -0.0750924 0)
(0.0390428 -0.0848009 -5.38187e-22)
(0.0346828 -0.0956729 9.08629e-22)
(0.0290912 -0.103199 9.22728e-23)
(0.023558 -0.110867 1.44466e-22)
(0.0178156 -0.11663 1.50183e-22)
(0.0121336 -0.121432 -3.08411e-23)
(0.00711374 -0.124755 -1.77037e-23)
(0.00296873 -0.126662 2.08571e-23)
(0.000549995 -0.127511 2.19024e-24)
(0.0406372 -0.0841208 0)
(0.035588 -0.0928896 -6.25698e-22)
(0.0317574 -0.103981 -2.4772e-22)
(0.0266673 -0.111118 0)
(0.0215024 -0.118493 -3.98259e-22)
(0.0162199 -0.123869 1.52907e-22)
(0.01094 -0.128222 9.12515e-23)
(0.00634573 -0.131126 1.48422e-22)
(0.0025738 -0.132665 -2.07891e-23)
(0.000418436 -0.133216 1.54079e-23)
(0.0363785 -0.092652 0)
(0.0323638 -0.10028 6.30882e-22)
(0.0290062 -0.111434 0)
(0.0244642 -0.11817 7.2325e-22)
(0.0196393 -0.12519 -7.27003e-22)
(0.0148123 -0.13023 -1.89922e-22)
(0.00990657 -0.134171 4.30692e-23)
(0.00570389 -0.136747 -1.55331e-22)
(0.00225717 -0.137997 -2.84832e-23)
(0.000320039 -0.138349 -2.38435e-23)
(0.0324106 -0.100699 6.52377e-21)
(0.0294167 -0.107079 -2.44324e-21)
(0.0264479 -0.118088 -2.38608e-22)
(0.0224873 -0.124471 -9.82922e-22)
(0.0179661 -0.131069 0)
(0.0135763 -0.135842 -2.03953e-22)
(0.00901415 -0.139403 6.84613e-23)
(0.00516509 -0.141736 2.37234e-22)
(0.00200088 -0.142759 9.62823e-24)
(0.000244509 -0.14299 -9.61815e-24)
(0.0287793 -0.108288 5.73892e-22)
(0.0267849 -0.113442 3.8079e-21)
(0.0241009 -0.124026 1.03063e-21)
(0.0207345 -0.130159 -1.03e-21)
(0.0164805 -0.136256 -3.57974e-22)
(0.012495 -0.140836 0)
(0.0082462 -0.144044 -3.32609e-22)
(0.00471043 -0.146207 1.77942e-22)
(0.00179212 -0.147048 8.94462e-23)
(0.00018486 -0.147217 2.27123e-23)
(0.0255137 -0.115431 -9.19701e-22)
(0.024518 -0.119567 0)
(0.0220018 -0.129347 0)
(0.0192073 -0.135382 0)
(0.0151881 -0.140886 -2.83034e-22)
(0.0115568 -0.145345 6.40294e-22)
(0.00759173 -0.148216 3.43222e-22)
(0.00432646 -0.150269 -4.06438e-22)
(0.00162262 -0.15096 2.32419e-23)
(0.000136387 -0.151113 -4.54925e-23)
(0.0226135 -0.122085 -2.1336e-21)
(0.0226397 -0.125673 2.83526e-21)
(0.0201789 -0.134162 -2.80852e-21)
(0.0178885 -0.140278 1.79574e-21)
(0.0140858 -0.145093 -2.17838e-21)
(0.0107448 -0.149492 0)
(0.00703841 -0.152035 -2.10186e-22)
(0.00400107 -0.154024 -9.70434e-24)
(0.00148596 -0.15459 -7.75905e-23)
(9.52319e-05 -0.154762 -2.62933e-23)
(0.0197826 -0.128092 -9.99632e-22)
(0.0208746 -0.131971 0)
(0.0184889 -0.138599 -2.77346e-21)
(0.016627 -0.144973 4.30112e-21)
(0.0130821 -0.149017 -1.47673e-21)
(0.00998712 -0.153397 -1.57428e-22)
(0.00654247 -0.155613 2.09707e-22)
(0.00370729 -0.157571 2.5795e-23)
(0.00137059 -0.158027 1.60016e-22)
(5.89951e-05 -0.15825 5.2233e-23)
(0.0169756 -0.133024 -4.04935e-21)
(0.0190803 -0.138654 3.95746e-21)
(0.0169426 -0.142842 3.59112e-22)
(0.0153996 -0.149599 0)
(0.0121613 -0.152808 0)
(0.00927757 -0.157187 1.62106e-22)
(0.00609737 -0.15907 3.91417e-22)
(0.00344382 -0.161011 -3.84114e-22)
(0.00127655 -0.161364 -2.90092e-23)
(4.04231e-05 -0.161664 2.83822e-23)
(0.0170678 -0.14017 0)
(0.0194651 -0.15457 0)
(0.0167575 -0.152551 0)
(0.014916 -0.160498 0)
(0.0116894 -0.161814 0)
(0.00875573 -0.16629 0)
(0.00575871 -0.167385 0)
(0.00323491 -0.169291 0)
(0.00125025 -0.169352 0)
(7.59565e-05 -0.169789 0)
(0.0153605 -0.165126 0)
(0.0138037 -0.180569 0)
(0.0118657 -0.174628 0)
(0.0100511 -0.182646 0)
(0.00787615 -0.181398 0)
(0.00585879 -0.185637 0)
(0.00387445 -0.185322 0)
(0.00222119 -0.187094 0)
(0.000902163 -0.186551 0)
(9.26269e-05 -0.187118 0)
(0.0157749 -0.194825 0)
(0.0129616 -0.211225 0)
(0.0107006 -0.202462 0)
(0.00854495 -0.210902 0)
(0.00658258 -0.207608 0)
(0.00475615 -0.212024 0)
(0.00317796 -0.210513 0)
(0.00184928 -0.212428 0)
(0.000820618 -0.211284 0)
(0.000105928 -0.212072 0)
(0.0156198 -0.232044 0)
(0.0119655 -0.249727 0)
(0.00973879 -0.238875 0)
(0.00735647 -0.248201 0)
(0.00567491 -0.243191 0)
(0.00397701 -0.248195 0)
(0.00274125 -0.245591 0)
(0.00160876 -0.247923 0)
(0.00078796 -0.246139 0)
(0.0001077 -0.247286 0)
(0.0151776 -0.278425 0)
(0.0111182 -0.29667 0)
(0.00898174 -0.284999 0)
(0.00643875 -0.29514 0)
(0.00501606 -0.289051 0)
(0.00337029 -0.294789 0)
(0.00241694 -0.291346 0)
(0.00137571 -0.294247 0)
(0.000732985 -0.291888 0)
(7.89422e-05 -0.293526 0)
(0.0140898 -0.332299 0)
(0.0100153 -0.349196 0)
(0.0080914 -0.338747 0)
(0.00553022 -0.348759 0)
(0.00436709 -0.342766 0)
(0.00276034 -0.34878 0)
(0.00203992 -0.345091 0)
(0.00103429 -0.348359 0)
(0.000579019 -0.345724 0)
(5.43666e-06 -0.347774 0)
(0.0120471 -0.387514 0)
(0.008409 -0.401073 0)
(0.00678775 -0.393802 0)
(0.0044685 -0.402292 0)
(0.00354632 -0.397729 0)
(0.00207188 -0.403061 0)
(0.00152397 -0.399943 0)
(0.000588814 -0.402968 0)
(0.000325394 -0.400578 0)
(-8.30015e-05 -0.402645 0)
(0.0091371 -0.435398 0)
(0.00630063 -0.444788 0)
(0.00506091 -0.441495 0)
(0.00324307 -0.447532 0)
(0.00255318 -0.445129 0)
(0.00136207 -0.448947 0)
(0.000946257 -0.44697 0)
(0.000183339 -0.449124 0)
(7.91941e-05 -0.447421 0)
(-0.000130666 -0.448987 0)
(0.00565498 -0.469187 0)
(0.00384986 -0.475093 0)
(0.00308188 -0.475121 0)
(0.00193654 -0.478828 0)
(0.00150994 -0.478377 0)
(0.000734981 -0.48058 0)
(0.000465413 -0.479754 0)
(-3.28934e-05 -0.480876 0)
(-4.58812e-05 -0.479947 0)
(-0.000114176 -0.480793 0)
(0.00190893 -0.48621 0)
(0.00127737 -0.490285 0)
(0.0010292 -0.492108 0)
(0.000636131 -0.494471 0)
(0.000498301 -0.495103 0)
(0.000226415 -0.49632 0)
(0.000134978 -0.496171 0)
(-4.08031e-05 -0.496638 0)
(-3.33961e-05 -0.496198 0)
(-4.53578e-05 -0.496556 0)
(0.0165685 -0.150137 4.75775e-21)
(0.0168377 -0.176428 -4.66443e-21)
(0.0179312 -0.207925 6.02946e-22)
(0.0179572 -0.2463 0)
(0.0175117 -0.292398 0)
(0.0161761 -0.343986 6.99392e-22)
(0.0138055 -0.39519 -3.00776e-21)
(0.0105212 -0.438598 2.96803e-21)
(0.00658001 -0.468808 8.07985e-22)
(0.0022372 -0.483936 -7.95375e-22)
(0.0167308 -0.155154 -5.61333e-21)
(0.0177108 -0.181266 0)
(0.0189522 -0.212875 4.1043e-21)
(0.0190158 -0.251284 -9.47392e-21)
(0.0185399 -0.297024 6.08455e-21)
(0.0170887 -0.347646 -6.45722e-22)
(0.0145812 -0.397383 1.4402e-21)
(0.0111386 -0.439261 3.04072e-21)
(0.00699449 -0.468311 8.57344e-22)
(0.00237976 -0.482859 8.31871e-22)
(0.0172474 -0.160372 6.56199e-21)
(0.0189452 -0.18639 -4.52922e-21)
(0.0202287 -0.217853 4.48634e-21)
(0.0202839 -0.256034 -5.02854e-21)
(0.0197291 -0.301225 3.72107e-21)
(0.0181198 -0.350772 0)
(0.0154306 -0.399045 -1.44371e-21)
(0.0117818 -0.43949 7.5383e-23)
(0.00739972 -0.467518 -1.59706e-21)
(0.00250771 -0.481581 -1.63169e-21)
(0.0181405 -0.165047 -1.06225e-21)
(0.0204713 -0.191142 0)
(0.0217408 -0.22253 0)
(0.0217599 -0.260494 0)
(0.0210899 -0.305137 4.149e-21)
(0.0192941 -0.353629 -2.77451e-21)
(0.0163865 -0.400489 -1.89869e-23)
(0.0124851 -0.439547 -1.70671e-21)
(0.00782485 -0.466561 -8.76057e-22)
(0.00263478 -0.480113 -9.38023e-22)
(0.0194778 -0.169269 1.11514e-22)
(0.0222621 -0.195295 -3.21213e-21)
(0.0234612 -0.22659 -2.4592e-21)
(0.0234204 -0.264364 2.45766e-21)
(0.0226077 -0.308507 -1.35584e-21)
(0.0206094 -0.356043 0)
(0.0174625 -0.401624 -1.59121e-21)
(0.0132767 -0.439408 3.48403e-21)
(0.00830243 -0.465463 -1.78315e-21)
(0.00277828 -0.478504 1.83545e-21)
(0.0212998 -0.173122 -8.54325e-21)
(0.0243388 -0.198884 9.23052e-22)
(0.0254035 -0.229963 -1.81362e-22)
(0.0252659 -0.267503 2.52667e-21)
(0.0242799 -0.311157 0)
(0.0220619 -0.357829 0)
(0.018658 -0.402293 0)
(0.0141642 -0.438972 1.86743e-21)
(0.00884536 -0.464188 0)
(0.00294686 -0.476773 0)
(0.0236188 -0.176515 0)
(0.0267206 -0.201891 3.53732e-21)
(0.0275959 -0.232644 -2.3906e-21)
(0.0273152 -0.269892 -2.83867e-21)
(0.026121 -0.313048 2.85343e-21)
(0.0236595 -0.358931 1.70123e-21)
(0.0199749 -0.402425 -1.68786e-21)
(0.0151465 -0.438175 -6.67111e-21)
(0.00945275 -0.462698 4.74963e-22)
(0.00314178 -0.474914 -1.62577e-21)
(0.0264427 -0.179317 0)
(0.0294148 -0.204239 -1.14945e-21)
(0.0300584 -0.234596 -6.49956e-22)
(0.0295857 -0.271525 0)
(0.0281501 -0.31419 8.29632e-22)
(0.0254172 -0.359362 -2.50417e-21)
(0.0214213 -0.402025 2.78748e-21)
(0.0162252 -0.437006 9.9446e-22)
(0.010122 -0.460977 -1.08838e-21)
(0.00336237 -0.472911 2.1569e-21)
(0.0297822 -0.181424 1.03182e-21)
(0.0324261 -0.205859 1.24918e-21)
(0.0328029 -0.235765 -2.76729e-22)
(0.032088 -0.272377 3.71785e-22)
(0.0303815 -0.314582 7.90218e-22)
(0.0273484 -0.359141 1.32634e-21)
(0.0230077 -0.401115 -4.98815e-22)
(0.0174057 -0.43548 -5.38965e-22)
(0.0108537 -0.459025 1.09197e-21)
(0.00360878 -0.470753 5.91819e-22)
(0.0336474 -0.182751 -2.88335e-22)
(0.0357601 -0.206713 2.91e-22)
(0.0358389 -0.23611 -3.34698e-22)
(0.0348283 -0.272426 -3.71305e-22)
(0.0328256 -0.314212 4.40801e-22)
(0.0294632 -0.358271 -8.99908e-22)
(0.024744 -0.399706 7.63304e-22)
(0.0186961 -0.433606 2.729e-22)
(0.0116518 -0.456843 0)
(0.00388268 -0.468435 -5.9314e-22)
(0.0380462 -0.183232 2.95649e-22)
(0.0394195 -0.206794 -2.98485e-22)
(0.0391758 -0.235609 -3.59636e-22)
(0.0378114 -0.27167 -4.01445e-22)
(0.0354908 -0.313077 -4.60087e-22)
(0.0317684 -0.356758 -3.21953e-23)
(0.0266373 -0.397805 2.69044e-22)
(0.0201017 -0.43139 8.6858e-22)
(0.0125194 -0.454433 0)
(0.00418507 -0.465953 -6.47411e-22)
(0.0429835 -0.18285 0)
(0.0434045 -0.206102 -1.37614e-21)
(0.0428201 -0.234274 2.49483e-21)
(0.0410395 -0.270115 4.02123e-22)
(0.0383853 -0.311182 9.34083e-22)
(0.0342708 -0.354601 1.53287e-21)
(0.0286966 -0.395406 -5.45165e-22)
(0.0216319 -0.428826 -5.89253e-22)
(0.0134631 -0.45179 1.30342e-21)
(0.00451814 -0.463303 6.45902e-22)
(0.0484604 -0.181647 0)
(0.0477146 -0.20463 -1.35736e-21)
(0.0467746 -0.232144 -7.50273e-22)
(0.0445167 -0.267784 0)
(0.0415145 -0.308561 -2.94199e-21)
(0.0369742 -0.351826 9.83336e-22)
(0.0309244 -0.392534 1.17069e-21)
(0.0232861 -0.425931 3.7799e-21)
(0.0144806 -0.448911 -1.29918e-21)
(0.00487996 -0.460472 2.80434e-21)
(0.0544727 -0.179739 0)
(0.0523526 -0.20237 1.36894e-21)
(0.0510273 -0.229356 0)
(0.0482431 -0.264666 3.75986e-21)
(0.044884 -0.305231 -3.77915e-21)
(0.0398878 -0.348424 -2.30955e-21)
(0.0333311 -0.389167 -5.15793e-23)
(0.0250805 -0.422678 -3.89022e-21)
(0.0155865 -0.445774 -6.48463e-22)
(0.00527478 -0.457439 -3.48821e-21)
(0.0609929 -0.177224 9.88813e-21)
(0.05732 -0.199304 -3.79605e-21)
(0.0555828 -0.225897 4.06806e-22)
(0.0522483 -0.26077 -3.51219e-21)
(0.0484832 -0.301221 0)
(0.0430129 -0.344438 -2.40882e-21)
(0.035913 -0.385355 -2.01222e-22)
(0.0270075 -0.419108 5.28392e-21)
(0.016773 -0.442416 7.24319e-22)
(0.00569768 -0.45423 -7.27101e-22)
(0.0679689 -0.174094 -1.01916e-21)
(0.0626439 -0.195496 7.10203e-21)
(0.0604061 -0.221755 3.65474e-21)
(0.0565202 -0.256236 -3.65225e-21)
(0.0523171 -0.296558 -2.20081e-21)
(0.0463606 -0.339847 0)
(0.0386905 -0.381037 -5.39715e-21)
(0.0290927 -0.41516 2.70679e-21)
(0.0180616 -0.438795 2.89024e-21)
(0.00615677 -0.450815 3.10279e-21)
(0.0753293 -0.170399 -1.36403e-21)
(0.0683211 -0.191081 0)
(0.0654682 -0.217063 0)
(0.0610427 -0.251189 0)
(0.0563778 -0.291417 -2.53945e-21)
(0.0499088 -0.334877 4.73206e-21)
(0.0416247 -0.376449 5.49824e-21)
(0.0312868 -0.411014 -8.65726e-21)
(0.019411 -0.435009 1.54928e-21)
(0.00663132 -0.447244 -4.60846e-21)
(0.0829528 -0.166254 -2.03862e-21)
(0.0743456 -0.186035 7.00919e-21)
(0.0707542 -0.211777 -6.94225e-21)
(0.0658222 -0.245441 8.90671e-21)
(0.060698 -0.285486 -1.12012e-20)
(0.0537274 -0.329084 0)
(0.0448249 -0.371124 -2.87471e-21)
(0.0337143 -0.406316 -1.18425e-22)
(0.0209207 -0.430858 -3.22018e-21)
(0.00716343 -0.443387 -3.28132e-21)
(0.0906538 -0.162191 -1.44982e-21)
(0.0806434 -0.180877 0)
(0.0761536 -0.206576 -9.26889e-21)
(0.0707291 -0.239916 1.74536e-20)
(0.0651122 -0.279973 -6.75542e-21)
(0.0575918 -0.323838 -1.3607e-21)
(0.0480107 -0.366307 2.86848e-21)
(0.0360898 -0.401921 -1.44915e-22)
(0.0223781 -0.42678 4.70045e-21)
(0.0076566 -0.439488 4.85602e-21)
(0.0987434 -0.156293 -6.52515e-21)
(0.0881075 -0.173486 6.39658e-21)
(0.0823514 -0.198958 9.87809e-22)
(0.0763541 -0.231717 0)
(0.0702176 -0.271588 0)
(0.0621814 -0.315831 1.33603e-21)
(0.0519248 -0.359265 6.11607e-21)
(0.0391072 -0.396075 -5.98291e-21)
(0.0242796 -0.4219 -1.63758e-21)
(0.0083244 -0.435018 1.61016e-21)
(0.109624 -0.156825 0)
(0.104412 -0.170707 0)
(0.0954278 -0.197092 0)
(0.087962 -0.229244 0)
(0.0803668 -0.268145 0)
(0.0707399 -0.310856 0)
(0.05876 -0.352496 0)
(0.0440879 -0.387663 0)
(0.0272862 -0.412492 0)
(0.0091879 -0.425429 0)
(0.129008 -0.142569 0)
(0.132059 -0.16154 0)
(0.118291 -0.191135 0)
(0.110072 -0.222895 0)
(0.0998549 -0.260723 0)
(0.0873631 -0.301011 0)
(0.0721945 -0.339526 0)
(0.0540061 -0.371458 0)
(0.0334675 -0.393326 0)
(0.0115982 -0.403805 0)
(0.155304 -0.128907 0)
(0.161575 -0.15031 0)
(0.143047 -0.1801 0)
(0.134712 -0.210508 0)
(0.121016 -0.246713 0)
(0.105182 -0.283957 0)
(0.0861944 -0.319314 0)
(0.0639928 -0.348872 0)
(0.0393124 -0.369954 0)
(0.0129812 -0.381534 0)
(0.188051 -0.11938 0)
(0.195518 -0.140971 0)
(0.171965 -0.169583 0)
(0.163882 -0.198714 0)
(0.145575 -0.23319 0)
(0.126163 -0.266978 0)
(0.102715 -0.298902 0)
(0.0759154 -0.324963 0)
(0.0467061 -0.342497 0)
(0.0163475 -0.350067 0)
(0.226585 -0.107509 0)
(0.232326 -0.127354 0)
(0.204016 -0.153554 0)
(0.195304 -0.180195 0)
(0.170309 -0.210801 0)
(0.146693 -0.239689 0)
(0.117639 -0.267866 0)
(0.0858998 -0.291403 0)
(0.0519743 -0.309159 0)
(0.0163869 -0.320725 0)
(0.271331 -0.0984557 0)
(0.273705 -0.115842 0)
(0.241468 -0.140252 0)
(0.230689 -0.163641 0)
(0.197963 -0.19026 0)
(0.171026 -0.215163 0)
(0.135889 -0.240371 0)
(0.0989542 -0.260457 0)
(0.0602449 -0.27425 0)
(0.0222287 -0.277683 0)
(0.317711 -0.0809275 0)
(0.312663 -0.0944904 0)
(0.277485 -0.114761 0)
(0.261427 -0.132371 0)
(0.220835 -0.153558 0)
(0.190192 -0.173125 0)
(0.146124 -0.193322 0)
(0.103803 -0.210112 0)
(0.0598765 -0.22691 0)
(0.0148824 -0.245454 0)
(0.364185 -0.0689177 0)
(0.352681 -0.0783767 0)
(0.31758 -0.0950942 0)
(0.295127 -0.108038 0)
(0.251543 -0.126312 0)
(0.216864 -0.142289 0)
(0.166721 -0.160689 0)
(0.120768 -0.177237 0)
(0.0716702 -0.193698 0)
(0.0347252 -0.190513 0)
(0.402557 -0.0378206 0)
(0.386343 -0.0420854 0)
(0.340149 -0.0521398 0)
(0.310452 -0.058267 0)
(0.255932 -0.0692463 0)
(0.212431 -0.0767424 0)
(0.148625 -0.0871208 0)
(0.0916947 -0.0966026 0)
(0.0322768 -0.116428 0)
(-0.0338367 -0.167068 0)
(0.647754 -0.0194497 0)
(0.625868 -0.0224786 0)
(0.584361 -0.0271002 0)
(0.550352 -0.0313065 0)
(0.497832 -0.0377314 0)
(0.449513 -0.0443932 0)
(0.381605 -0.0547904 0)
(0.309992 -0.0697703 0)
(0.214963 -0.0989106 0)
(0.153331 -0.156808 0)
(0.131559 -0.140774 6.66852e-21)
(0.153596 -0.125955 -6.5687e-21)
(0.180085 -0.112768 1.07826e-21)
(0.212471 -0.10354 0)
(0.250829 -0.0926785 0)
(0.293668 -0.0844778 1.64769e-21)
(0.338844 -0.0689717 -7.86596e-21)
(0.382419 -0.0593004 7.76314e-21)
(0.429261 -0.0320832 2.21445e-21)
(0.668992 -0.0169758 -2.24125e-21)
(0.138758 -0.133881 -6.1922e-21)
(0.160586 -0.118848 0)
(0.186477 -0.106147 7.69979e-21)
(0.218768 -0.0972068 -1.86237e-20)
(0.257201 -0.0867818 1.25649e-20)
(0.299931 -0.0789605 -1.53436e-21)
(0.345098 -0.0642117 3.34573e-21)
(0.38853 -0.0554914 7.54132e-21)
(0.439101 -0.0298265 2.05422e-21)
(0.677268 -0.0159191 2.04654e-21)
(0.145078 -0.126214 7.15514e-21)
(0.166399 -0.111363 -7.22317e-21)
(0.191641 -0.0993651 7.15485e-21)
(0.223577 -0.0908305 -9.91073e-21)
(0.26191 -0.080932 7.18574e-21)
(0.304657 -0.0735952 0)
(0.349871 -0.0596808 -3.35382e-21)
(0.393723 -0.0519598 -6.85649e-23)
(0.447715 -0.0278002 -3.88441e-21)
(0.685002 -0.0149049 -4.08715e-21)
(0.151368 -0.117995 -1.2336e-21)
(0.172593 -0.103651 0)
(0.197412 -0.0924531 0)
(0.228978 -0.0843894 0)
(0.267052 -0.0751065 8.15007e-21)
(0.309719 -0.068343 -5.55199e-21)
(0.354809 -0.0553409 -2.17887e-22)
(0.398991 -0.0486177 -3.83458e-21)
(0.455755 -0.0259751 -1.95169e-21)
(0.692423 -0.0139673 -1.99594e-21)
(0.157118 -0.10938 1.26069e-21)
(0.178475 -0.0958356 -3.90894e-21)
(0.202985 -0.0855028 -4.0662e-21)
(0.234413 -0.0779428 4.06368e-21)
(0.272236 -0.069331 -2.56136e-21)
(0.314879 -0.0632135 0)
(0.35981 -0.051155 -3.26694e-21)
(0.404288 -0.0453901 7.30333e-21)
(0.463389 -0.0242922 -3.67134e-21)
(0.699503 -0.013109 3.98577e-21)
(0.162114 -0.100397 -9.20911e-21)
(0.183621 -0.0879369 4.56252e-22)
(0.207822 -0.0785451 -6.49552e-22)
(0.239174 -0.0715447 3.97286e-21)
(0.276855 -0.0636412 0)
(0.319578 -0.0582217 0)
(0.364333 -0.047125 0)
(0.409314 -0.0422643 3.492e-21)
(0.470475 -0.0227154 0)
(0.706143 -0.0123196 0)
(0.166285 -0.091066 0)
(0.187976 -0.0799413 4.6593e-21)
(0.21189 -0.0715578 -3.23477e-21)
(0.243102 -0.0651966 -4.5459e-21)
(0.280698 -0.0580552 4.56954e-21)
(0.32355 -0.0533517 2.96098e-21)
(0.368153 -0.0432606 -2.79377e-21)
(0.413801 -0.0392601 -1.20249e-20)
(0.476825 -0.0212248 8.51369e-22)
(0.712261 -0.0115999 -2.8526e-21)
(0.169529 -0.0814176 0)
(0.19151 -0.0718409 -1.42926e-21)
(0.21522 -0.0645193 -8.62544e-22)
(0.246244 -0.058879 0)
(0.283769 -0.0525527 1.38002e-21)
(0.326728 -0.0485865 -3.96904e-21)
(0.371323 -0.0395404 4.72956e-21)
(0.417588 -0.0363717 1.81545e-21)
(0.482429 -0.019817 -1.791e-21)
(0.717832 -0.0109466 3.81381e-21)
(0.171721 -0.0714838 8.83209e-22)
(0.194155 -0.0636301 1.53804e-21)
(0.217771 -0.0574197 -2.6801e-22)
(0.248607 -0.0525748 5.07205e-22)
(0.286079 -0.0471047 1.1954e-21)
(0.329127 -0.0439098 2.0509e-21)
(0.37386 -0.0359319 -7.57666e-22)
(0.420669 -0.0335837 -8.36398e-22)
(0.487289 -0.0184895 1.79691e-21)
(0.722838 -0.0103513 9.25098e-22)
(0.172742 -0.0612924 -2.9317e-22)
(0.195838 -0.0553001 2.96909e-22)
(0.219478 -0.0502487 -4.22766e-22)
(0.250146 -0.0462685 -5.0654e-22)
(0.287591 -0.0416864 6.27731e-22)
(0.330748 -0.0393019 -1.31143e-21)
(0.375726 -0.0324062 1.15257e-21)
(0.423071 -0.0308811 4.39171e-22)
(0.491369 -0.017229 0)
(0.727253 -0.00979987 -9.27119e-22)
(0.172526 -0.0508719 2.88002e-22)
(0.196534 -0.046841 -2.91689e-22)
(0.220305 -0.0429911 -4.12462e-22)
(0.250826 -0.0399406 -4.96324e-22)
(0.288268 -0.0362757 -6.22113e-22)
(0.33158 -0.0347389 -3.82973e-23)
(0.376883 -0.0289376 3.5369e-22)
(0.4248 -0.0282488 1.21464e-21)
(0.494646 -0.016017 0)
(0.731091 -0.00928158 -9.06665e-22)
(0.171077 -0.0402658 0)
(0.196254 -0.0382423 -1.47382e-21)
(0.220248 -0.0356266 2.71743e-21)
(0.250646 -0.0335667 4.97155e-22)
(0.288092 -0.0308484 1.15328e-21)
(0.331604 -0.0301944 1.99144e-21)
(0.377301 -0.0255015 -7.44234e-22)
(0.425834 -0.0256702 -8.19573e-22)
(0.497077 -0.0148361 1.72761e-21)
(0.734338 -0.00878556 9.04544e-22)
(0.168429 -0.0295489 0)
(0.195011 -0.0294917 -1.29365e-21)
(0.219317 -0.0281305 -8.21763e-22)
(0.249617 -0.0271181 0)
(0.287066 -0.0253756 -3.62208e-21)
(0.330815 -0.0256387 1.15799e-21)
(0.376976 -0.0220715 1.40838e-21)
(0.42617 -0.0231277 4.79815e-21)
(0.498687 -0.0136731 -1.722e-21)
(0.737034 -0.00830981 3.56737e-21)
(0.164623 -0.018819 0)
(0.192784 -0.0205802 1.30466e-21)
(0.217507 -0.0204816 0)
(0.247745 -0.0205668 4.26405e-21)
(0.285194 -0.0198272 -4.28593e-21)
(0.329201 -0.0210411 -2.78857e-21)
(0.375889 -0.0186196 -1.46624e-22)
(0.425775 -0.0206006 -4.81025e-21)
(0.499418 -0.012513 -7.97307e-22)
(0.739138 -0.00784316 -4.41372e-21)
(0.159749 -0.00819678 7.63397e-21)
(0.189563 -0.0115061 -2.86323e-21)
(0.21483 -0.012666 6.76344e-22)
(0.24505 -0.0138876 -3.61495e-21)
(0.2825 -0.0141743 0)
(0.326794 -0.0163737 -2.79545e-21)
(0.374087 -0.0151233 -2.79986e-22)
(0.424709 -0.0180757 6.31271e-21)
(0.499419 -0.0113498 8.64652e-22)
(0.740735 -0.00739009 -8.6412e-22)
(0.153967 0.00216535 -1.32534e-21)
(0.185358 -0.00227821 5.79664e-21)
(0.211308 -0.00467968 3.63096e-21)
(0.241546 -0.00705887 -3.62845e-21)
(0.278973 -0.0083895 -2.32672e-21)
(0.323548 -0.0116049 0)
(0.371481 -0.0115475 -6.06089e-21)
(0.422858 -0.0155253 3.02031e-21)
(0.498464 -0.010161 3.30584e-21)
(0.74171 -0.00692939 3.50843e-21)
(0.147506 0.0120738 -9.34314e-22)
(0.18023 0.0070819 0)
(0.207026 0.00347205 0)
(0.237333 -6.56716e-05 0)
(0.274752 -0.00245739 -2.69542e-21)
(0.319667 -0.00672567 5.01349e-21)
(0.368322 -0.00789556 6.07282e-21)
(0.42051 -0.0129654 -9.56373e-21)
(0.497095 -0.0089536 1.72138e-21)
(0.742264 -0.00647548 -5.17349e-21)
(0.140673 0.0212871 -1.29248e-21)
(0.174192 0.0165271 5.99547e-21)
(0.201907 0.0117812 -5.93839e-21)
(0.232258 0.00712279 8.83543e-21)
(0.269568 0.00367287 -1.11314e-20)
(0.314724 -0.00166042 0)
(0.364067 -0.00407176 -3.01449e-21)
(0.417098 -0.0103168 -3.83384e-23)
(0.494368 -0.00767765 -3.39909e-21)
(0.742105 -0.00598622 -3.49535e-21)
(0.133877 0.0295929 -9.54873e-22)
(0.167879 0.0259733 0)
(0.196699 0.0201274 -8.40216e-21)
(0.227226 0.0143753 1.64352e-20)
(0.264568 0.00985788 -6.46234e-21)
(0.310109 0.00343012 -1.37478e-21)
(0.360167 -0.000252122 3.00794e-21)
(0.413962 -0.00773758 -1.00689e-22)
(0.492305 -0.00637735 4.93706e-21)
(0.741708 -0.00549335 5.13909e-21)
(0.124384 0.0377908 -4.54647e-21)
(0.158269 0.0365643 4.4453e-21)
(0.18832 0.0295235 8.53492e-22)
(0.219141 0.022516 0)
(0.256393 0.016785 0)
(0.302277 0.00915489 1.35238e-21)
(0.353334 0.00411039 6.24061e-21)
(0.408312 -0.0048297 -6.09008e-21)
(0.487025 -0.00493819 -1.66193e-21)
(0.740401 -0.00492958 1.58187e-21)
(0.126788 0.0589759 0)
(0.157612 0.0601344 0)
(0.187149 0.0492972 0)
(0.217367 0.0401143 0)
(0.253739 0.0316975 0)
(0.298635 0.0213981 0)
(0.348564 0.0132821 0)
(0.403154 0.00105744 0)
(0.484464 -0.00134813 0)
(0.737521 -0.00353198 0)
(0.121025 0.092525 0)
(0.15016 0.0990554 0)
(0.178901 0.082105 0)
(0.208717 0.0706105 0)
(0.245281 0.0578347 0)
(0.289668 0.0430228 0)
(0.339441 0.029417 0)
(0.396671 0.0119887 0)
(0.486961 0.00480927 0)
(0.745136 -0.0010213 0)
(0.11126 0.131791 0)
(0.137609 0.140108 0)
(0.163566 0.116531 0)
(0.19211 0.103944 0)
(0.227882 0.0865122 0)
(0.27022 0.0670592 0)
(0.317932 0.0474874 0)
(0.37495 0.0244948 0)
(0.469308 0.0112313 0)
(0.730356 0.000425404 0)
(0.102373 0.176292 0)
(0.124161 0.184325 0)
(0.147762 0.154156 0)
(0.175673 0.141918 0)
(0.210647 0.118685 0)
(0.25093 0.0943082 0)
(0.298173 0.0680591 0)
(0.358862 0.0389569 0)
(0.464965 0.0185146 0)
(0.733247 0.00283587 0)
(0.0887284 0.227597 0)
(0.105283 0.233444 0)
(0.126742 0.198355 0)
(0.151987 0.186674 0)
(0.182551 0.15566 0)
(0.21768 0.12668 0)
(0.261282 0.0932474 0)
(0.320863 0.0572174 0)
(0.430488 0.0285935 0)
(0.702542 0.00486448 0)
(0.077904 0.285865 0)
(0.0895176 0.289208 0)
(0.110111 0.249838 0)
(0.130733 0.237273 0)
(0.157647 0.197225 0)
(0.189413 0.16594 0)
(0.232243 0.124983 0)
(0.295498 0.0823822 0)
(0.41669 0.0438887 0)
(0.696561 0.0100921 0)
(0.0539743 0.353557 0)
(0.061389 0.352194 0)
(0.0774032 0.310733 0)
(0.0912983 0.296322 0)
(0.11284 0.250438 0)
(0.137986 0.22004 0)
(0.175077 0.171398 0)
(0.233788 0.124109 0)
(0.353478 0.0741479 0)
(0.633672 0.0179347 0)
(0.0461188 0.434534 0)
(0.0508916 0.431236 0)
(0.0641024 0.38823 0)
(0.0738744 0.372768 0)
(0.0922511 0.324045 0)
(0.11254 0.29566 0)
(0.148078 0.24123 0)
(0.207147 0.195394 0)
(0.328641 0.13041 0)
(0.5991 0.0377543 0)
(0.0060246 0.572337 0)
(0.00595775 0.568358 0)
(0.0106613 0.531751 0)
(0.0132191 0.518646 0)
(0.0218221 0.476842 0)
(0.0329256 0.453021 0)
(0.0584072 0.400996 0)
(0.104867 0.355446 0)
(0.204396 0.259751 0)
(0.440629 0.0759384 0)
(0.0143301 0.769326 0)
(0.0181599 0.763824 0)
(0.023013 0.745442 0)
(0.0296258 0.734694 0)
(0.0388815 0.708677 0)
(0.0523272 0.686038 0)
(0.0733246 0.640734 0)
(0.107358 0.580527 0)
(0.169748 0.443042 0)
(0.312399 0.15054 0)
(0.099787 0.0718601 4.43296e-21)
(0.103557 0.114476 -4.38086e-21)
(0.0965497 0.156782 7.49376e-22)
(0.0886256 0.202724 0)
(0.0764438 0.255086 0)
(0.0666493 0.31226 1.22528e-21)
(0.0458533 0.379531 -5.88136e-21)
(0.0390157 0.460105 5.83464e-21)
(0.00437968 0.593802 1.6414e-21)
(0.0130703 0.778802 -1.6549e-21)
(0.0893218 0.076063 -4.23278e-21)
(0.0961088 0.121468 0)
(0.0906494 0.164299 5.43402e-21)
(0.0833476 0.210594 -1.3263e-20)
(0.0717453 0.263313 9.02508e-21)
(0.0623742 0.320715 -1.1378e-21)
(0.0427064 0.388196 2.41431e-21)
(0.0362198 0.469307 5.46838e-21)
(0.00374528 0.601885 1.42351e-21)
(0.0125344 0.78134 1.44716e-21)
(0.0795322 0.0788328 4.96426e-21)
(0.0885887 0.127051 -4.90545e-21)
(0.0847701 0.170686 4.85813e-21)
(0.07821 0.217232 -7.02059e-21)
(0.0672542 0.270054 5.06525e-21)
(0.0583804 0.32784 0)
(0.0398008 0.395513 -2.42016e-21)
(0.0336866 0.477508 -9.91655e-23)
(0.00305116 0.60916 -2.77262e-21)
(0.0118595 0.783102 -2.91111e-21)
(0.070441 0.0807653 -8.38192e-22)
(0.0812667 0.132032 0)
(0.0790369 0.177105 0)
(0.0732516 0.224043 0)
(0.0629692 0.27702 5.71118e-21)
(0.0546395 0.335091 -3.9113e-21)
(0.0371199 0.402831 -1.85902e-22)
(0.031402 0.485519 -2.70269e-21)
(0.00234882 0.616143 -1.35926e-21)
(0.0110866 0.7853 -1.38447e-21)
(0.0620735 0.0817722 5.64488e-22)
(0.0743262 0.136039 -2.69195e-21)
(0.0735652 0.182936 -2.75707e-21)
(0.0685608 0.230511 2.75512e-21)
(0.0589598 0.283825 -1.77402e-21)
(0.0511718 0.342257 0)
(0.0346491 0.410101 -2.26192e-21)
(0.0293372 0.493285 5.02082e-21)
(0.00172864 0.622843 -2.49348e-21)
(0.0102995 0.787929 2.77625e-21)
(0.0544101 0.0817841 -6.75573e-21)
(0.0678195 0.138862 4.36711e-22)
(0.0684124 0.187733 -4.38067e-22)
(0.064185 0.23628 2.654e-21)
(0.0552673 0.289894 0)
(0.0480148 0.34883 0)
(0.0323985 0.416877 0)
(0.0274868 0.500485 2.30717e-21)
(0.00124656 0.629032 0)
(0.00955293 0.790545 0)
(0.0474467 0.0807643 0)
(0.0617594 0.140468 3.10588e-21)
(0.0636175 0.191439 -2.14647e-21)
(0.0601267 0.24116 -2.98078e-21)
(0.0518801 0.295088 2.99617e-21)
(0.0451872 0.354593 1.9268e-21)
(0.0303705 0.422884 -1.77641e-21)
(0.0258477 0.50693 -7.8009e-21)
(0.000906569 0.634556 5.48754e-22)
(0.00886239 0.792829 -1.80247e-21)
(0.0412004 0.0786844 0)
(0.0561576 0.140823 -9.62169e-22)
(0.0591809 0.194064 -5.56008e-22)
(0.0563996 0.245045 0)
(0.0487933 0.299489 8.91518e-22)
(0.0426539 0.359559 -2.51785e-21)
(0.0285555 0.428007 2.99191e-21)
(0.0244111 0.512556 1.18706e-21)
(0.000682299 0.639298 -1.06669e-21)
(0.0082174 0.794646 2.41508e-21)
(0.0357064 0.0755431 7.93368e-22)
(0.0510219 0.139874 1.01135e-21)
(0.0551006 0.195574 -1.9655e-22)
(0.0530118 0.247924 3.14121e-22)
(0.0460176 0.303057 7.51381e-22)
(0.0403734 0.3637 1.27292e-21)
(0.0269387 0.432285 -4.50058e-22)
(0.0231559 0.517476 -5.01118e-22)
(0.000531918 0.643316 1.07021e-21)
(0.00761211 0.796088 5.46723e-22)
(0.0310282 0.0713886 -2.17619e-22)
(0.0463538 0.137575 2.20121e-22)
(0.051378 0.195912 -2.68763e-22)
(0.0499601 0.249781 -3.13709e-22)
(0.0435401 0.305725 3.7505e-22)
(0.0383314 0.366944 -7.89585e-22)
(0.0255279 0.435809 6.81296e-22)
(0.0220522 0.521611 2.68557e-22)
(0.000425313 0.646506 0)
(0.00704702 0.797191 -5.47925e-22)
(0.0119676 -0.00838608 0)
(0.0301763 -0.0176294 0)
(0.0446491 -0.020885 -1.72546e-20)
(0.0548863 -0.0211118 0)
(0.0617875 -0.0192737 7.61831e-21)
(0.0661288 -0.0160546 -7.06e-21)
(0.0685685 -0.0119233 0)
(0.0696546 -0.00718087 0)
(0.0699464 -0.00191509 -1.14869e-20)
(0.0699784 0.00369784 2.18104e-20)
(0.0144645 -0.00865188 0)
(0.0350524 -0.0175072 -1.38986e-20)
(0.0505958 -0.0203187 -4.52998e-21)
(0.0611461 -0.0203147 -1.63983e-20)
(0.0679097 -0.0184766 -7.64659e-21)
(0.0718759 -0.0154611 -2.12454e-20)
(0.0738427 -0.0116978 0)
(0.0744472 -0.00745791 0)
(0.0742777 -0.00283214 0)
(0.0738039 0.0020024 -3.08725e-22)
(0.0170866 -0.00868558 0)
(0.0398533 -0.0169983 -5.13335e-21)
(0.0561064 -0.0194578 8.4919e-21)
(0.0666143 -0.0194058 1.23073e-20)
(0.0729335 -0.0177987 -1.17036e-22)
(0.0762833 -0.0152333 -2.8201e-23)
(0.0776007 -0.0120782 1.30729e-20)
(0.0775974 -0.00855506 -1.20195e-20)
(0.076879 -0.00470811 2.21126e-20)
(0.0758813 -0.000639838 -2.08275e-20)
(0.0197136 -0.00842981 -2.3965e-21)
(0.0443434 -0.0160653 1.41198e-20)
(0.0609109 -0.0183246 2.22803e-20)
(0.0710329 -0.0184589 -2.52689e-20)
(0.0766445 -0.0173482 1.54254e-20)
(0.0791982 -0.0154968 1.42807e-20)
(0.0797591 -0.0131945 -6.50025e-21)
(0.0790977 -0.0106004 2.38796e-20)
(0.077823 -0.00770303 -3.59957e-22)
(0.0763557 -0.00454878 -1.04122e-20)
(0.0222025 -0.00785305 -2.54335e-21)
(0.0482749 -0.0147159 2.41642e-21)
(0.0647601 -0.0169799 0)
(0.0742007 -0.017566 2.11524e-20)
(0.0789168 -0.0172234 -3.92941e-21)
(0.0805797 -0.0163348 -1.10357e-22)
(0.0803622 -0.0150987 -6.60715e-21)
(0.0790721 -0.0136103 -1.77612e-20)
(0.077307 -0.0118149 9.19526e-23)
(0.0754681 -0.00973299 1.49566e-20)
(0.0243962 -0.00695521 0)
(0.0514074 -0.0130062 -1.5536e-20)
(0.0674467 -0.0155192 4.72536e-21)
(0.0759876 -0.0168303 -1.31891e-20)
(0.0797137 -0.0175067 4.01033e-21)
(0.0804831 -0.0177878 4.08841e-23)
(0.0795452 -0.0177782 3.98657e-23)
(0.0777186 -0.0175172 1.18663e-20)
(0.0755708 -0.0169308 -1.62124e-20)
(0.0734755 -0.01603 1.50267e-20)
(0.0261361 -0.00577217 1.37473e-21)
(0.0535289 -0.0110403 1.04115e-20)
(0.0688217 -0.014067 0)
(0.076339 -0.0163585 1.32972e-20)
(0.0790773 -0.0182604 -1.23724e-20)
(0.0790331 -0.0198595 -3.6408e-21)
(0.0774936 -0.021172 1.00181e-20)
(0.0752648 -0.0221982 0)
(0.0728567 -0.0228652 0)
(0.0705964 -0.0231928 0)
(0.0272749 -0.00437573 -1.45519e-21)
(0.0544738 -0.00896305 -4.27655e-21)
(0.068803 -0.0127661 5.18287e-21)
(0.0752718 -0.0162535 6.99349e-21)
(0.0771117 -0.0195275 6.14645e-21)
(0.0763979 -0.0225258 3.82111e-21)
(0.0744138 -0.0251954 0)
(0.0719285 -0.0275079 6.00124e-21)
(0.0693875 -0.0294016 -2.84232e-21)
(0.0670584 -0.030956 0)
(0.0276873 -0.00287048 0)
(0.0541376 -0.00695064 8.61758e-21)
(0.0673781 -0.0117676 -5.18195e-21)
(0.0728638 -0.0166095 -4.7037e-21)
(0.0739626 -0.0213348 6.701e-23)
(0.0727634 -0.0257489 -1.85464e-21)
(0.0705087 -0.0297491 1.75784e-21)
(0.0679054 -0.0333003 0)
(0.065339 -0.0363768 -2.77824e-21)
(0.0630277 -0.0390945 -2.51698e-21)
(0.0273026 -0.00139003 2.04439e-22)
(0.0524895 -0.00519847 -3.33405e-21)
(0.0646035 -0.0112205 -3.33352e-22)
(0.0692433 -0.0175087 1.61934e-23)
(0.0698018 -0.0236961 -1.62377e-21)
(0.0683184 -0.0294821 0)
(0.0659638 -0.0347378 -1.75745e-21)
(0.0633722 -0.0394412 0)
(0.0608681 -0.0436106 0)
(0.0586207 -0.047378 0)
(0.0261531 -7.57073e-05 -4.3257e-22)
(0.0495954 -0.0038964 0)
(0.0606051 -0.0112607 0)
(0.0645787 -0.0190171 -1.98143e-21)
(0.064816 -0.0266143 5.4315e-22)
(0.0632482 -0.033679 -4.00657e-23)
(0.0609516 -0.040078 -9.33731e-22)
(0.0584858 -0.0458166 0)
(0.0561199 -0.0509551 0)
(0.0539781 -0.0556306 0)
(0.0242647 0.000947421 0)
(0.0455574 -0.00319937 -1.63293e-21)
(0.0555376 -0.0119977 1.506e-21)
(0.0590483 -0.0211869 2.61305e-21)
(0.0591835 -0.0300921 0)
(0.0577179 -0.038305 2.06603e-21)
(0.0556203 -0.0457095 -1.92133e-21)
(0.0533804 -0.0523465 0)
(0.051222 -0.0583124 2.93572e-21)
(0.0492324 -0.0637421 -2.84755e-21)
(0.0216491 0.00154875 0)
(0.0404923 -0.00326298 1.39976e-20)
(0.0495736 -0.0135304 0)
(0.0528419 -0.02406 1.11426e-20)
(0.0530866 -0.0341274 0)
(0.0518908 -0.0433295 -8.78811e-21)
(0.0501135 -0.0515845 0)
(0.0481844 -0.0589732 6.74157e-21)
(0.0462944 -0.0656203 -6.31401e-21)
(0.0445029 -0.0716515 -5.79542e-21)
(0.0184027 0.00160819 -3.87808e-21)
(0.0345892 -0.00422103 -6.80569e-21)
(0.0429253 -0.0159369 -3.23446e-21)
(0.0461627 -0.0276648 -5.60201e-21)
(0.0467043 -0.0387147 -5.11856e-21)
(0.0459183 -0.0487272 4.43233e-21)
(0.0445589 -0.0576685 4.05084e-21)
(0.0430095 -0.0656599 2.35707e-22)
(0.0414402 -0.0728452 6.47501e-21)
(0.039889 -0.0793341 5.80139e-21)
(0.0146688 0.00103218 -4.14719e-21)
(0.0280784 -0.00617013 -7.2131e-21)
(0.0358251 -0.0192672 -1.2968e-20)
(0.0392183 -0.0320143 5.9112e-21)
(0.0402107 -0.0438433 0)
(0.0399431 -0.0544756 0)
(0.0390739 -0.0639354 -7.92576e-21)
(0.0379557 -0.0723829 -7.05497e-21)
(0.0367493 -0.0799724 6.54804e-21)
(0.0354735 -0.0867891 -5.70777e-21)
(0.0106159 -0.000240249 4.1097e-21)
(0.0212136 -0.00916545 3.46595e-21)
(0.0285151 -0.0235424 -2.04669e-20)
(0.0322165 -0.0371053 2.95531e-20)
(0.0337762 -0.0494965 -5.34109e-21)
(0.0341021 -0.0605521 0)
(0.0337681 -0.0703624 0)
(0.0331108 -0.0791246 3.66214e-20)
(0.0322919 -0.0869948 -3.3054e-20)
(0.031317 -0.0940245 -1.81123e-20)
(0.00642881 -0.00223326 3.49238e-20)
(0.0142606 -0.0132183 0)
(0.0212399 -0.0287536 2.68796e-20)
(0.0253631 -0.0429185 -2.37728e-20)
(0.0275686 -0.0556512 0)
(0.0285308 -0.066933 9.20924e-21)
(0.0287485 -0.0769252 -2.54156e-20)
(0.0285545 -0.0858618 -2.95726e-20)
(0.0281242 -0.0939004 1.37667e-20)
(0.02746 -0.101045 1.25103e-20)
(0.00229794 -0.00493234 -7.00103e-20)
(0.00748605 -0.0182952 -7.53063e-21)
(0.0142396 -0.0348621 -1.36179e-20)
(0.0188587 -0.0494192 -3.02638e-20)
(0.0217552 -0.06228 -1.04607e-20)
(0.0233712 -0.0735971 -9.32712e-21)
(0.0241325 -0.0836047 -1.49825e-22)
(0.0243738 -0.0925732 0)
(0.0242996 -0.100669 0)
(0.0239334 -0.107838 2.56186e-20)
(-0.00159166 -0.00828518 3.50871e-20)
(0.00114536 -0.0243192 -3.04595e-20)
(0.00774155 -0.0418004 2.05664e-20)
(0.0128946 -0.0565595 4.20895e-20)
(0.0165037 -0.0693563 -1.09234e-20)
(0.0187829 -0.0805357 9.31605e-21)
(0.0200811 -0.0904001 8.30357e-21)
(0.0207286 -0.0992502 0)
(0.0209682 -0.107277 0)
(0.0208438 -0.114376 -1.29622e-20)
(-0.00507139 -0.0122058 -4.33997e-21)
(-0.00452853 -0.0311728 3.79149e-20)
(0.00195067 -0.0494733 -6.87152e-21)
(0.00764236 -0.0642804 0)
(0.011971 -0.0768642 0)
(0.0149422 -0.0877828 1.90638e-20)
(0.0168383 -0.097397 0)
(0.0179938 -0.10601 -1.51506e-20)
(0.0186675 -0.113817 4.51527e-22)
(0.0187539 -0.12064 1.33685e-20)
(-0.00799888 -0.0165825 0)
(-0.00933632 -0.038705 0)
(-0.00296135 -0.0577592 -2.6221e-20)
(0.00323622 -0.0725081 0)
(0.0082634 -0.0847997 1.0407e-20)
(0.0119484 -0.0954609 -9.64489e-21)
(0.0145323 -0.104983 0)
(0.016362 -0.113789 0)
(0.0176539 -0.122293 -1.40354e-20)
(0.0181083 -0.13073 2.72987e-20)
(-0.0102481 -0.0212679 0)
(-0.013106 -0.046725 -2.11645e-20)
(-0.00685326 -0.0664989 -5.81819e-21)
(-0.000231323 -0.0811228 -2.29035e-20)
(0.0054078 -0.0930672 -1.035e-20)
(0.00971988 -0.103453 -2.82165e-20)
(0.0128738 -0.112885 0)
(0.0151637 -0.12179 0)
(0.0167328 -0.130449 0)
(0.0173465 -0.138755 3.698e-23)
(-0.0117217 -0.0260758 0)
(-0.0157044 -0.054992 -5.64801e-21)
(-0.00961622 -0.0754876 1.34596e-20)
(-0.00269121 -0.0899506 1.71918e-20)
(0.00342539 -0.101489 4.66152e-22)
(0.00822595 -0.111514 3.01484e-22)
(0.0117942 -0.120705 1.68315e-20)
(0.0143688 -0.129413 -1.54884e-20)
(0.0160856 -0.137754 2.85928e-20)
(0.0168892 -0.145499 -2.76233e-20)
(-0.0123735 -0.030818 -3.72819e-21)
(-0.0170544 -0.0632517 2.05107e-20)
(-0.0111794 -0.0845017 3.06137e-20)
(-0.00409134 -0.0987958 -3.22972e-20)
(0.00235098 -0.10987 2.0315e-20)
(0.00750009 -0.119421 1.85027e-20)
(0.0113621 -0.128184 -8.41456e-21)
(0.0141408 -0.136445 3.08653e-20)
(0.0160014 -0.144219 -1.25443e-22)
(0.0170292 -0.151308 -1.38928e-20)
(-0.0122012 -0.0353069 -3.38516e-21)
(-0.0171289 -0.0712417 3.21667e-21)
(-0.0115064 -0.0933061 0)
(-0.00439651 -0.107456 2.66795e-20)
(0.00221912 -0.118029 -4.84086e-21)
(0.00758626 -0.127005 9.51353e-23)
(0.0116457 -0.135196 -8.25871e-21)
(0.0145782 -0.14286 -2.29124e-20)
(0.0165801 -0.149992 6.01475e-24)
(0.0178192 -0.156465 2.08308e-20)
(-0.0112437 -0.0393635 0)
(-0.0159512 -0.0787024 -1.70338e-20)
(-0.0105965 -0.101664 5.38371e-21)
(-0.00359315 -0.115733 -1.48079e-20)
(0.00305228 -0.125801 4.64602e-21)
(0.0085173 -0.134143 1.01694e-22)
(0.0126891 -0.141675 6.71124e-23)
(0.0157271 -0.148675 1.52104e-20)
(0.0178452 -0.155161 -2.13985e-20)
(0.0192517 -0.161088 2.08632e-20)
(-0.00957837 -0.0428269 1.47371e-21)
(-0.0135934 -0.0853891 1.11956e-20)
(-0.00848647 -0.109347 0)
(-0.00169277 -0.123435 1.458e-20)
(0.00485564 -0.13304 -1.31949e-20)
(0.0103102 -0.140733 -4.2337e-21)
(0.0145165 -0.147569 1.19446e-20)
(0.01761 -0.153885 0)
(0.0198051 -0.159748 0)
(0.0213237 -0.165174 0)
(-0.007316 -0.0455612 -1.31511e-21)
(-0.010174 -0.0910819 -3.46101e-21)
(-0.0052502 -0.116142 4.53553e-21)
(0.00126617 -0.130384 6.64613e-21)
(0.00761437 -0.139609 6.64784e-21)
(0.0129646 -0.146684 4.00626e-21)
(0.0171347 -0.152829 0)
(0.0202333 -0.15847 7.46245e-21)
(0.0224628 -0.163733 -3.46803e-21)
(0.0240388 -0.168682 0)
(-0.00459451 -0.0474567 0)
(-0.00585445 -0.0955912 6.84361e-21)
(-0.000998072 -0.121853 -4.53439e-21)
(0.00521743 -0.136414 -4.36233e-21)
(0.0112923 -0.145384 -8.84196e-23)
(0.0164622 -0.151911 -2.07454e-21)
(0.0205341 -0.157402 1.8728e-21)
(0.023591 -0.162395 0)
(0.0258147 -0.167079 -3.52057e-21)
(0.0274006 -0.171558 -3.53185e-21)
(-0.00157387 -0.0484621 1.31378e-22)
(-0.000837478 -0.0987782 -2.39545e-21)
(0.00412204 -0.126318 -2.76799e-22)
(0.0100653 -0.141374 -3.2438e-23)
(0.015831 -0.150244 -1.52258e-21)
(0.020767 -0.156328 0)
(0.0246911 -0.161229 -1.87218e-21)
(0.027666 -0.165613 0)
(0.0298513 -0.16974 0)
(0.0314111 -0.173743 0)
(0.00158531 -0.0486917 -2.31507e-22)
(0.00465218 -0.10064 0)
(0.00993121 -0.129465 0)
(0.0156865 -0.145168 -1.30807e-21)
(0.0211505 -0.154104 5.12404e-22)
(0.0258267 -0.159871 5.74799e-23)
(0.0295694 -0.164265 -8.78378e-22)
(0.0324321 -0.168088 0)
(0.0345571 -0.171678 0)
(0.0360719 -0.175191 0)
(0.0047662 -0.0481769 0)
(0.010434 -0.101137 -8.60549e-22)
(0.0162526 -0.131198 7.93615e-22)
(0.0219427 -0.147685 1.78936e-21)
(0.0271493 -0.15686 0)
(0.0315687 -0.162459 1.83515e-21)
(0.0351165 -0.16645 -1.7066e-21)
(0.0378508 -0.169774 0)
(0.0399087 -0.172852 3.56347e-21)
(0.0413815 -0.175865 -3.43449e-21)
(0.0078384 -0.0468867 0)
(0.0162989 -0.10025 5.48446e-21)
(0.0228932 -0.131448 0)
(0.0286821 -0.148833 6.22422e-21)
(0.0337136 -0.158429 0)
(0.0379086 -0.164022 -6.72425e-21)
(0.0412687 -0.167729 0)
(0.0438714 -0.170632 7.16782e-21)
(0.0458655 -0.173235 -6.7132e-21)
(0.0473216 -0.175753 -7.08997e-21)
(0.0106774 -0.0448906 -1.27296e-21)
(0.0220339 -0.0980148 -2.87634e-21)
(0.0296434 -0.130189 -1.28969e-21)
(0.0357237 -0.148556 -3.00502e-21)
(0.0407053 -0.15874 -2.97343e-21)
(0.0447432 -0.164496 3.25439e-21)
(0.0479458 -0.168055 3.22636e-21)
(0.0504273 -0.17063 -2.91151e-22)
(0.052364 -0.172813 6.66773e-21)
(0.0538437 -0.174852 7.08289e-21)
(0.013183 -0.0422968 -1.01958e-21)
(0.0274377 -0.0945251 -2.52717e-21)
(0.0362899 -0.127456 -5.33892e-21)
(0.0428779 -0.146829 2.57124e-21)
(0.04797 -0.157741 0)
(0.0519507 -0.163824 0)
(0.05505 -0.16738 -6.94732e-21)
(0.0574361 -0.169736 -7.09644e-21)
(0.0593268 -0.17157 6.87689e-21)
(0.0608589 -0.173151 -7.67757e-21)
(0.0152791 -0.0392259 9.78995e-22)
(0.0323315 -0.0899161 1.36508e-21)
(0.0426239 -0.123323 -6.21922e-21)
(0.0499478 -0.143663 1.30727e-20)
(0.0553401 -0.155402 -2.65331e-21)
(0.0593944 -0.161963 0)
(0.062469 -0.165658 0)
(0.0648007 -0.167912 3.41405e-20)
(0.0666764 -0.169478 -3.42958e-20)
(0.0682891 -0.170648 -2.25399e-20)
(0.0169148 -0.0358054 5.69217e-21)
(0.0365652 -0.0843564 0)
(0.0484499 -0.117902 8.98305e-21)
(0.0567347 -0.139103 -1.02005e-20)
(0.0626374 -0.15172 0)
(0.0669249 -0.158879 6.40869e-21)
(0.0700789 -0.162847 -1.85513e-20)
(0.0724107 -0.165119 -2.72756e-20)
(0.0742948 -0.166518 1.30396e-20)
(0.0760334 -0.167353 1.42388e-20)
(0.0180647 -0.0321636 -1.0754e-20)
(0.0400236 -0.0780379 -1.94565e-21)
(0.0535933 -0.111343 -3.74463e-21)
(0.0630456 -0.133235 -1.12087e-20)
(0.0696788 -0.146721 -5.77111e-21)
(0.0743827 -0.154558 -6.10241e-21)
(0.0777447 -0.15891 2.55091e-22)
(0.0801412 -0.161309 0)
(0.0820346 -0.162643 0)
(0.0839125 -0.163226 2.91357e-20)
(0.0187278 -0.0284237 5.06194e-21)
(0.0426287 -0.0711667 -6.28869e-21)
(0.0579079 -0.103831 5.65914e-21)
(0.0687005 -0.126181 1.60628e-20)
(0.0762827 -0.140466 -4.5856e-21)
(0.081606 -0.149014 6.4268e-21)
(0.0853358 -0.153825 6.66847e-21)
(0.0878914 -0.156435 0)
(0.0897737 -0.157802 0)
(0.091717 -0.158284 -1.41714e-20)
(0.0189259 -0.0247005 -5.56809e-22)
(0.0443424 -0.0639546 8.03148e-21)
(0.0612818 -0.0955748 -1.6062e-21)
(0.0735403 -0.118104 0)
(0.0822752 -0.133055 0)
(0.0884292 -0.14229 1.11207e-20)
(0.0927034 -0.147574 0)
(0.0955078 -0.150368 -1.35615e-20)
(0.0971883 -0.151636 -1.38074e-21)
(0.0986564 -0.151844 1.35015e-20)
(0.0187001 -0.0210923 0)
(0.0451642 -0.056602 0)
(0.0636393 -0.0867937 -6.91783e-21)
(0.0774299 -0.10919 0)
(0.0874969 -0.124625 5.23411e-21)
(0.0947213 -0.134471 -4.85064e-21)
(0.0998515 -0.140189 0)
(0.103455 -0.143041 0)
(0.10599 -0.144068 -1.42632e-20)
(0.108855 -0.144301 2.80127e-20)
(0.0180841 -0.0176652 0)
(0.0451099 -0.049282 -4.27498e-21)
(0.0649309 -0.0777044 -1.44084e-21)
(0.0802558 -0.09965 -7.91538e-21)
(0.0917892 -0.115363 -3.99013e-21)
(0.100297 -0.125755 -1.49129e-20)
(0.106537 -0.131995 0)
(0.111219 -0.135235 0)
(0.114954 -0.136712 0)
(0.118828 -0.13772 3.14268e-22)
(0.0171139 -0.0144761 0)
(0.0442189 -0.0421689 -1.76422e-21)
(0.0651412 -0.0685381 3.4472e-21)
(0.0819318 -0.0897209 6.15686e-21)
(0.0949969 -0.105481 2.21644e-22)
(0.104934 -0.116315 2.89815e-22)
(0.112444 -0.123117 1.09142e-20)
(0.118277 -0.126911 -1.18161e-20)
(0.123111 -0.128935 2.62332e-20)
(0.127772 -0.130334 -2.72904e-20)
(0.0158503 -0.011582 -5.67194e-22)
(0.0425669 -0.0354208 4.352e-21)
(0.0642977 -0.0595141 8.38263e-21)
(0.0824137 -0.0796349 -1.20402e-20)
(0.0970006 -0.0951822 8.00772e-21)
(0.108442 -0.10629 9.0538e-21)
(0.117321 -0.113581 -5.96159e-21)
(0.124341 -0.117911 2.42696e-20)
(0.130162 -0.120414 1.15141e-21)
(0.135461 -0.122045 -1.26324e-20)
(0.0143603 -0.00902346 -7.17177e-22)
(0.0402527 -0.029168 6.81371e-22)
(0.0624655 -0.0508303 0)
(0.0817035 -0.0696163 9.8686e-21)
(0.0977308 -0.0846734 -1.96503e-21)
(0.110689 -0.0958388 4.69115e-22)
(0.120998 -0.103477 -4.81747e-21)
(0.129258 -0.10826 -1.7629e-20)
(0.136066 -0.111175 -9.49669e-22)
(0.141985 -0.113014 1.98693e-20)
(0.0127086 -0.00682283 0)
(0.0373879 -0.0235093 -5.20669e-21)
(0.0597407 -0.0426575 1.65574e-21)
(0.0798468 -0.0598767 -6.02946e-21)
(0.0971688 -0.0741687 1.95793e-21)
(0.111595 -0.0851465 -3.38681e-22)
(0.123353 -0.0929492 -3.10012e-22)
(0.132905 -0.0980603 1.14059e-20)
(0.140753 -0.101303 -1.7886e-20)
(0.147353 -0.103325 1.85828e-20)
(0.0109558 -0.00498726 3.56135e-22)
(0.0340917 -0.0185136 3.41097e-21)
(0.0562439 -0.0351361 0)
(0.0769291 -0.0506079 6.03569e-21)
(0.0953437 -0.0638793 -6.19833e-21)
(0.111131 -0.0744128 -2.46907e-21)
(0.124308 -0.0821646 7.30189e-21)
(0.135173 -0.0874444 0)
(0.144117 -0.0909016 0)
(0.151485 -0.0930605 0)
(0.00915725 -0.00351172 -4.35991e-22)
(0.0304847 -0.0142216 -1.48959e-21)
(0.0521129 -0.0283745 1.95751e-21)
(0.0730688 -0.0419768 3.10136e-21)
(0.0923286 -0.0540046 3.24266e-21)
(0.109312 -0.063841 2.2479e-21)
(0.123827 -0.0713081 0)
(0.135991 -0.0765667 5.50475e-21)
(0.146067 -0.0800989 -2.45171e-21)
(0.154282 -0.0823279 0)
(0.00736147 -0.00238134 0)
(0.0266832 -0.0106486 2.91099e-21)
(0.0474936 -0.0224485 -1.9571e-21)
(0.0684087 -0.0341205 -2.02808e-21)
(0.0882347 -0.0447258 -6.35734e-23)
(0.106201 -0.0536308 -1.19519e-21)
(0.12192 -0.0605748 1.17562e-21)
(0.135326 -0.0656031 0)
(0.146537 -0.0690472 -2.70364e-21)
(0.155655 -0.0712488 -2.99513e-21)
(0.00561522 -0.00157383 5.73102e-23)
(0.0228022 -0.00778782 -1.14254e-21)
(0.0425391 -0.0174038 -1.4839e-22)
(0.0631119 -0.0271459 -2.56134e-23)
(0.0832071 -0.0362021 -8.15263e-22)
(0.101904 -0.0439732 0)
(0.118645 -0.0501644 -1.17529e-21)
(0.133186 -0.0547435 0)
(0.145495 -0.0579147 0)
(0.155537 -0.0599551 0)
(0.00397924 -0.0010604 -1.24246e-22)
(0.0189779 -0.00561265 0)
(0.0374352 -0.0132567 0)
(0.0573895 -0.0211282 -8.2324e-22)
(0.0774542 -0.0285666 3.12569e-22)
(0.0966026 -0.0350453 5.65345e-23)
(0.114137 -0.0402771 -5.48169e-22)
(0.129656 -0.0441905 0)
(0.142974 -0.046888 0)
(0.153914 -0.0485945 0)
(0.00247695 -0.000805943 0)
(0.0152899 -0.00407244 -5.98859e-22)
(0.0323122 -0.00998037 5.5224e-22)
(0.0514047 -0.0160864 1.1074e-21)
(0.0711505 -0.0218932 0)
(0.0904596 -0.0269718 1.17881e-21)
(0.108532 -0.0310751 -1.0962e-21)
(0.124833 -0.0341261 0)
(0.139032 -0.0361517 2.60318e-21)
(0.150808 -0.0373289 -2.48522e-21)
(0.00110922 -0.000776784 0)
(0.0117887 -0.00311226 5.00493e-21)
(0.0272736 -0.00753535 0)
(0.0453067 -0.0120198 4.73657e-21)
(0.0644752 -0.0162332 0)
(0.0836633 -0.0198575 -4.57315e-21)
(0.102006 -0.0227082 0)
(0.118868 -0.0247312 4.92162e-21)
(0.133784 -0.025903 -4.60942e-21)
(0.146291 -0.0263511 -5.04677e-21)
(-0.000112493 -0.000940677 -1.2833e-21)
(0.00853069 -0.00267237 -2.471e-21)
(0.0224247 -0.00586705 -1.21229e-21)
(0.0392466 -0.00890275 -2.26607e-21)
(0.0576141 -0.0116065 -2.28197e-21)
(0.0764177 -0.0137752 2.18923e-21)
(0.0947629 -0.0152999 2.21679e-21)
(0.111946 -0.0161702 -2.22278e-22)
(0.127387 -0.0163346 4.54981e-21)
(0.140483 -0.0158636 5.04758e-21)
(-0.00117758 -0.00126583 -1.29522e-21)
(0.00556336 -0.0026875 -2.74615e-21)
(0.0178575 -0.00490517 -5.39597e-21)
(0.0333614 -0.00668335 2.43827e-21)
(0.0507435 -0.00799843 0)
(0.0689261 -0.00875994 0)
(0.0870169 -0.00893949 -4.78244e-21)
(0.104278 -0.00858276 -4.79222e-21)
(0.120036 -0.00762683 4.65611e-21)
(0.133552 -0.00607171 -5.55722e-21)
(-0.00208002 -0.00172128 1.42125e-21)
(0.00292129 -0.0030888 1.51172e-21)
(0.0136447 -0.00456708 -8.3291e-21)
(0.0277659 -0.00528666 1.30837e-20)
(0.0440184 -0.0053615 -2.42034e-21)
(0.0613761 -0.00480759 0)
(0.0789759 -0.00367694 0)
(0.0960798 -0.00207738 2.34116e-20)
(0.111949 5.49972e-05 -2.32275e-20)
(0.125711 0.00281318 -1.52742e-20)
(-0.00281742 -0.00227673 1.18054e-20)
(0.000627249 -0.00380486 0)
(0.00983958 -0.00476043 1.09738e-20)
(0.0225498 -0.00461795 -1.0464e-20)
(0.0375663 -0.00361694 0)
(0.0539281 -0.0018729 4.95094e-21)
(0.0708238 0.00048343 -1.40675e-20)
(0.0875493 0.00327772 -1.87557e-20)
(0.103338 0.00656622 8.9138e-21)
(0.117195 0.0105709 9.46312e-21)
(-0.00338995 -0.00290229 -2.41712e-20)
(-0.00130621 -0.00476267 -3.08886e-21)
(0.00647753 -0.00538551 -5.99058e-21)
(0.0177782 -0.00456559 -1.3838e-20)
(0.0314838 -0.00265598 -5.26655e-21)
(0.0467051 0.00013412 -5.12313e-21)
(0.0626991 0.00359497 -1.32457e-22)
(0.0788304 0.00747579 0)
(0.0943618 0.0118039 0)
(0.108214 0.0169836 1.8922e-20)
(-0.00379992 -0.00356821 1.2366e-20)
(-0.00287552 -0.00588891 -1.28499e-20)
(0.00357852 -0.00633834 8.74518e-21)
(0.0134945 -0.00500472 1.96378e-20)
(0.025839 -0.00234112 -5.27573e-21)
(0.0397907 0.00135487 4.90396e-21)
(0.0546734 0.00578954 4.83073e-21)
(0.0699371 0.0106092 0)
(0.0849424 0.015735 0)
(0.0986653 0.0218048 -9.13488e-21)
(-0.00405208 -0.00424544 -1.6485e-21)
(-0.00408474 -0.00711196 1.61611e-20)
(0.00115017 -0.00751524 -3.0514e-21)
(0.00972745 -0.00580373 0)
(0.0206871 -0.00250919 0)
(0.033257 0.00199922 1.02275e-20)
(0.0467878 0.00735371 0)
(0.0607388 0.0130786 -9.63922e-21)
(0.074517 0.0187845 -2.75851e-22)
(0.0873146 0.0250701 8.90686e-21)
(-0.00415369 -0.00490677 0)
(-0.00494512 -0.00836576 0)
(-0.000810211 -0.00882099 -1.29278e-20)
(0.00649731 -0.00684083 0)
(0.0160904 -0.00300085 5.67001e-21)
(0.0272342 0.00231118 -5.25448e-21)
(0.0392629 0.00876407 0)
(0.051534 0.0160467 0)
(0.0634688 0.0239649 -9.85956e-21)
(0.0747856 0.0333964 1.92656e-20)
(-0.00411185 -0.00552376 0)
(-0.00547264 -0.00959104 -1.06327e-20)
(-0.00231316 -0.0101758 -3.62202e-21)
(0.00381761 -0.00802487 -1.2482e-20)
(0.0121201 -0.00372852 -5.88514e-21)
(0.0219249 0.00233811 -1.64059e-20)
(0.0326255 0.00989756 0)
(0.0436753 0.0187614 0)
(0.0547823 0.02882 0)
(0.0659542 0.0403593 2.42936e-22)
(-0.00393705 -0.00606654 0)
(-0.00569103 -0.0107335 -4.03688e-21)
(-0.0033792 -0.0115149 6.37609e-21)
(0.00168336 -0.00929359 9.34818e-21)
(0.0087986 -0.00465831 -3.0988e-22)
(0.0173832 0.00203149 -2.82762e-22)
(0.0269203 0.0105184 1.06847e-20)
(0.0369754 0.0206161 -1.02048e-20)
(0.0473572 0.0321372 1.99319e-20)
(0.0579324 0.0449125 -1.9688e-20)
(-0.00364678 -0.00651266 -1.9053e-21)
(-0.00563137 -0.011751 1.08459e-20)
(-0.00403802 -0.0127899 1.71149e-20)
(7.08516e-05 -0.0106043 -1.96967e-20)
(0.006105 -0.00577213 1.19326e-20)
(0.0135704 0.00135754 1.12124e-20)
(0.0220338 0.0105211 -5.3229e-21)
(0.0311358 0.0214789 2.06782e-20)
(0.0406913 0.0339234 5.07497e-22)
(0.0504411 0.0474357 -9.74151e-21)
(-0.003262 -0.00684609 -1.97892e-21)
(-0.00532837 -0.0126144 1.88024e-21)
(-0.00432296 -0.0139674 0)
(-0.0010497 -0.0119268 1.65108e-20)
(0.0040087 -0.00705249 -3.09908e-21)
(0.0104448 0.000314923 -3.01255e-23)
(0.0178986 0.00989867 -5.49935e-21)
(0.0260637 0.0214058 -1.60154e-20)
(0.0347391 0.0344385 -4.44641e-23)
(0.0436044 0.04845 1.52539e-20)
(-0.00280506 -0.00705694 0)
(-0.00481732 -0.0133081 -1.17661e-20)
(-0.0042653 -0.0150273 3.6094e-21)
(-0.0017041 -0.0132396 -1.0337e-20)
(0.00248557 -0.00847976 3.17523e-21)
(0.00797818 -0.00107768 -1.18873e-22)
(0.0144794 0.00868204 -1.1274e-22)
(0.0217244 0.0204724 1.07869e-20)
(0.0294972 0.0338482 -1.5575e-20)
(0.037463 0.0482081 1.53098e-20)
(-0.00229916 -0.00714295 1.03413e-21)
(-0.00413061 -0.0138302 7.85177e-21)
(-0.00388836 -0.0159604 0)
(-0.0019069 -0.0145262 1.04163e-20)
(0.00152645 -0.0100299 -9.87531e-21)
(0.00616191 -0.00278619 -3.10577e-21)
(0.0117657 0.006923 8.63856e-21)
(0.0181113 0.0187601 0)
(0.0249788 0.0322689 0)
(0.0320495 0.0468419 0)
(-0.00176612 -0.00711157 -1.06049e-21)
(-0.00329292 -0.0141902 -3.07539e-21)
(-0.00320343 -0.0167678 3.82825e-21)
(-0.00165635 -0.0157727 5.39317e-21)
(0.00114368 -0.0116717 4.96554e-21)
(0.00501483 -0.00476037 3.19041e-21)
(0.00978066 0.00469363 0)
(0.0152554 0.0163642 5.69372e-21)
(0.0212297 0.0298122 -2.61627e-21)
(0.0274177 0.0444573 0)
(-0.00122297 -0.00697864 0)
(-0.00231853 -0.0144096 6.15646e-21)
(-0.00220742 -0.0174584 -3.82742e-21)
(-0.000931236 -0.0169656 -3.59577e-21)
(0.00137425 -0.0133652 1.29766e-24)
(0.00458657 -0.00693239 -1.59172e-21)
(0.00858421 0.00208767 1.54012e-21)
(0.0132263 0.0133983 0)
(0.01833 0.0265997 -2.71596e-21)
(0.0236469 0.0411632 -2.69799e-21)
(-0.000680304 -0.00677158 1.3628e-22)
(-0.0012095 -0.0145234 -2.33706e-21)
(-0.000881351 -0.0180472 -2.52419e-22)
(0.00030882 -0.0180894 -9.62894e-24)
(0.00227859 -0.0150583 -1.29436e-21)
(0.00495588 -0.0092135 0)
(0.00827098 -0.000774071 -1.53968e-21)
(0.0121319 0.0100046 0)
(0.0163958 0.0227799 0)
(0.0208497 0.0370958 0)
)
;

boundaryField
{
    inlet
    {
        type            uniformFixedValue;
        uniformValue    constant (1 0 0);
        value           uniform (1 0 0);
    }
    outlet
    {
        type            pressureInletOutletVelocity;
        value           nonuniform List<vector> 
40
(
(0.0176363 0.0363734 0)
(0.0264077 0.112496 0)
(0.0291074 0.181688 0)
(0.0260111 0.24619 0)
(0.0217223 0.316757 0)
(0.0180075 0.39515 0)
(0.0128234 0.480788 0)
(0.00880528 0.579861 0)
(0.00181551 0.697452 0)
(0.000781908 0.80554 0)
(0 -0.00526388 0)
(0 -0.0218867 0)
(0 -0.0374167 0)
(0 -0.051768 0)
(0 -0.0649106 0)
(0 -0.0768621 0)
(0 -0.0876755 0)
(0 -0.0974261 0)
(0 -0.106199 0)
(0 -0.114082 0)
(0 -0.121159 0)
(0 -0.127511 0)
(0 -0.133216 0)
(0 -0.138349 0)
(0 -0.14299 0)
(0 -0.147217 0)
(0 -0.151113 0)
(0 -0.154762 0)
(0 -0.15825 0)
(0 -0.161664 0)
(0 -0.169789 0)
(0 -0.187118 0)
(0 -0.212072 0)
(0 -0.247286 0)
(0 -0.293526 0)
(0 -0.347774 0)
(0 -0.402645 0)
(0 -0.448987 0)
(0 -0.480793 0)
(0 -0.496556 0)
)
;
    }
    cylinder
    {
        type            fixedValue;
        value           uniform (0 0 0);
    }
    top
    {
        type            symmetryPlane;
    }
    bottom
    {
        type            symmetryPlane;
    }
    defaultFaces
    {
        type            empty;
    }
}


// ************************************************************************* //
