/*--------------------------------*- C++ -*----------------------------------*\
  =========                 |
  \\      /  F ield         | OpenFOAM: The Open Source CFD Toolbox
   \\    /   O peration     | Website:  https://openfoam.org
    \\  /    A nd           | Version:  7
     \\/     M anipulation  |
\*---------------------------------------------------------------------------*/
FoamFile
{
    version     2.0;
    format      ascii;
    class       volVectorField;
    location    "14.6";
    object      U;
}
// * * * * * * * * * * * * * * * * * * * * * * * * * * * * * * * * * * * * * //

dimensions      [0 1 -1 0 0 0 0];

internalField   nonuniform List<vector> 
2000
(
(0.00407326 -1.70894e-05 -1.75315e-22)
(0.0254652 0.048502 0)
(0.066482 0.120278 0)
(0.112094 0.200294 -1.85485e-21)
(0.154085 0.275842 1.00381e-21)
(0.186485 0.338514 4.10354e-22)
(0.207181 0.384999 -1.81516e-21)
(0.217141 0.415821 0)
(0.218331 0.433704 0)
(0.215465 0.441832 0)
(0.00408877 -0.0059021 0)
(0.0196171 0.0309416 -1.24574e-21)
(0.050787 0.0930192 1.14851e-21)
(0.0872715 0.167354 2.56958e-21)
(0.123524 0.242801 0)
(0.1542 0.310364 3.55528e-21)
(0.176232 0.364742 -3.30592e-21)
(0.189192 0.404317 0)
(0.193783 0.430181 1.02144e-20)
(0.193747 0.444946 -2.05247e-20)
(0.00498052 -0.0107359 0)
(0.0166281 0.0156966 1.07612e-20)
(0.0396357 0.0679208 0)
(0.0673521 0.134727 1.07812e-20)
(0.0966293 0.207001 0)
(0.123461 0.276364 -1.16692e-20)
(0.144733 0.336527 0)
(0.159144 0.384089 1.65737e-20)
(0.166348 0.418323 -1.55226e-20)
(0.168637 0.440906 -1.76958e-20)
(0.0064505 -0.0145794 -2.72147e-21)
(0.0157012 0.00285136 -5.26567e-21)
(0.0321785 0.045583 -2.68337e-21)
(0.052117 0.103845 -5.08361e-21)
(0.0741472 0.170472 -5.2628e-21)
(0.0957294 0.238432 5.5024e-21)
(0.114341 0.301484 5.73493e-21)
(0.128411 0.355184 -1.80065e-21)
(0.137017 0.397199 1.40453e-20)
(0.140566 0.427976 1.76934e-20)
(0.00818836 -0.0174607 -2.83221e-21)
(0.0159878 -0.0076263 -6.2067e-21)
(0.0273001 0.0262337 -1.23558e-20)
(0.0407238 0.0756066 5.53937e-21)
(0.0560303 0.134926 0)
(0.0718669 0.198701 0)
(0.0865379 0.261482 -1.26402e-20)
(0.0986581 0.318615 -1.37678e-20)
(0.1073 0.366784 1.3447e-20)
(0.110561 0.404875 4.75821e-20)
(0.00986497 -0.0193789 3.2732e-21)
(0.0166481 -0.015849 3.47418e-21)
(0.023809 0.00980507 -1.93968e-20)
(0.0319661 0.0503522 3.0069e-20)
(0.0415383 0.101457 -5.54531e-21)
(0.0519462 0.159006 0)
(0.0622226 0.218651 0)
(0.0713781 0.276169 6.21407e-20)
(0.0789246 0.328081 -6.54967e-20)
(0.0802739 0.37136 1.50188e-20)
(0.0111376 -0.0203087 2.89565e-20)
(0.0169231 -0.0219609 0)
(0.0206308 -0.00392547 2.53987e-20)
(0.0246058 0.0280281 -2.40686e-20)
(0.0295808 0.0705315 0)
(0.0353926 0.120571 1.18917e-20)
(0.0415642 0.174861 -3.44291e-20)
(0.0475351 0.229922 -4.90375e-20)
(0.0534273 0.282851 2.35393e-20)
(0.0516862 0.328115 2.69482e-20)
(0.0116719 -0.0202236 -6.02939e-20)
(0.0162147 -0.0261064 -7.35015e-21)
(0.0169733 -0.015185 -1.43974e-20)
(0.0176767 0.00845761 -3.28972e-20)
(0.0191422 0.0422655 -1.26005e-20)
(0.021382 0.0840742 -1.29784e-20)
(0.0241956 0.131465 -1.10615e-21)
(0.0274482 0.181766 0)
(0.0317675 0.233033 0)
(0.026973 0.27722 -2.55595e-21)
(0.0111867 -0.0191386 3.13383e-20)
(0.0141549 -0.0284094 -3.14325e-20)
(0.0124395 -0.0240816 2.08127e-20)
(0.0106908 -0.00838714 4.70974e-20)
(0.00963256 0.0168234 -1.27983e-20)
(0.00929665 0.0500477 1.1461e-20)
(0.00963624 0.0895029 1.22925e-20)
(0.0109626 0.133262 0)
(0.0143845 0.18023 0)
(0.00812243 0.219895 2.63667e-21)
(0.00951441 -0.0171405 -4.31945e-21)
(0.0106653 -0.0289724 3.9556e-20)
(0.00707352 -0.0305426 -7.48504e-21)
(0.00371818 -0.0221949 0)
(0.00106635 -0.00519398 0)
(-0.000957605 0.0194413 2.63232e-20)
(-0.00234906 0.0503344 0)
(-0.00241482 0.0859717 -2.85502e-20)
(0.000817804 0.125125 -1.43126e-21)
(-0.00079614 0.156616 2.66997e-20)
(0.191343 0.443348 1.21468e-21)
(0.151467 0.421676 -1.23808e-21)
(0.117147 0.404256 -1.54426e-21)
(0.0908477 0.394543 -1.68496e-21)
(0.061678 0.389976 -1.85069e-21)
(0.0393879 0.388794 -7.00984e-24)
(0.0124771 0.391894 9.45976e-22)
(-0.00243133 0.40293 2.98437e-21)
(-0.0215306 0.422822 0)
(-0.0120266 0.461202 -2.06199e-21)
(0.178995 0.452943 3.30171e-21)
(0.143852 0.431543 -5.65466e-21)
(0.112325 0.413077 1.02325e-20)
(0.0879768 0.402747 1.68798e-21)
(0.0605772 0.397671 3.47878e-21)
(0.0399925 0.395919 5.52105e-21)
(0.0146976 0.398207 -1.93406e-21)
(0.000932503 0.407667 -1.98493e-21)
(-0.0171557 0.424449 3.93228e-21)
(-0.00952193 0.456442 2.05718e-21)
(0.164668 0.459519 0)
(0.135652 0.440325 -4.95138e-21)
(0.1075 0.421525 -2.99789e-21)
(0.0851791 0.410501 0)
(0.059532 0.404811 -1.049e-20)
(0.040647 0.40248 3.40457e-21)
(0.0169017 0.40395 3.57615e-21)
(0.00414662 0.411958 1.12983e-20)
(-0.0131136 0.425983 -3.91952e-21)
(-0.00722833 0.452702 7.78333e-21)
(0.148182 0.461687 0)
(0.126623 0.447122 4.99501e-21)
(0.102499 0.429161 0)
(0.082323 0.4176 1.28926e-20)
(0.0584536 0.411311 -1.29564e-20)
(0.0412693 0.408455 -7.08727e-21)
(0.0190318 0.409151 -1.94339e-22)
(0.00719159 0.41588 -1.10878e-20)
(-0.00935225 0.427547 -1.85118e-21)
(-0.0051136 0.449938 -9.62915e-21)
(0.129412 0.458444 5.59041e-21)
(0.116808 0.4524 -1.04465e-20)
(0.0974799 0.436557 1.33866e-21)
(0.0794863 0.424312 -1.16046e-20)
(0.0573731 0.417322 0)
(0.0418482 0.413937 -6.89603e-21)
(0.0210472 0.4139 -1.7278e-22)
(0.0100113 0.419473 1.43812e-20)
(-0.00594988 0.429147 1.82617e-21)
(-0.00323486 0.447822 -1.83319e-21)
(0.108735 0.447621 -2.48321e-20)
(0.105784 0.453713 2.0056e-20)
(0.0919088 0.442172 1.12641e-20)
(0.0763657 0.43001 -1.1252e-20)
(0.0561122 0.422597 -6.21118e-21)
(0.0422524 0.418761 0)
(0.0229228 0.418157 -1.35961e-20)
(0.012729 0.422853 6.74897e-21)
(-0.00273426 0.430983 6.99026e-21)
(-0.00152817 0.446639 7.0051e-21)
(0.0865226 0.430507 -2.93411e-21)
(0.0945351 0.454573 0)
(0.086546 0.448154 0)
(0.0733554 0.435692 0)
(0.0549207 0.427701 -6.35706e-21)
(0.0426137 0.423302 1.25457e-20)
(0.0245844 0.422055 1.33845e-20)
(0.0150345 0.425848 -2.01224e-20)
(-4.44685e-05 0.432562 3.4062e-21)
(-0.000112142 0.445634 -1.03131e-20)
(0.0635958 0.401676 1.51063e-20)
(0.0812323 0.447319 1.88759e-20)
(0.0797482 0.449866 -1.86849e-20)
(0.0697536 0.439517 2.33406e-20)
(0.0533091 0.431631 -2.9012e-20)
(0.042603 0.426888 0)
(0.0261976 0.425445 -6.32314e-21)
(0.0176603 0.428949 1.77256e-22)
(0.00295566 0.434946 -6.44877e-21)
(0.00133735 0.446257 -6.46133e-21)
(0.0416912 0.374207 -1.25047e-20)
(0.0703201 0.445779 0)
(0.0739979 0.454222 -2.35117e-20)
(0.0665232 0.444634 4.36407e-20)
(0.0520628 0.436434 -1.65944e-20)
(0.0426729 0.43093 -2.99771e-21)
(0.0271108 0.428551 6.30966e-21)
(0.0188581 0.431049 4.82553e-23)
(0.00450164 0.435825 9.46753e-21)
(0.00219634 0.445213 9.48124e-21)
(0.0183215 0.319707 -1.39762e-20)
(0.0532831 0.424333 1.35637e-20)
(0.0652185 0.449493 2.35743e-21)
(0.0624616 0.445765 0)
(0.0498955 0.438205 0)
(0.0422502 0.432899 2.89427e-21)
(0.0292077 0.431355 1.17975e-20)
(0.0227169 0.434789 -1.15946e-20)
(0.00853465 0.440169 -2.93537e-21)
(0.00387247 0.449245 2.88812e-21)
(-0.00769374 0.296221 0)
(0.0344721 0.423975 0)
(0.046029 0.456536 0)
(0.0510683 0.459786 0)
(0.0465974 0.453591 0)
(0.0403412 0.444137 0)
(0.0239693 0.435775 0)
(0.0152497 0.433489 0)
(0.0035806 0.433921 0)
(0.00275986 0.437977 0)
(-0.0293658 0.256766 0)
(0.0218148 0.399591 0)
(0.0284705 0.442081 0)
(0.0328495 0.446472 0)
(0.0302298 0.44227 0)
(0.0366347 0.444753 0)
(0.036421 0.450344 0)
(0.036005 0.457008 0)
(0.0223166 0.46547 0)
(0.0103184 0.47422 0)
(-0.020837 0.265492 0)
(0.0046105 0.368189 0)
(0.0204395 0.435355 0)
(0.0410277 0.460532 0)
(0.0380492 0.457932 0)
(0.0288278 0.449793 0)
(0.0145884 0.446725 0)
(0.010855 0.446295 0)
(0.0019852 0.448115 0)
(0.00289949 0.452733 0)
(0.0283668 0.318966 0)
(0.00577433 0.350962 0)
(0.00149778 0.395281 0)
(0.0192051 0.424904 0)
(0.0303684 0.443906 0)
(0.0404561 0.456663 0)
(0.0350586 0.46562 0)
(0.0298415 0.476172 0)
(0.0138144 0.484715 0)
(0.00616444 0.49084 0)
(0.0979934 0.393314 0)
(0.0529912 0.39619 0)
(0.034231 0.421117 0)
(0.0359069 0.438185 0)
(0.029742 0.444959 0)
(0.0281355 0.451148 0)
(0.0194147 0.45446 0)
(0.0166825 0.459042 0)
(0.00696719 0.462076 0)
(0.00419063 0.463335 0)
(0.162326 0.441302 0)
(0.109908 0.424601 0)
(0.0653554 0.414188 0)
(0.0533299 0.42179 0)
(0.0507685 0.44008 0)
(0.0550562 0.462032 0)
(0.0484834 0.481307 0)
(0.0420919 0.49783 0)
(0.02703 0.508429 0)
(0.0121266 0.513184 0)
(0.21026 0.479242 0)
(0.188136 0.497621 0)
(0.14767 0.487294 0)
(0.109283 0.465409 0)
(0.0755612 0.451717 0)
(0.0583831 0.452741 0)
(0.0431787 0.461442 0)
(0.0345623 0.473278 0)
(0.0223207 0.483833 0)
(0.0113865 0.490901 0)
(0.225137 0.45325 0)
(0.216448 0.485584 0)
(0.191527 0.490909 0)
(0.166265 0.486911 0)
(0.13583 0.486375 0)
(0.112786 0.496484 0)
(0.0879542 0.512061 0)
(0.0676323 0.528164 0)
(0.0414273 0.543037 0)
(0.0174472 0.55737 0)
(0.242896 0.459554 0)
(0.263633 0.535965 0)
(0.243744 0.547557 0)
(0.20972 0.528105 0)
(0.165236 0.504379 0)
(0.127824 0.495304 0)
(0.0925403 0.500286 0)
(0.0670569 0.512138 0)
(0.0382217 0.525308 0)
(0.0147624 0.540004 0)
(0.198412 0.340727 0)
(0.253728 0.470853 0)
(0.269604 0.539928 0)
(0.262282 0.565563 0)
(0.231937 0.569386 0)
(0.194943 0.571465 0)
(0.150238 0.579071 0)
(0.109011 0.591511 0)
(0.0635349 0.605149 0)
(0.0223692 0.618674 0)
(-0.0321619 0.146854 1.54504e-20)
(-0.0106282 0.177013 -1.51594e-20)
(0.0380746 0.251374 2.06812e-21)
(0.0980927 0.333799 0)
(0.151867 0.403365 0)
(0.189974 0.431784 1.17696e-21)
(0.210188 0.438326 -3.25477e-21)
(0.207689 0.391185 3.19707e-21)
(0.196163 0.356473 2.1854e-22)
(0.15049 0.23045 -2.13856e-22)
(-0.0121307 0.099101 -1.56018e-20)
(0.0183268 0.163877 0)
(0.0710781 0.26327 1.27949e-20)
(0.124376 0.349702 -2.71099e-20)
(0.166165 0.408523 1.5096e-20)
(0.192986 0.423363 -1.17613e-21)
(0.202314 0.414184 1.74599e-21)
(0.19295 0.357142 2.27852e-21)
(0.174706 0.312868 -4.1496e-23)
(0.131854 0.188072 -1.89707e-22)
(0.0124547 0.0782989 1.92481e-20)
(0.0526394 0.178016 -1.55216e-20)
(0.103087 0.28714 1.53784e-20)
(0.146052 0.365587 -1.1573e-20)
(0.175816 0.40783 8.75878e-21)
(0.192006 0.407623 0)
(0.191764 0.383976 -1.74991e-21)
(0.176506 0.318974 -7.66518e-23)
(0.152452 0.266909 -7.90471e-22)
(0.112975 0.146098 -1.25131e-23)
(0.0436119 0.0914863 -3.50704e-21)
(0.0919892 0.211069 0)
(0.132669 0.313892 0)
(0.162696 0.375697 0)
(0.180209 0.399254 6.68969e-21)
(0.186178 0.384345 -4.36356e-21)
(0.177467 0.347815 1.69487e-22)
(0.157224 0.276705 -9.14172e-22)
(0.129587 0.219562 -1.81044e-22)
(0.0945121 0.105317 2.09113e-22)
(0.0861657 0.132659 2.10657e-21)
(0.129913 0.250785 -1.0649e-20)
(0.156247 0.335553 -5.73112e-21)
(0.172618 0.376712 5.72715e-21)
(0.178937 0.381898 -2.29387e-21)
(0.175913 0.353677 0)
(0.160232 0.306422 -1.53941e-21)
(0.136269 0.231501 1.99414e-21)
(0.10704 0.172055 -8.88232e-22)
(0.077156 0.0667311 -2.97609e-23)
(0.13162 0.185703 -2.43956e-20)
(0.160859 0.285653 3.69153e-21)
(0.171915 0.346937 9.14406e-22)
(0.17587 0.367181 5.14711e-21)
(0.172592 0.355852 0)
(0.161903 0.316369 0)
(0.140741 0.260888 0)
(0.114418 0.184628 9.60263e-22)
(0.0854481 0.125522 0)
(0.0612589 0.0313778 0)
(0.172905 0.235588 0)
(0.182735 0.308917 8.10637e-21)
(0.179646 0.345882 -5.39296e-21)
(0.17319 0.347186 -3.86779e-21)
(0.161947 0.321949 3.88736e-21)
(0.144953 0.273552 1.38712e-21)
(0.119837 0.212539 -1.51029e-21)
(0.0925776 0.137475 -3.34267e-21)
(0.0653375 0.0810283 3.18081e-22)
(0.0453165 0.000209136 1.03106e-22)
(0.204398 0.273351 0)
(0.195324 0.317903 -2.71717e-21)
(0.180322 0.332465 -1.00987e-21)
(0.16559 0.317809 0)
(0.147911 0.281495 7.262e-22)
(0.125972 0.226646 -2.14383e-21)
(0.0984284 0.162874 1.71117e-21)
(0.0716457 0.0914815 3.88692e-22)
(0.0471876 0.0398537 -2.87442e-22)
(0.0337266 -0.0264 -2.96181e-23)
(0.223874 0.294803 2.23848e-21)
(0.199609 0.312596 2.02574e-21)
(0.17532 0.308124 -6.02396e-22)
(0.154191 0.280696 3.76342e-22)
(0.131446 0.236075 7.53491e-22)
(0.10591 0.177252 9.44715e-22)
(0.0774366 0.113456 -2.50528e-22)
(0.0524726 0.0480267 -1.898e-22)
(0.0317361 0.00317718 2.88381e-22)
(0.0243184 -0.0485841 1.07883e-23)
(0.232121 0.299431 -4.80025e-22)
(0.197201 0.294709 4.90525e-22)
(0.166104 0.274991 -4.33376e-22)
(0.140102 0.237752 -3.75734e-22)
(0.113518 0.187422 2.93249e-22)
(0.0857292 0.12705 -5.88567e-22)
(0.057725 0.0658018 3.55318e-22)
(0.0357229 0.00822345 8.43288e-23)
(0.0194314 -0.0286289 0)
(0.0167392 -0.0670239 -1.08085e-23)
(0.231539 0.289446 4.12091e-22)
(0.189805 0.266813 -4.20882e-22)
(0.154022 0.235391 -3.15551e-22)
(0.124382 0.190948 -2.81922e-22)
(0.0950903 0.137307 -2.59894e-22)
(0.0663602 0.0776924 2.74659e-23)
(0.0400283 0.0212784 1.11409e-22)
(0.0217863 -0.027076 2.58838e-22)
(0.0102629 -0.0553723 0)
(0.0110267 -0.0823288 -2.23192e-23)
(0.224753 0.268192 0)
(0.178944 0.23156 -1.25123e-21)
(0.140228 0.191563 2.11594e-21)
(0.108001 0.142205 2.82318e-22)
(0.0770778 0.087443 4.5416e-22)
(0.0486284 0.0306906 6.57675e-22)
(0.024908 -0.0190136 -2.07156e-22)
(0.0108545 -0.0574102 -1.61966e-22)
(0.00391893 -0.0773189 2.10308e-22)
(0.00701077 -0.0951489 2.22625e-23)
(0.213824 0.238799 0)
(0.165888 0.191357 -1.09626e-21)
(0.125668 0.145559 -5.40419e-22)
(0.0918028 0.0932992 0)
(0.0602696 0.0393713 -1.28051e-21)
(0.0330663 -0.0127073 4.08422e-22)
(0.0127374 -0.0543952 3.73608e-22)
(0.00296499 -0.0827852 8.91143e-22)
(9.55854e-07 -0.0951326 -2.09621e-22)
(0.0043386 -0.106181 1.04828e-22)
(0.200185 0.203822 0)
(0.151716 0.14834 1.10522e-21)
(0.111169 0.0991801 0)
(0.0764831 0.0457644 1.55873e-21)
(0.0451473 -0.00560223 -1.56694e-21)
(0.0200544 -0.0516156 -7.01336e-22)
(0.00367044 -0.0846136 6.86818e-24)
(-0.00215111 -0.103604 -8.61161e-22)
(-0.00221249 -0.109698 -1.71305e-22)
(0.00263097 -0.116071 -1.6494e-22)
(0.184926 0.165424 9.4502e-21)
(0.137425 0.104375 -3.58228e-21)
(0.0974707 0.0539245 -2.38178e-22)
(0.062395 0.000882394 -1.48753e-21)
(0.032109 -0.0465326 0)
(0.00985492 -0.0855832 -6.54655e-22)
(-0.0024974 -0.109795 8.52302e-23)
(-0.00509511 -0.120509 1.10101e-21)
(-0.00329542 -0.121999 5.74994e-23)
(0.00156355 -0.125454 -5.746e-23)
(0.169056 0.125577 8.32772e-22)
(0.123946 0.0610111 5.20457e-21)
(0.0847956 0.0110229 1.36671e-21)
(0.0499385 -0.040435 -1.36613e-21)
(0.0215061 -0.0828725 -6.26579e-22)
(0.00241537 -0.114479 0)
(-0.00629935 -0.130395 -1.12677e-21)
(-0.00637284 -0.134429 6.09727e-22)
(-0.00352421 -0.132991 4.09953e-22)
(0.000888949 -0.134775 1.03096e-22)
(0.153467 0.0861386 -1.26842e-21)
(0.111565 0.0195162 0)
(0.073528 -0.028668 0)
(0.0395705 -0.0776419 0)
(0.013364 -0.114329 -5.99232e-22)
(-0.00252709 -0.138482 1.22419e-21)
(-0.00817463 -0.147178 1.10302e-21)
(-0.00643326 -0.146385 -1.4509e-21)
(-0.00332376 -0.143434 1.04082e-22)
(0.000440321 -0.144352 -2.05095e-22)
(0.138468 0.0490884 -2.78022e-21)
(0.100299 -0.0193083 3.25631e-21)
(0.0641906 -0.0646577 -3.22681e-21)
(0.031399 -0.110382 2.4108e-21)
(0.00753643 -0.140928 -2.97873e-21)
(-0.00546969 -0.158099 0)
(-0.00854416 -0.161033 -5.48264e-22)
(-0.00581004 -0.157276 1.26697e-23)
(-0.00297436 -0.153892 -2.93371e-22)
(0.000125521 -0.154392 -9.68338e-23)
(0.123869 0.0163183 -1.39693e-21)
(0.0899935 -0.0552997 0)
(0.0568383 -0.0968737 -2.99598e-21)
(0.0255514 -0.138619 5.00144e-21)
(0.00389478 -0.162888 -1.7781e-21)
(-0.00687824 -0.173993 -2.93446e-22)
(-0.00804926 -0.172892 5.47019e-22)
(-0.00494507 -0.167843 7.80845e-23)
(-0.0026384 -0.164726 5.51907e-22)
(-9.46322e-05 -0.165004 1.89089e-22)
(0.113262 -0.0102203 -5.54322e-21)
(0.0809775 -0.0885572 5.39191e-21)
(0.050569 -0.125558 3.82395e-22)
(0.0211203 -0.16258 0)
(0.00195555 -0.18059 0)
(-0.0072513 -0.186842 3.01433e-22)
(-0.00722993 -0.183558 9.89349e-22)
(-0.00416026 -0.178621 -9.71684e-22)
(-0.00238713 -0.176123 -9.37796e-23)
(-0.000229032 -0.176227 9.1763e-23)
(0.114126 -0.0572773 0)
(0.0642321 -0.157469 0)
(0.0320096 -0.185004 0)
(0.0064716 -0.210524 0)
(-0.00352005 -0.214089 0)
(-0.00636863 -0.212059 0)
(-0.00370771 -0.207976 0)
(-0.00159763 -0.205878 0)
(-0.00133602 -0.20498 0)
(-0.000255534 -0.204333 0)
(0.0335777 -0.24749 0)
(-0.000171933 -0.300923 0)
(0.019112 -0.273853 0)
(0.00571051 -0.285753 0)
(0.00514503 -0.268383 0)
(-0.00194145 -0.269012 0)
(-0.00172916 -0.263617 0)
(-0.00117653 -0.264439 0)
(-0.000202868 -0.262473 0)
(-6.97432e-05 -0.26156 0)
(0.0588604 -0.297027 0)
(0.0357129 -0.321594 0)
(0.0345566 -0.301902 0)
(0.0105618 -0.326971 0)
(0.00979637 -0.31286 0)
(-0.00202266 -0.322292 0)
(0.00147536 -0.313183 0)
(0.000553645 -0.316119 0)
(0.00141796 -0.313362 0)
(-0.000163935 -0.3136 0)
(0.0336405 -0.346432 0)
(0.0193723 -0.377553 0)
(0.0149222 -0.36554 0)
(0.00656508 -0.383292 0)
(0.00797375 -0.368849 0)
(-0.000480585 -0.377963 0)
(0.00521959 -0.366933 0)
(-2.51578e-05 -0.373356 0)
(0.00248601 -0.368024 0)
(-0.00032685 -0.36983 0)
(0.030548 -0.408137 0)
(0.0191182 -0.443315 0)
(0.0158969 -0.424223 0)
(0.0104901 -0.442493 0)
(0.00783569 -0.430393 0)
(0.00240453 -0.439433 0)
(0.00526468 -0.431911 0)
(0.000184656 -0.43831 0)
(0.00380654 -0.431218 0)
(-0.00101767 -0.435393 0)
(0.0221488 -0.482681 0)
(0.0148411 -0.515018 0)
(0.0135868 -0.493906 0)
(0.00705212 -0.516162 0)
(0.00639559 -0.501487 0)
(0.00337398 -0.514627 0)
(0.00417985 -0.505858 0)
(0.00141019 -0.512286 0)
(0.00307716 -0.505697 0)
(-0.00119419 -0.510303 0)
(0.0167533 -0.573384 0)
(0.0113781 -0.606497 0)
(0.00956039 -0.5858 0)
(0.00628278 -0.607739 0)
(0.00530965 -0.591623 0)
(0.0027952 -0.6083 0)
(0.00336493 -0.595829 0)
(0.00171803 -0.605942 0)
(0.00239964 -0.596072 0)
(-0.00045332 -0.601925 0)
(0.0129149 -0.698155 0)
(0.00897388 -0.727617 0)
(0.00717252 -0.70744 0)
(0.00424677 -0.729022 0)
(0.00417693 -0.713949 0)
(0.00248823 -0.729946 0)
(0.00281091 -0.717834 0)
(0.00188366 -0.728773 0)
(0.00154275 -0.717417 0)
(-0.000468211 -0.726517 0)
(0.0073998 -0.849026 0)
(0.00511065 -0.86711 0)
(0.00430834 -0.856052 0)
(0.00263574 -0.870383 0)
(0.00239708 -0.861779 0)
(0.00118871 -0.873749 0)
(0.00146502 -0.865646 0)
(0.000221843 -0.873071 0)
(-0.000226272 -0.865488 0)
(-0.000472012 -0.873133 0)
(0.00207206 -0.960587 0)
(0.00148672 -0.969074 0)
(0.00115663 -0.967576 0)
(0.000537606 -0.973821 0)
(0.000365224 -0.971572 0)
(0.000125398 -0.976546 0)
(0.000320838 -0.973051 0)
(-0.000279509 -0.975398 0)
(-0.000515243 -0.971428 0)
(-0.000210915 -0.974843 0)
(0.102132 -0.0899014 9.214e-21)
(0.0395464 -0.263276 -9.25708e-21)
(0.058829 -0.311026 1.27008e-21)
(0.0335382 -0.360433 0)
(0.0340145 -0.424385 0)
(0.0231443 -0.500688 1.39163e-21)
(0.0191174 -0.591669 -5.91923e-21)
(0.0136899 -0.713485 5.90874e-21)
(0.00812361 -0.857294 1.58487e-21)
(0.00273445 -0.960219 -1.58004e-21)
(0.0979934 -0.104357 -1.15027e-20)
(0.041654 -0.270679 0)
(0.057817 -0.31558 8.39408e-21)
(0.0338281 -0.36437 -1.92266e-20)
(0.035424 -0.429089 1.22702e-20)
(0.0236138 -0.506172 -1.25353e-21)
(0.0201787 -0.597018 2.80476e-21)
(0.0140566 -0.718073 5.82728e-21)
(0.00843364 -0.858416 1.63507e-21)
(0.00299819 -0.959213 1.63892e-21)
(0.0937212 -0.119864 1.44683e-20)
(0.0436413 -0.281678 -9.89157e-21)
(0.0568068 -0.321376 9.79851e-21)
(0.0347675 -0.368295 -1.02761e-20)
(0.0369733 -0.433449 7.61552e-21)
(0.0242842 -0.510754 0)
(0.0213821 -0.601262 -2.81177e-21)
(0.0146764 -0.721574 1.81082e-22)
(0.00884391 -0.858125 -3.04712e-21)
(0.00315134 -0.957114 -3.1495e-21)
(0.089449 -0.132883 -2.35963e-21)
(0.0454669 -0.291445 0)
(0.0561322 -0.32703 0)
(0.0364328 -0.372245 0)
(0.0387437 -0.437801 8.45927e-21)
(0.0252626 -0.514918 -5.6159e-21)
(0.0227725 -0.605132 -1.25673e-23)
(0.0155651 -0.724541 -3.34325e-21)
(0.00943086 -0.857957 -1.74936e-21)
(0.00327931 -0.954813 -1.9055e-21)
(0.086043 -0.143428 -5.20249e-22)
(0.047259 -0.298177 -7.50764e-21)
(0.0557033 -0.331287 -5.20107e-21)
(0.0387072 -0.375561 5.19815e-21)
(0.0407318 -0.441589 -2.80579e-21)
(0.0265749 -0.518479 0)
(0.024342 -0.60855 -3.16808e-21)
(0.0166491 -0.727065 6.92048e-21)
(0.0101921 -0.858125 -3.56179e-21)
(0.00345435 -0.952762 3.69853e-21)
(0.0839874 -0.151576 -2.13858e-20)
(0.0492876 -0.302659 2.61857e-21)
(0.0555463 -0.33416 -1.65701e-22)
(0.0414847 -0.377915 5.40306e-21)
(0.0429221 -0.444329 0)
(0.0282156 -0.521084 0)
(0.0260582 -0.611179 0)
(0.0178618 -0.728914 3.72376e-21)
(0.0110876 -0.858216 0)
(0.00370138 -0.950899 0)
(0.0833816 -0.156839 0)
(0.0517262 -0.305629 8.04587e-21)
(0.0558587 -0.33616 -5.38213e-21)
(0.0447483 -0.379405 -6.00134e-21)
(0.0453502 -0.445859 6.03258e-21)
(0.0301939 -0.52253 3.44614e-21)
(0.0279016 -0.612797 -3.45043e-21)
(0.0191735 -0.729885 -1.33599e-20)
(0.0120637 -0.85786 9.43677e-22)
(0.0039964 -0.948992 -3.32259e-21)
(0.084341 -0.15876 0)
(0.0546288 -0.307093 -2.66978e-21)
(0.0568615 -0.337509 -1.43631e-21)
(0.0485239 -0.380184 0)
(0.0480961 -0.44617 1.69111e-21)
(0.0325396 -0.522758 -5.17005e-21)
(0.0298851 -0.613307 5.63981e-21)
(0.0206106 -0.729824 1.97558e-21)
(0.0131176 -0.856773 -2.20515e-21)
(0.00433484 -0.946754 4.39993e-21)
(0.0872112 -0.157014 2.97417e-21)
(0.0580376 -0.306795 2.82656e-21)
(0.058744 -0.338088 -6.74055e-22)
(0.0528276 -0.380258 8.08177e-22)
(0.0512465 -0.445244 1.66533e-21)
(0.0352841 -0.521772 2.72567e-21)
(0.0320331 -0.612725 -1.0199e-21)
(0.0222035 -0.728783 -1.08927e-21)
(0.0142419 -0.854999 2.21246e-21)
(0.00470085 -0.944133 1.21564e-21)
(0.0925448 -0.15129 -7.10573e-22)
(0.0620553 -0.304536 7.15126e-22)
(0.0616844 -0.337685 -7.43688e-22)
(0.0576645 -0.379527 -8.07196e-22)
(0.0548719 -0.443015 9.23079e-22)
(0.0384524 -0.519535 -1.87049e-21)
(0.0343854 -0.610993 1.55878e-21)
(0.0240101 -0.726684 5.47305e-22)
(0.0154919 -0.852432 0)
(0.00512263 -0.941026 -1.21829e-21)
(0.100978 -0.141377 7.28298e-22)
(0.0668557 -0.300089 -7.33021e-22)
(0.0658591 -0.336126 -8.06836e-22)
(0.0630522 -0.377906 -8.80566e-22)
(0.0590236 -0.439434 -9.68447e-22)
(0.0420568 -0.516061 -5.83752e-23)
(0.0369601 -0.608152 5.59166e-22)
(0.0260332 -0.723717 1.77431e-21)
(0.0168466 -0.849321 0)
(0.00558781 -0.93761 -1.34512e-21)
(0.113069 -0.127207 0)
(0.0727081 -0.293001 -3.09029e-21)
(0.0713998 -0.333256 5.60871e-21)
(0.0690352 -0.375351 8.82122e-22)
(0.0637336 -0.434496 2.00768e-21)
(0.0461153 -0.511248 3.20902e-21)
(0.0398109 -0.604072 -1.12434e-21)
(0.0283315 -0.719619 -1.20272e-21)
(0.0183894 -0.845369 2.69604e-21)
(0.00613135 -0.933721 1.34191e-21)
(0.129102 -0.108949 0)
(0.0799959 -0.282574 -2.99836e-21)
(0.0783388 -0.329001 -1.69195e-21)
(0.0756777 -0.371861 0)
(0.0690393 -0.428261 -6.28e-21)
(0.0506234 -0.505205 2.12387e-21)
(0.0429309 -0.598942 2.45298e-21)
(0.0308542 -0.714762 7.7992e-21)
(0.0200284 -0.841036 -2.68733e-21)
(0.00672177 -0.929656 5.89493e-21)
(0.148843 -0.0871333 0)
(0.089259 -0.268044 3.02402e-21)
(0.0866173 -0.323327 0)
(0.0830896 -0.36729 8.23769e-21)
(0.0749541 -0.420868 -8.27977e-21)
(0.0556157 -0.497705 -4.84771e-21)
(0.0464288 -0.592367 -6.41152e-23)
(0.0337161 -0.708518 -8.03488e-21)
(0.0219048 -0.835625 -1.33251e-21)
(0.00739589 -0.92498 -7.3282e-21)
(0.171396 -0.0624376 2.87031e-20)
(0.101224 -0.248799 -9.74076e-21)
(0.0961515 -0.316133 9.35768e-22)
(0.0913422 -0.36172 -7.90314e-21)
(0.0815185 -0.412294 0)
(0.0611124 -0.488879 -5.08355e-21)
(0.0502128 -0.584985 -3.64373e-22)
(0.0367445 -0.701905 1.09939e-20)
(0.0238187 -0.830148 1.52753e-21)
(0.00811367 -0.920277 -1.53294e-21)
(0.19526 -0.0354123 2.1271e-21)
(0.116608 -0.224546 1.74046e-20)
(0.106852 -0.306985 8.25098e-21)
(0.100633 -0.354667 -8.24529e-21)
(0.0888433 -0.402251 -4.87011e-21)
(0.067144 -0.478537 0)
(0.0544727 -0.575801 -1.13558e-20)
(0.0402466 -0.693391 5.66952e-21)
(0.0260751 -0.823074 6.07012e-21)
(0.00891933 -0.914642 6.63838e-21)
(0.218567 -0.00895475 -4.08334e-21)
(0.135811 -0.195572 0)
(0.118854 -0.295359 0)
(0.110835 -0.346568 0)
(0.09667 -0.391728 -5.49086e-21)
(0.073558 -0.467762 1.03437e-20)
(0.058928 -0.566684 1.16e-20)
(0.0437547 -0.685603 -1.82259e-20)
(0.0282633 -0.816702 3.30713e-21)
(0.00975966 -0.909355 -9.85061e-21)
(0.239284 0.0152153 -1.04871e-20)
(0.159725 -0.162876 1.61375e-20)
(0.132541 -0.279884 -1.59962e-20)
(0.122174 -0.336141 2.01489e-20)
(0.105472 -0.379476 -2.53068e-20)
(0.0807582 -0.454647 0)
(0.0642208 -0.554341 -6.12332e-21)
(0.0480339 -0.674378 -2.8385e-22)
(0.0309999 -0.807612 -6.89689e-21)
(0.0107067 -0.9025 -7.11142e-21)
(0.255731 0.0361162 -4.56276e-21)
(0.188152 -0.127039 0)
(0.14843 -0.262183 -2.13294e-20)
(0.13334 -0.32693 3.99935e-20)
(0.11408 -0.368874 -1.54975e-20)
(0.0878591 -0.443546 -2.9695e-21)
(0.0691813 -0.545219 6.11037e-21)
(0.0518988 -0.66676 -3.63308e-22)
(0.0334475 -0.801029 1.00192e-20)
(0.0116425 -0.896857 1.05139e-20)
(0.266468 0.0527327 -1.99888e-20)
(0.21934 -0.0880041 1.89945e-20)
(0.170607 -0.234103 2.26509e-21)
(0.147667 -0.31008 0)
(0.125275 -0.353184 0)
(0.0970036 -0.425977 2.87118e-21)
(0.0761427 -0.527913 1.2778e-20)
(0.0572506 -0.651507 -1.23696e-20)
(0.0368344 -0.789275 -3.40303e-21)
(0.0127942 -0.888321 3.31552e-21)
(0.27642 0.0995452 0)
(0.277714 -0.0433515 0)
(0.194931 -0.207416 0)
(0.161466 -0.299555 0)
(0.143535 -0.340021 0)
(0.112661 -0.412115 0)
(0.0876284 -0.517815 0)
(0.0669799 -0.640775 0)
(0.0433028 -0.775987 0)
(0.0150521 -0.87486 0)
(0.340084 0.0903835 0)
(0.341287 -0.012957 0)
(0.258752 -0.145815 0)
(0.199228 -0.265012 0)
(0.169324 -0.31738 0)
(0.146536 -0.385122 0)
(0.114235 -0.492675 0)
(0.0851893 -0.617947 0)
(0.0550329 -0.746289 0)
(0.020302 -0.836387 0)
(0.385507 0.106942 0)
(0.391751 0.0284544 0)
(0.331457 -0.0823904 0)
(0.263575 -0.208138 0)
(0.208416 -0.286625 0)
(0.183497 -0.357989 0)
(0.148522 -0.459903 0)
(0.110485 -0.586348 0)
(0.0716569 -0.710263 0)
(0.0221726 -0.799654 0)
(0.413602 0.0971724 0)
(0.430359 0.0459023 0)
(0.398822 -0.0303665 0)
(0.34297 -0.141991 0)
(0.273988 -0.239382 0)
(0.231227 -0.326899 0)
(0.189357 -0.427961 0)
(0.143047 -0.549525 0)
(0.0945878 -0.661983 0)
(0.0332777 -0.740457 0)
(0.422451 0.0758396 0)
(0.447633 0.0449546 0)
(0.443257 -0.00142353 0)
(0.413649 -0.0831022 0)
(0.354006 -0.175944 0)
(0.296291 -0.27344 0)
(0.239353 -0.378278 0)
(0.17756 -0.493793 0)
(0.114073 -0.599115 0)
(0.0388993 -0.671699 0)
(0.420005 0.0473195 0)
(0.447074 0.026607 0)
(0.458262 -0.00122855 0)
(0.453124 -0.0540654 0)
(0.418707 -0.125822 0)
(0.365793 -0.215679 0)
(0.300383 -0.319153 0)
(0.221324 -0.427025 0)
(0.13954 -0.520587 0)
(0.0500673 -0.573146 0)
(0.410966 0.0246399 0)
(0.434789 0.0102371 0)
(0.449468 -0.00710836 0)
(0.455257 -0.0384772 0)
(0.4397 -0.0843579 0)
(0.401185 -0.148342 0)
(0.340728 -0.231364 0)
(0.254184 -0.32383 0)
(0.154943 -0.411465 0)
(0.0428685 -0.479125 0)
(0.402242 -0.00524223 0)
(0.423735 -0.0153849 0)
(0.433995 -0.0286093 0)
(0.443455 -0.0497902 0)
(0.436279 -0.0803967 0)
(0.410897 -0.121455 0)
(0.362496 -0.179363 0)
(0.283425 -0.247695 0)
(0.183791 -0.310352 0)
(0.0820042 -0.350882 0)
(0.42132 -0.00936273 0)
(0.436272 -0.0142348 0)
(0.420574 -0.0213347 0)
(0.419833 -0.03112 0)
(0.395304 -0.0459005 0)
(0.363731 -0.0660131 0)
(0.310332 -0.0942541 0)
(0.235344 -0.129986 0)
(0.130659 -0.173481 0)
(0.0155984 -0.236588 0)
(0.697854 -0.0143136 0)
(0.693119 -0.019093 0)
(0.667969 -0.0247961 0)
(0.649357 -0.0317822 0)
(0.608455 -0.0408947 0)
(0.563787 -0.0527472 0)
(0.49266 -0.0671089 0)
(0.400185 -0.0867081 0)
(0.274155 -0.118175 0)
(0.177568 -0.174138 0)
(0.316248 0.118967 3.01958e-20)
(0.369355 0.115052 -2.94976e-20)
(0.40063 0.120667 4.54573e-21)
(0.416031 0.0998708 0)
(0.416207 0.0761009 0)
(0.409396 0.0480563 5.91954e-21)
(0.399851 0.0256273 -2.54264e-20)
(0.394011 -0.00275968 2.49112e-20)
(0.431204 -0.00717746 6.48822e-21)
(0.709621 -0.0121457 -6.60244e-21)
(0.32429 0.124502 -3.34271e-20)
(0.370565 0.122447 0)
(0.395769 0.123334 3.11601e-20)
(0.407603 0.0995162 -7.35138e-20)
(0.406633 0.0757077 4.84522e-20)
(0.400416 0.048196 -5.41276e-21)
(0.392398 0.0260192 1.14033e-20)
(0.389407 -0.00172462 2.36706e-20)
(0.434622 -0.00623543 6.04827e-21)
(0.713744 -0.0112196 5.98951e-21)
(0.331032 0.130038 4.03327e-20)
(0.369867 0.128375 -3.25596e-20)
(0.387827 0.124199 3.22624e-20)
(0.395601 0.0983087 -3.9457e-20)
(0.393987 0.0747867 2.9001e-20)
(0.389101 0.0478742 0)
(0.383315 0.0260117 -1.14313e-20)
(0.384084 -0.0010044 -4.92534e-23)
(0.437369 -0.0053976 -1.19506e-20)
(0.717532 -0.0102899 -1.20883e-20)
(0.337146 0.134836 -6.75262e-21)
(0.370818 0.132675 0)
(0.382628 0.12405 0)
(0.386529 0.097026 0)
(0.383918 0.0738363 3.17475e-20)
(0.379549 0.0474228 -2.12944e-20)
(0.375286 0.025808 -2.18061e-22)
(0.379347 -0.000466837 -1.20631e-20)
(0.439857 -0.0047128 -6.03393e-21)
(0.72138 -0.00941736 -6.0561e-21)
(0.34143 0.13853 2.51615e-21)
(0.370542 0.135198 -2.15516e-20)
(0.377918 0.12322 -1.82492e-20)
(0.379138 0.0959871 1.82428e-20)
(0.375804 0.0731388 -1.03166e-20)
(0.371583 0.0471154 0)
(0.368324 0.0256433 -1.1498e-20)
(0.375243 6.64774e-05 2.38258e-20)
(0.442152 -0.00416437 -1.19314e-20)
(0.725134 -0.00864031 1.22065e-20)
(0.34393 0.14138 -5.74493e-20)
(0.36774 0.136344 5.42304e-21)
(0.371698 0.122 -1.62101e-21)
(0.37131 0.0952214 1.83446e-20)
(0.367862 0.0726934 0)
(0.363966 0.0470017 0)
(0.361663 0.0255961 0)
(0.371356 0.000657151 1.1836e-20)
(0.444109 -0.00372431 0)
(0.728561 -0.00796388 0)
(0.345058 0.14376 0)
(0.363086 0.136802 2.4818e-20)
(0.364188 0.120803 -1.68415e-20)
(0.362671 0.09477 -1.99464e-20)
(0.359471 0.0724531 2.0053e-20)
(0.356104 0.0470456 1.12069e-20)
(0.354878 0.0256539 -1.11002e-20)
(0.367381 0.00129282 -4.1367e-20)
(0.445548 -0.00337142 2.96354e-21)
(0.731537 -0.00737654 -9.12754e-21)
(0.344948 0.14599 0)
(0.357369 0.137169 -8.00068e-21)
(0.356221 0.119987 -4.46491e-21)
(0.353753 0.0947179 0)
(0.350857 0.0724379 5.45302e-21)
(0.348045 0.0472393 -1.62491e-20)
(0.347943 0.0258057 1.72854e-20)
(0.36322 0.00195893 6.0186e-21)
(0.446362 -0.00308941 -6.00526e-21)
(0.734041 -0.00686482 1.22406e-20)
(0.343614 0.148383 6.9735e-21)
(0.35094 0.137854 8.51231e-21)
(0.34819 0.119753 -1.88688e-21)
(0.344932 0.0951195 2.44092e-21)
(0.34229 0.0726987 5.20473e-21)
(0.339974 0.047609 8.25908e-21)
(0.340946 0.026066 -2.86402e-21)
(0.358855 0.0026622 -2.95252e-21)
(0.446477 -0.00286015 6.02505e-21)
(0.736098 -0.00641965 3.03996e-21)
(0.341084 0.151255 -1.94404e-21)
(0.343942 0.139117 1.95291e-21)
(0.340118 0.120184 -2.24424e-21)
(0.336261 0.0959814 -2.4379e-21)
(0.333829 0.0732733 2.67333e-21)
(0.331958 0.0481856 -5.45203e-21)
(0.333916 0.0264608 4.3125e-21)
(0.354277 0.00341975 1.49538e-21)
(0.445866 -0.0026721 0)
(0.737723 -0.00603607 -3.04659e-21)
(0.337478 0.154906 1.96452e-21)
(0.336563 0.141091 -1.9751e-21)
(0.331983 0.121304 -2.28458e-21)
(0.327702 0.0972834 -2.46757e-21)
(0.325441 0.0741772 -2.67881e-21)
(0.323984 0.0489886 -5.62586e-23)
(0.326827 0.0270072 1.4154e-21)
(0.349422 0.00425488 4.39804e-21)
(0.444497 -0.00251145 0)
(0.738946 -0.00571466 -3.02068e-21)
(0.333053 0.159564 0)
(0.329113 0.143824 -8.76746e-21)
(0.323847 0.123119 1.57404e-20)
(0.319275 0.0990113 2.47183e-21)
(0.317113 0.0754223 5.27293e-21)
(0.316027 0.0500334 8.28459e-21)
(0.31964 0.0277203 -2.85916e-21)
(0.344211 0.00518036 -2.93752e-21)
(0.442363 -0.00236086 5.95425e-21)
(0.739702 -0.00544781 3.01361e-21)
(0.328118 0.165345 0)
(0.321851 0.147317 -8.53718e-21)
(0.315785 0.125646 -4.63252e-21)
(0.311019 0.101163 0)
(0.308858 0.0770203 -1.60638e-20)
(0.308087 0.0513336 5.32844e-21)
(0.312341 0.0286124 5.65933e-21)
(0.338597 0.00619117 1.74817e-20)
(0.439478 -0.00220845 -5.93492e-21)
(0.740061 -0.00522514 1.19256e-20)
(0.322766 0.172317 0)
(0.314783 0.15157 8.61097e-21)
(0.307798 0.12889 0)
(0.302928 0.103741 2.06447e-20)
(0.300683 0.0789772 -2.07483e-20)
(0.300169 0.0528957 -1.1211e-20)
(0.304937 0.0296916 -1.35916e-22)
(0.332564 0.00728931 -1.74445e-20)
(0.435769 -0.00204354 -2.92188e-21)
(0.739924 -0.00503331 -1.47992e-20)
(0.317176 0.180486 6.23074e-20)
(0.307873 0.15656 -2.38263e-20)
(0.299912 0.132822 1.35855e-21)
(0.294988 0.106739 -1.97093e-20)
(0.292596 0.0812865 0)
(0.292286 0.0547156 -1.12276e-20)
(0.297436 0.0309593 -2.12124e-22)
(0.326121 0.00848687 2.30894e-20)
(0.431287 -0.00185169 2.92442e-21)
(0.739464 -0.00487262 -2.92267e-21)
(0.311063 0.189969 -4.51475e-21)
(0.30086 0.162325 4.27582e-20)
(0.292105 0.137413 1.99365e-20)
(0.287135 0.110164 -1.99183e-20)
(0.284596 0.083933 -1.07615e-20)
(0.284424 0.0567829 0)
(0.289844 0.032408 -2.28158e-20)
(0.319266 0.00978326 1.14049e-20)
(0.425891 -0.00161658 1.15483e-20)
(0.738406 -0.00472289 1.15531e-20)
(0.305257 0.200513 -8.17823e-21)
(0.293995 0.168745 0)
(0.284619 0.142545 0)
(0.279438 0.113987 0)
(0.276741 0.086887 -1.12108e-20)
(0.276605 0.0590813 2.19345e-20)
(0.282197 0.0340154 2.27714e-20)
(0.312066 0.0111772 -3.42746e-20)
(0.420014 -0.00132353 5.7372e-21)
(0.737185 -0.00459247 -1.71045e-20)
(0.298105 0.213012 -1.33754e-20)
(0.286308 0.176204 3.87016e-20)
(0.277076 0.148305 -3.83156e-20)
(0.271663 0.118292 4.30708e-20)
(0.268844 0.0901762 -5.35911e-20)
(0.268788 0.0616189 0)
(0.274455 0.0357717 -1.13353e-20)
(0.304394 0.0126427 1.70002e-24)
(0.412816 -0.000931818 -1.13322e-20)
(0.735097 -0.00443081 -1.124e-20)
(0.294246 0.224794 -8.59626e-21)
(0.279969 0.183611 0)
(0.270708 0.154031 -4.70744e-20)
(0.264595 0.122777 8.50501e-20)
(0.261471 0.0935944 -3.20423e-20)
(0.261323 0.0642481 -5.61606e-21)
(0.266896 0.0375943 1.13103e-20)
(0.296784 0.0141138 -2.30405e-23)
(0.406538 -0.000464119 1.67693e-20)
(0.733248 -0.00426215 1.65867e-20)
(0.285084 0.243849 -3.61961e-20)
(0.270657 0.19485 3.56891e-20)
(0.262545 0.16193 5.08758e-21)
(0.256284 0.128844 0)
(0.253344 0.0980557 0)
(0.253282 0.0676008 5.56583e-21)
(0.258663 0.0398591 2.24452e-20)
(0.287499 0.0157902 -2.19712e-20)
(0.395984 0.000245241 -5.38443e-21)
(0.729915 -0.00399962 5.07153e-21)
(0.292546 0.246536 0)
(0.260255 0.20878 0)
(0.253511 0.168461 0)
(0.244316 0.133105 0)
(0.239423 0.100637 0)
(0.237894 0.0694176 0)
(0.243297 0.0411648 0)
(0.274149 0.0172247 0)
(0.389125 0.00180646 0)
(0.724927 -0.00322474 0)
(0.246917 0.253207 0)
(0.210163 0.222555 0)
(0.221173 0.173215 0)
(0.209289 0.140378 0)
(0.208942 0.103998 0)
(0.20949 0.0718225 0)
(0.218811 0.0424427 0)
(0.254889 0.0177544 0)
(0.382304 0.00333883 0)
(0.73217 -0.00205978 0)
(0.192456 0.260401 0)
(0.156736 0.226828 0)
(0.18048 0.17516 0)
(0.166204 0.14366 0)
(0.172278 0.104621 0)
(0.175224 0.072183 0)
(0.190236 0.0420732 0)
(0.233156 0.0169823 0)
(0.367657 0.00484042 0)
(0.720645 -0.0016063 0)
(0.146922 0.26318 0)
(0.116438 0.2262 0)
(0.142245 0.177637 0)
(0.128584 0.144111 0)
(0.139036 0.103977 0)
(0.143946 0.0723804 0)
(0.164917 0.0419959 0)
(0.217227 0.0172928 0)
(0.366124 0.00481043 0)
(0.729547 -0.000691739 0)
(0.100661 0.263112 0)
(0.0769017 0.224412 0)
(0.0986877 0.179629 0)
(0.0890889 0.143847 0)
(0.10175 0.103511 0)
(0.109928 0.0746512 0)
(0.135026 0.0455141 0)
(0.19351 0.0230216 0)
(0.345487 0.00965737 0)
(0.708941 0.000774668 0)
(0.0595289 0.26328 0)
(0.0425901 0.223939 0)
(0.0598086 0.180127 0)
(0.0558319 0.143937 0)
(0.0719433 0.105028 0)
(0.0868988 0.0799733 0)
(0.116412 0.0545726 0)
(0.183286 0.0363524 0)
(0.346722 0.018805 0)
(0.714041 0.00441465 0)
(0.00921329 0.269223 0)
(-0.00245272 0.229924 0)
(0.0100372 0.186481 0)
(0.0116078 0.153894 0)
(0.0312882 0.12053 0)
(0.0528925 0.099756 0)
(0.0850671 0.0812268 0)
(0.150589 0.0716734 0)
(0.308021 0.0528285 0)
(0.666528 0.0136318 0)
(-0.0264253 0.297224 0)
(-0.0315871 0.269475 0)
(-0.0176721 0.238761 0)
(-0.00416054 0.219705 0)
(0.0244328 0.195497 0)
(0.0540362 0.176246 0)
(0.0931376 0.15756 0)
(0.160236 0.144647 0)
(0.306225 0.117437 0)
(0.640288 0.0341789 0)
(-0.0716163 0.382859 0)
(-0.071673 0.390099 0)
(-0.0550177 0.395491 0)
(-0.0377192 0.406537 0)
(-0.0193951 0.407434 0)
(0.000877101 0.403985 0)
(0.0364193 0.38671 0)
(0.0968366 0.356754 0)
(0.215509 0.285848 0)
(0.489591 0.0794576 0)
(-0.0202109 0.584815 0)
(-0.00275407 0.640562 0)
(0.0127187 0.675741 0)
(0.0181315 0.695578 0)
(0.0256317 0.700198 0)
(0.0453869 0.696384 0)
(0.0718604 0.672939 0)
(0.110615 0.617429 0)
(0.18077 0.484955 0)
(0.333786 0.15397 0)
(0.27472 0.296836 3.46931e-20)
(0.225085 0.300413 -3.4077e-20)
(0.173654 0.30274 4.72769e-21)
(0.13208 0.299536 0)
(0.0885483 0.29591 0)
(0.0502367 0.293644 5.04591e-21)
(0.00432445 0.299805 -2.02973e-20)
(-0.0272217 0.324294 1.99789e-20)
(-0.066309 0.394864 4.98112e-21)
(-0.0249074 0.55712 -5.01012e-21)
(0.268002 0.311269 -3.39048e-20)
(0.216627 0.312894 0)
(0.166414 0.313607 3.08108e-20)
(0.126236 0.309921 -7.1011e-20)
(0.0837478 0.30645 4.49916e-20)
(0.0467218 0.304595 -4.69852e-21)
(0.00274428 0.311415 9.24956e-21)
(-0.026944 0.335033 1.8493e-20)
(-0.0635108 0.399623 4.50903e-21)
(-0.0263601 0.545456 4.63886e-21)
(0.260427 0.323928 3.88706e-20)
(0.208588 0.322504 -3.21452e-20)
(0.159853 0.321101 3.18537e-20)
(0.121114 0.317329 -3.55142e-20)
(0.0796352 0.314894 2.61806e-20)
(0.0439336 0.314328 0)
(0.00190773 0.321986 -9.27163e-21)
(-0.0259015 0.344996 -1.3719e-22)
(-0.0600184 0.40361 -9.14287e-21)
(-0.0270998 0.533892 -9.35419e-21)
(0.25247 0.339368 -6.60733e-21)
(0.2008 0.334661 0)
(0.153665 0.331107 0)
(0.116457 0.326092 0)
(0.076153 0.324041 2.65093e-20)
(0.041843 0.324268 -1.7742e-20)
(0.00177821 0.332249 -1.35738e-22)
(-0.0241881 0.354307 -9.20525e-21)
(-0.0559184 0.406924 -4.58956e-21)
(-0.0270357 0.522371 -4.60884e-21)
(0.244557 0.355732 4.28528e-21)
(0.193329 0.348081 -1.96411e-20)
(0.14772 0.342614 -1.60067e-20)
(0.112005 0.336488 1.6001e-20)
(0.0730939 0.333898 -8.65109e-21)
(0.0403045 0.334516 0)
(0.00222833 0.342341 -9.016e-21)
(-0.0219302 0.363078 1.81666e-20)
(-0.0513551 0.409886 -9.03865e-21)
(-0.0261908 0.511126 9.30641e-21)
(0.236682 0.371909 -4.59827e-20)
(0.186195 0.361315 4.2605e-21)
(0.142125 0.353907 -1.14456e-21)
(0.107779 0.347286 1.54881e-20)
(0.0703739 0.343901 0)
(0.0392862 0.344657 0)
(0.00316549 0.352061 0)
(-0.0192294 0.371282 8.83491e-21)
(-0.0464677 0.412621 0)
(-0.0246596 0.500488 0)
(0.228691 0.387792 0)
(0.179285 0.374171 2.01132e-20)
(0.136845 0.364641 -1.37741e-20)
(0.103849 0.357567 -1.58349e-20)
(0.0679977 0.353927 1.59194e-20)
(0.0387183 0.354364 8.49238e-21)
(0.00452119 0.361228 -8.38143e-21)
(-0.0161763 0.378845 -3.06648e-20)
(-0.0413841 0.415106 2.18954e-21)
(-0.022578 0.490664 -6.70215e-21)
(0.220418 0.403255 0)
(0.172467 0.386766 -6.36047e-21)
(0.131776 0.375024 -3.43345e-21)
(0.100253 0.367339 0)
(0.0659728 0.363698 4.13484e-21)
(0.0385009 0.363639 -1.21606e-20)
(0.00622617 0.369765 1.27673e-20)
(-0.0128734 0.385748 4.43543e-21)
(-0.0362323 0.417325 -4.30691e-21)
(-0.02011 0.481765 9.00507e-21)
(0.21165 0.417983 4.20807e-21)
(0.165631 0.399039 6.3341e-21)
(0.126835 0.385146 -1.30987e-21)
(0.0969314 0.376766 1.79467e-21)
(0.0642829 0.372976 3.8994e-21)
(0.0385805 0.372584 6.03982e-21)
(0.00818621 0.377662 -2.03488e-21)
(-0.00941919 0.392026 -2.08521e-21)
(-0.0311377 0.41931 4.3211e-21)
(-0.0174285 0.473861 2.1604e-21)
(0.202094 0.431508 -1.28061e-21)
(0.158673 0.410746 1.30455e-21)
(0.121968 0.394909 -1.65365e-21)
(0.0938133 0.38585 -1.79248e-21)
(0.0628824 0.381731 1.90279e-21)
(0.0388948 0.381021 -3.89877e-21)
(0.0102923 0.385021 3.04961e-21)
(-0.00590407 0.39773 1.06448e-21)
(-0.0262085 0.421128 0)
(-0.0146908 0.467005 -2.16522e-21)
(0.00664445 -0.0144018 0)
(0.00597541 -0.0278997 0)
(0.0013431 -0.0343227 -3.19894e-20)
(-0.00262091 -0.0322657 0)
(-0.00587856 -0.022558 1.52663e-20)
(-0.00876109 -0.00589617 -1.41467e-20)
(-0.0115414 0.0166131 0)
(-0.0139467 0.0433214 0)
(-0.0147621 0.0720226 -3.23346e-20)
(-0.0154539 0.0960383 6.42456e-20)
(0.00275258 -0.011182 0)
(0.000600308 -0.0253245 -2.57906e-20)
(-0.00393875 -0.0350884 -8.79828e-21)
(-0.00725406 -0.0376435 -3.192e-20)
(-0.00987252 -0.0335212 -1.55419e-20)
(-0.0124425 -0.0231281 -4.70402e-20)
(-0.0155353 -0.00721789 0)
(-0.0192626 0.0130022 0)
(-0.0230046 0.0357206 0)
(-0.0253389 0.0565363 2.69263e-21)
(-0.00178737 -0.00781373 0)
(-0.00471741 -0.0214596 -8.94794e-21)
(-0.00774952 -0.0325857 1.63164e-20)
(-0.00886699 -0.0374311 2.40737e-20)
(-0.00922056 -0.0363529 -9.62111e-22)
(-0.00980504 -0.0296258 -1.29865e-21)
(-0.0113389 -0.0177268 3.4152e-20)
(-0.0140266 -0.0013628 -3.49515e-20)
(-0.0174405 0.0177646 7.15074e-20)
(-0.0195134 0.034724 -7.23254e-20)
(-0.00644539 -0.00465165 -4.65335e-21)
(-0.00911319 -0.0166123 2.58095e-20)
(-0.009042 -0.0268013 4.12551e-20)
(-0.00622249 -0.031168 -4.97936e-20)
(-0.00245824 -0.0300269 3.11426e-20)
(0.000942245 -0.0237131 3.16445e-20)
(0.00313172 -0.012631 -1.76016e-20)
(0.00395142 0.0028477 7.20058e-20)
(0.00383228 0.0211661 3.20124e-21)
(0.00405668 0.0369515 -3.54448e-20)
(-0.0106231 -0.00199861 -4.48398e-21)
(-0.0117127 -0.0111529 4.26071e-21)
(-0.00690059 -0.0180276 0)
(0.00158444 -0.0190375 4.12366e-20)
(0.0112297 -0.014595 -7.90865e-21)
(0.0203794 -0.00527842 9.77207e-22)
(0.0280819 0.0083297 -1.67671e-20)
(0.0341222 0.0258153 -5.55989e-20)
(0.039042 0.0459145 -1.09353e-21)
(0.0427268 0.0626676 5.6437e-20)
(-0.0137519 -3.94771e-05 0)
(-0.0117293 -0.00542222 -2.45425e-20)
(-0.000628768 -0.00676664 7.78869e-21)
(0.0149994 -0.00179293 -2.43222e-20)
(0.0318439 0.00878586 7.8089e-21)
(0.0478114 0.0239365 -8.73335e-22)
(0.061801 0.0426697 -6.93818e-22)
(0.0735234 0.0642396 3.66384e-20)
(0.0835661 0.0878697 -5.43844e-20)
(0.0910893 0.107033 5.41927e-20)
(-0.0153704 0.00120555 1.98624e-21)
(-0.00853356 0.00040848 1.60945e-20)
(0.0102049 0.00652987 0)
(0.0340142 0.0196273 2.41373e-20)
(0.058643 0.0383408 -2.35463e-20)
(0.0814865 0.060954 -8.77356e-21)
(0.101264 0.0859546 2.5512e-20)
(0.117657 0.112177 0)
(0.13115 0.139125 0)
(0.141688 0.161299 0)
(-0.0151579 0.00189783 -1.88962e-21)
(-0.00169378 0.00648012 -5.48942e-21)
(0.0257582 0.0217269 7.33739e-21)
(0.0581936 0.0444905 1.15193e-20)
(0.0902755 0.0722942 1.21819e-20)
(0.118888 0.102512 7.93333e-21)
(0.142674 0.133109 0)
(0.161483 0.1627 1.71687e-20)
(0.175721 0.190677 -8.09526e-21)
(0.186766 0.214392 0)
(-0.012951 0.00237504 0)
(0.00900801 0.0133032 1.07055e-20)
(0.0458822 0.039106 -7.33472e-21)
(0.0866281 0.0723964 -7.49259e-21)
(0.124788 0.109043 -2.70266e-22)
(0.156945 0.145432 -4.23069e-21)
(0.181979 0.179226 3.81974e-21)
(0.200189 0.209211 0)
(0.21234 0.234904 -7.98068e-21)
(0.220584 0.256261 -7.42606e-21)
(-0.0087209 0.00309436 1.76997e-22)
(0.0235354 0.0216893 -3.86002e-21)
(0.0700072 0.0592266 -5.0388e-22)
(0.117824 0.102992 -9.88064e-23)
(0.15966 0.146838 -2.85568e-21)
(0.192332 0.186474 0)
(0.215468 0.219824 -3.81798e-21)
(0.230161 0.246355 0)
(0.237905 0.266469 0)
(0.240916 0.281118 0)
(-0.0025025 0.00457669 -3.00575e-22)
(0.0415646 0.0325753 0)
(0.097052 0.0825327 0)
(0.14971 0.135479 -2.40801e-21)
(0.192088 0.183459 9.89867e-22)
(0.222072 0.222389 1.23757e-22)
(0.240594 0.251308 -1.67907e-21)
(0.249798 0.270941 0)
(0.251879 0.28297 0)
(0.249102 0.288373 0)
(0.00561318 0.00734866 0)
(0.0624335 0.0467942 -1.51783e-21)
(0.125433 0.109007 1.39922e-21)
(0.179947 0.168453 3.30119e-21)
(0.219629 0.216506 0)
(0.244326 0.250648 3.38678e-21)
(0.256623 0.271867 -3.14944e-21)
(0.259668 0.282509 0)
(0.256079 0.285287 5.74394e-21)
(0.248418 0.281215 -5.35626e-21)
(0.0153919 0.0119059 0)
(0.0849846 0.0648029 9.41641e-21)
(0.153081 0.137821 0)
(0.206227 0.19992 1.1861e-20)
(0.240608 0.243834 0)
(0.258606 0.26996 -1.22749e-20)
(0.264381 0.281662 0)
(0.261705 0.282758 1.13424e-20)
(0.253323 0.276425 -1.0624e-20)
(0.242092 0.26395 -9.24434e-21)
(0.0264673 0.0186406 -1.68898e-21)
(0.107785 0.0864777 -5.30196e-21)
(0.178014 0.167501 -2.31347e-21)
(0.227004 0.227992 -5.70864e-21)
(0.254591 0.264334 -5.68224e-21)
(0.265708 0.280625 6.17868e-21)
(0.265625 0.282422 5.67044e-21)
(0.258233 0.274459 -6.94574e-23)
(0.246176 0.259845 9.94654e-21)
(0.232414 0.240237 9.29896e-21)
(0.0383187 0.0277808 -6.96474e-22)
(0.129296 0.111099 -4.53493e-21)
(0.198672 0.196379 -1.0697e-20)
(0.241621 0.251437 5.00441e-21)
(0.262065 0.278042 0)
(0.267 0.283983 0)
(0.262183 0.276399 -1.11533e-20)
(0.251203 0.260292 -1.0462e-20)
(0.23645 0.238376 9.29704e-21)
(0.220798 0.212658 -8.37208e-21)
(0.0502797 0.0393379 1.0466e-21)
(0.148095 0.137515 3.15798e-21)
(0.214115 0.223045 -1.26459e-20)
(0.250162 0.269827 2.81627e-20)
(0.263983 0.285754 -5.4883e-21)
(0.2639 0.281708 0)
(0.255588 0.265664 0)
(0.242068 0.242402 5.1222e-20)
(0.225377 0.214109 -4.60859e-20)
(0.208204 0.183015 -2.43431e-20)
(0.061598 0.0530818 5.5118e-22)
(0.163066 0.164416 0)
(0.223997 0.246581 1.82684e-20)
(0.253161 0.283343 -2.22251e-20)
(0.261396 0.288557 0)
(0.257615 0.275336 1.22842e-20)
(0.247012 0.251856 -3.50858e-20)
(0.231913 0.222397 -4.12107e-20)
(0.213947 0.188586 1.91409e-20)
(0.195638 0.152689 1.6706e-20)
(0.071524 0.0685613 -6.90953e-22)
(0.173488 0.190586 -3.93575e-21)
(0.22842 0.266542 -1.03956e-20)
(0.251331 0.292479 -3.00344e-20)
(0.255243 0.287502 -1.34669e-20)
(0.249052 0.266077 -1.45075e-20)
(0.237277 0.236131 -1.62517e-21)
(0.221574 0.201367 0)
(0.203183 0.162829 0)
(0.184391 0.122817 3.41627e-20)
(0.0794028 0.0851696 1.39753e-22)
(0.179034 0.215036 -1.26051e-20)
(0.227764 0.282815 1.352e-20)
(0.245411 0.29784 4.46699e-20)
(0.246266 0.283489 -1.30829e-20)
(0.238782 0.254794 1.14857e-20)
(0.226798 0.21914 1.21892e-20)
(0.211512 0.179753 0)
(0.194116 0.13726 0)
(0.17551 0.0940042 -1.73535e-20)
(0.0847454 0.102234 -2.02459e-22)
(0.179714 0.237043 1.73869e-20)
(0.222573 0.295489 -4.40588e-21)
(0.2361 0.30004 0)
(0.235031 0.277298 0)
(0.227081 0.242166 2.96144e-20)
(0.215539 0.201237 0)
(0.201669 0.157196 -2.47974e-20)
(0.186581 0.110931 2.33346e-21)
(0.16909 0.0654254 2.02659e-20)
(0.0872497 0.119094 0)
(0.175793 0.256114 0)
(0.213482 0.304746 -2.9218e-20)
(0.224066 0.299658 0)
(0.222025 0.26967 1.81428e-20)
(0.214133 0.229015 -1.68159e-20)
(0.203221 0.183161 0)
(0.190751 0.133866 0)
(0.177674 0.0810494 -2.52347e-20)
(0.161107 0.0254142 5.05439e-20)
(0.0867354 0.135053 0)
(0.167705 0.271889 -1.67246e-20)
(0.201179 0.310776 -1.14265e-20)
(0.209964 0.297174 -4.00437e-20)
(0.207777 0.261259 -2.13212e-20)
(0.200304 0.216359 -5.91011e-20)
(0.189804 0.167064 0)
(0.177556 0.114985 0)
(0.164222 0.0609379 0)
(0.147599 0.00661851 1.90272e-21)
(0.0831979 0.149366 0)
(0.156039 0.284013 -1.45057e-20)
(0.186385 0.313703 1.21227e-20)
(0.194449 0.292918 3.04808e-20)
(0.192892 0.252396 -4.38011e-21)
(0.186335 0.204391 -3.78939e-21)
(0.176575 0.152696 4.11978e-20)
(0.164661 0.0987408 -3.77e-20)
(0.151165 0.0437296 6.65286e-20)
(0.135135 -0.0102196 -6.22775e-20)
(0.0769229 0.161517 -2.77416e-21)
(0.141555 0.292395 1.97949e-20)
(0.169819 0.313652 4.9497e-20)
(0.178136 0.287113 -7.55568e-20)
(0.177879 0.243285 4.45435e-20)
(0.172698 0.193274 4.38224e-20)
(0.164084 0.140191 -1.9788e-20)
(0.153004 0.0853314 7.62551e-20)
(0.140133 0.0300619 1.31517e-21)
(0.125305 -0.0235033 -3.41272e-20)
(0.0683555 0.171111 -4.61901e-21)
(0.125023 0.297031 4.38867e-21)
(0.152153 0.310712 0)
(0.161628 0.279884 6.43698e-20)
(0.163223 0.234015 -1.27229e-20)
(0.159815 0.183009 -9.42725e-22)
(0.152701 0.129379 -2.30054e-20)
(0.142857 0.0742789 -6.25091e-20)
(0.131121 0.0191189 1.80181e-21)
(0.117762 -0.0340829 5.33272e-20)
(0.0580363 0.177842 0)
(0.107127 0.297761 -4.13863e-20)
(0.134131 0.305171 1.29086e-20)
(0.145541 0.271364 -4.59481e-20)
(0.149373 0.22464 1.39137e-20)
(0.148045 0.173585 -6.48616e-22)
(0.142734 0.120184 -4.38435e-22)
(0.134441 0.0654407 4.30785e-20)
(0.124129 0.0107249 -5.93143e-20)
(0.112299 -0.0420847 5.66706e-20)
(0.0464656 0.181506 3.295e-21)
(0.0886788 0.294537 2.7391e-20)
(0.116504 0.297186 0)
(0.130313 0.261712 4.72294e-20)
(0.136694 0.215195 -4.66959e-20)
(0.137682 0.164962 -1.39085e-20)
(0.134403 0.112516 3.78592e-20)
(0.127893 0.0587065 0)
(0.119185 0.00481569 0)
(0.108869 -0.0474133 0)
(0.0342297 0.181916 -4.32653e-21)
(0.0705483 0.287672 -1.46684e-20)
(0.0998669 0.28683 1.9147e-20)
(0.116398 0.251005 2.70794e-20)
(0.125525 0.205699 2.34603e-20)
(0.12898 0.157102 1.52225e-20)
(0.127895 0.106308 0)
(0.123334 0.0540148 2.34796e-20)
(0.116358 0.00138827 -1.10558e-20)
(0.107534 -0.0499584 0)
(0.0220054 0.179009 0)
(0.0534989 0.277356 2.95098e-20)
(0.0847665 0.274301 -1.91444e-20)
(0.104205 0.239341 -1.8271e-20)
(0.116162 0.196171 3.83148e-22)
(0.122157 0.149961 -7.30067e-21)
(0.123367 0.101489 7.10753e-21)
(0.120874 0.051312 0)
(0.115739 0.000458955 -1.09331e-20)
(0.10843 -0.0496083 -1.02425e-20)
(0.0104489 0.173 7.20129e-22)
(0.0382132 0.263844 -1.21909e-20)
(0.0717131 0.259822 -1.41673e-21)
(0.0940931 0.226834 3.12441e-23)
(0.108856 0.186629 -6.59971e-21)
(0.117391 0.143492 0)
(0.120941 0.0979706 -7.10576e-21)
(0.120602 0.050512 0)
(0.117411 0.00199753 0)
(0.111708 -0.0462961 0)
(0.000117357 0.164376 -1.65628e-21)
(0.0252717 0.247531 0)
(0.0611403 0.243658 0)
(0.0863632 0.213611 -8.60382e-21)
(0.103812 0.177091 2.26278e-21)
(0.114818 0.137628 -2.21941e-22)
(0.120703 0.095627 -3.87683e-21)
(0.122561 0.0514614 0)
(0.121403 0.0058702 0)
(0.117473 -0.0400797 0)
(-0.00857081 0.153451 0)
(0.0151233 0.228862 -7.07884e-21)
(0.053437 0.226073 6.52975e-21)
(0.0812879 0.199762 1.12836e-20)
(0.101205 0.167528 0)
(0.114537 0.132252 8.7073e-21)
(0.122692 0.0942749 -8.097e-21)
(0.126751 0.0539337 0)
(0.12769 0.0118384 1.19771e-20)
(0.125745 -0.0311574 -1.16859e-20)
(-0.0151837 0.140231 0)
(0.00819114 0.208118 6.46266e-20)
(0.0488688 0.207396 0)
(0.0790197 0.185535 5.09306e-20)
(0.101112 0.15807 0)
(0.116565 0.127372 -3.84624e-20)
(0.126873 0.0938042 0)
(0.133088 0.0577044 2.79877e-20)
(0.136143 0.0195788 -2.62105e-20)
(0.136409 -0.019896 -2.42515e-20)
(-0.0193137 0.125043 -1.80418e-20)
(0.00484767 0.185766 -3.0934e-20)
(0.0476528 0.187973 -1.52643e-20)
(0.0796667 0.171121 -2.55335e-20)
(0.103563 0.148773 -2.3464e-20)
(0.120864 0.122927 1.9396e-20)
(0.13314 0.0940343 1.77313e-20)
(0.141396 0.0624627 1.54798e-21)
(0.146517 0.0286436 2.73895e-20)
(0.149168 -0.00683636 2.42872e-20)
(-0.0206259 0.108309 -1.99517e-20)
(0.00536871 0.162319 -3.53414e-20)
(0.0499277 0.168183 -6.38604e-20)
(0.0832721 0.156745 2.853e-20)
(0.108525 0.139729 0)
(0.12733 0.11888 0)
(0.141309 0.0947936 -3.48734e-20)
(0.151405 0.0678858 -3.05997e-20)
(0.158447 0.0385439 2.87115e-20)
(0.163531 0.00741492 -2.43147e-20)
(-0.0188646 0.0904963 2.08034e-20)
(0.00993564 0.138332 1.76625e-20)
(0.0557563 0.148436 -1.06778e-19)
(0.0898193 0.142663 1.46816e-19)
(0.115913 0.131059 -2.59321e-20)
(0.135802 0.115226 0)
(0.151132 0.095939 0)
(0.162758 0.0736665 1.65148e-19)
(0.171462 0.0487845 -1.46827e-19)
(0.178834 0.0222456 -8.07572e-20)
(-0.0138622 0.072118 1.85519e-19)
(0.0186337 0.11439 0)
(0.0651336 0.129166 1.37781e-19)
(0.0992463 0.129166 -1.18757e-19)
(0.125606 0.122933 0)
(0.146082 0.112012 4.39983e-20)
(0.162313 0.0973789 -1.221e-19)
(0.175049 0.0795424 -1.36428e-19)
(0.185081 0.0588622 6.39562e-20)
(0.194532 0.0366514 5.67826e-20)
(-0.00554863 0.0537205 -3.7851e-19)
(0.0314518 0.0910973 -4.09667e-20)
(0.0779986 0.110827 -7.58158e-20)
(0.111474 0.11659 -1.61243e-19)
(0.137492 0.1156 -5.28918e-20)
(0.157984 0.109398 -4.78305e-20)
(0.174536 0.0991594 -3.92541e-21)
(0.187734 0.0854243 0)
(0.198282 0.0684988 0)
(0.209054 0.050059 1.24378e-19)
(0.00604187 0.0358671 1.92996e-19)
(0.0482834 0.0690595 -1.75861e-19)
(0.0942537 0.0938799 1.12431e-19)
(0.126459 0.105327 2.25732e-19)
(0.151578 0.109461 -5.85426e-20)
(0.171518 0.107839 4.42447e-20)
(0.187763 0.101795 4.03563e-20)
(0.200691 0.0918697 0)
(0.210664 0.0782808 0)
(0.22129 0.0629607 -6.42133e-20)
(0.0207647 0.0191162 -2.50532e-20)
(0.0689253 0.0488489 2.19183e-19)
(0.113781 0.078748 -3.99348e-20)
(0.144265 0.0957758 0)
(0.168202 0.105094 0)
(0.187346 0.108358 1.00779e-19)
(0.202946 0.107058 0)
(0.215138 0.101639 -8.05397e-20)
(0.223489 0.0917948 2.21287e-21)
(0.231035 0.0787324 7.21795e-20)
(0.038365 0.00399151 0)
(0.0930691 0.0309605 0)
(0.136417 0.0657168 -1.58169e-19)
(0.165078 0.0880874 0)
(0.188334 0.102654 5.87679e-20)
(0.208121 0.111413 -5.44639e-20)
(0.225972 0.116397 0)
(0.242741 0.118793 0)
(0.258511 0.119283 -7.92429e-20)
(0.274261 0.118984 1.58966e-19)
(0.0584319 -0.0089905 0)
(0.120229 0.01582 -1.34546e-19)
(0.161714 0.054883 -4.08155e-20)
(0.188362 0.0818748 -1.39547e-19)
(0.210967 0.1008 -6.33675e-20)
(0.231448 0.113663 -1.66212e-19)
(0.250996 0.122429 0)
(0.270037 0.128121 0)
(0.287659 0.130986 0)
(0.301869 0.13072 1.79689e-21)
(0.0803443 -0.019333 0)
(0.149689 0.00382827 -4.02896e-20)
(0.18895 0.0463629 8.04081e-20)
(0.213114 0.076959 1.03836e-19)
(0.234358 0.0990482 -1.00988e-21)
(0.254229 0.114519 -1.7493e-21)
(0.273127 0.12523 1.01955e-19)
(0.290804 0.13223 -9.35193e-20)
(0.306187 0.136018 1.71984e-19)
(0.317348 0.136352 -1.70342e-19)
(0.103362 -0.0266378 -2.37656e-20)
(0.180628 -0.00468039 1.32468e-19)
(0.217334 0.0403296 1.96571e-19)
(0.238387 0.0734418 -2.06944e-19)
(0.257264 0.0975884 1.26364e-19)
(0.275072 0.114574 1.13456e-19)
(0.291504 0.126271 -4.99829e-20)
(0.305992 0.133916 1.8787e-19)
(0.317919 0.138359 2.14119e-21)
(0.326416 0.139535 -8.7617e-20)
(0.126647 -0.0306235 -2.22401e-20)
(0.21216 -0.00944176 2.11412e-20)
(0.246107 0.0369902 0)
(0.263459 0.0715694 1.72314e-19)
(0.279067 0.0968306 -3.14105e-20)
(0.293765 0.114543 -2.37438e-22)
(0.306832 0.126662 -5.24e-20)
(0.317704 0.134609 -1.45081e-19)
(0.326279 0.139469 1.24221e-21)
(0.332525 0.141335 1.36461e-19)
(0.149311 -0.0311532 0)
(0.243378 -0.010288 -1.16026e-19)
(0.274576 0.0365373 3.65503e-20)
(0.287814 0.071623 -9.94652e-20)
(0.299511 0.0972155 3.08557e-20)
(0.310499 0.11507 1.68238e-22)
(0.319894 0.127223 9.01327e-23)
(0.327266 0.135217 9.76276e-20)
(0.332879 0.140249 -1.38402e-19)
(0.337129 0.142564 1.39189e-19)
(0.17046 -0.0282555 9.66116e-21)
(0.273387 -0.00717485 7.63979e-20)
(0.30212 0.0391067 0)
(0.311076 0.073848 9.86058e-20)
(0.318505 0.099123 -8.95291e-20)
(0.325521 0.116664 -2.80664e-20)
(0.331235 0.128542 7.84614e-20)
(0.335356 0.136342 0)
(0.338327 0.141286 0)
(0.340716 0.143772 0)
(0.189242 -0.0221335 -8.81576e-21)
(0.301331 -0.000199571 -2.40855e-20)
(0.328177 0.0447468 3.19586e-20)
(0.332952 0.078414 4.62719e-20)
(0.336012 0.102829 4.48933e-20)
(0.339025 0.119679 2.73187e-20)
(0.341191 0.131011 0)
(0.342307 0.138381 4.98435e-20)
(0.342849 0.142975 -2.30667e-20)
(0.34341 0.145348 0)
(0.204862 -0.0131594 0)
(0.326421 0.0103911 4.70821e-20)
(0.352244 0.0534044 -3.19483e-20)
(0.353196 0.0854005 -3.05151e-20)
(0.351993 0.108505 -4.40055e-22)
(0.351123 0.124344 -1.39643e-20)
(0.349941 0.134884 1.28105e-20)
(0.34827 0.141609 0)
(0.346529 0.14563 -2.36081e-20)
(0.345246 0.147633 -2.41888e-20)
(0.216654 -0.00187908 8.24131e-22)
(0.347918 0.0241873 -1.64492e-20)
(0.373845 0.0649158 -2.00963e-21)
(0.371587 0.0947857 -2.09105e-22)
(0.366402 0.116215 -1.06126e-20)
(0.361865 0.130778 0)
(0.357556 0.140318 -1.28054e-20)
(0.353294 0.146221 0)
(0.349384 0.149502 0)
(0.346239 0.150932 0)
(0.224666 0.0110392 -1.38987e-21)
(0.365584 0.0406748 0)
(0.392681 0.0790996 0)
(0.387948 0.106543 -9.43594e-21)
(0.379188 0.126004 3.57811e-21)
(0.371262 0.139059 3.18605e-22)
(0.36406 0.147418 -6.11846e-21)
(0.357387 0.152361 0)
(0.351417 0.154799 0)
(0.346413 0.155527 0)
(0.228615 0.0249546 0)
(0.378845 0.0593031 -5.82759e-21)
(0.408319 0.0955784 5.3753e-21)
(0.402056 0.120454 1.28726e-20)
(0.390252 0.137766 0)
(0.379272 0.149157 1.28438e-20)
(0.369427 0.156209 -1.19441e-20)
(0.360522 0.1601 0)
(0.352611 0.161654 2.40534e-20)
(0.345796 0.16163 -2.34688e-20)
(0.228068 0.039124 0)
(0.387346 0.0794692 3.24659e-20)
(0.420442 0.113983 0)
(0.413739 0.136298 4.46694e-20)
(0.399521 0.151381 0)
(0.385868 0.161006 -4.75277e-20)
(0.373642 0.166666 0)
(0.362694 0.16945 4.87783e-20)
(0.352978 0.170119 -4.56835e-20)
(0.344453 0.169342 -4.75831e-20)
(0.223151 0.0527528 -6.5151e-21)
(0.390579 0.100323 -1.74897e-20)
(0.428859 0.1339 -8.09987e-21)
(0.422856 0.153794 -2.16258e-20)
(0.406925 0.166679 -2.12816e-20)
(0.391027 0.1745 2.32226e-20)
(0.376698 0.178727 2.25956e-20)
(0.363897 0.18038 -1.74112e-21)
(0.352507 0.180186 4.51383e-20)
(0.342366 0.178699 4.74586e-20)
(0.214216 0.0652799 -3.7813e-21)
(0.388402 0.121017 -1.49185e-20)
(0.43335 0.15468 -3.65144e-20)
(0.429182 0.172698 1.75465e-20)
(0.412386 0.18347 0)
(0.394733 0.189495 0)
(0.378598 0.19229 -4.75555e-20)
(0.364148 0.192815 -4.76636e-20)
(0.351236 0.191798 4.55802e-20)
(0.339597 0.189689 -4.95912e-20)
(0.201663 0.0760653 3.62505e-21)
(0.381062 0.140849 9.04035e-21)
(0.43349 0.175651 -3.4469e-20)
(0.432519 0.192547 8.94887e-20)
(0.415806 0.201468 -1.85284e-20)
(0.396956 0.205818 0)
(0.379348 0.207247 0)
(0.363446 0.20668 2.28299e-19)
(0.349121 0.204901 -2.26308e-19)
(0.336005 0.20232 -1.44203e-19)
(0.186029 0.0845367 6.0718e-21)
(0.368655 0.159065 0)
(0.429177 0.196196 5.41892e-20)
(0.432732 0.212852 -6.94257e-20)
(0.417121 0.220378 0)
(0.397704 0.223239 4.38782e-20)
(0.378976 0.223411 -1.25714e-19)
(0.36186 0.221816 -1.80869e-19)
(0.346335 0.219322 8.57892e-20)
(0.331951 0.216468 9.20231e-20)
(0.16799 0.0902856 -5.46004e-21)
(0.351356 0.174865 -8.3454e-21)
(0.420399 0.215655 -1.84993e-20)
(0.42969 0.233086 -6.96717e-20)
(0.416268 0.239853 -3.91996e-20)
(0.396961 0.241562 -4.07467e-20)
(0.37749 0.240674 3.04627e-21)
(0.359407 0.2382 0)
(0.342761 0.235076 0)
(0.326842 0.232308 1.81844e-19)
(0.14833 0.0930843 -6.11994e-22)
(0.329543 0.187501 -1.21669e-20)
(0.407166 0.23329 2.78015e-20)
(0.423268 0.252695 9.97985e-20)
(0.413123 0.259486 -2.92054e-20)
(0.394701 0.260476 4.42894e-20)
(0.375009 0.258745 4.43594e-20)
(0.356352 0.255497 0)
(0.339085 0.251694 0)
(0.322162 0.248879 -8.86232e-20)
(0.127889 0.0928943 9.55724e-22)
(0.303774 0.196322 1.74695e-20)
(0.389551 0.248334 -4.88879e-21)
(0.413327 0.27105 0)
(0.407544 0.278827 0)
(0.390845 0.279667 7.30923e-20)
(0.371448 0.277443 0)
(0.352419 0.273701 -8.42851e-20)
(0.334164 0.269704 -6.6599e-21)
(0.314667 0.268272 8.22186e-20)
(0.107506 0.0898798 0)
(0.274778 0.200835 0)
(0.367728 0.260035 -2.37013e-20)
(0.399744 0.287453 0)
(0.39936 0.297343 3.23134e-20)
(0.385307 0.298734 -2.99497e-20)
(0.366873 0.296426 0)
(0.34805 0.292493 0)
(0.330311 0.287918 -8.25057e-20)
(0.313658 0.28527 1.59519e-19)
(0.087855 0.0842711 0)
(0.243299 0.200622 -1.93795e-22)
(0.341911 0.26763 4.64085e-22)
(0.382401 0.301132 -3.67475e-20)
(0.388361 0.31442 -2.04135e-20)
(0.377922 0.317219 -8.8209e-20)
(0.361221 0.315243 0)
(0.343194 0.311267 0)
(0.32623 0.306301 0)
(0.311048 0.302057 3.43065e-22)
(0.069589 0.0764396 0)
(0.210389 0.195508 -2.3357e-21)
(0.312551 0.270452 1.22961e-20)
(0.361273 0.31128 3.03352e-20)
(0.374306 0.32935 4.4596e-21)
(0.368388 0.334598 4.35236e-21)
(0.354117 0.333531 6.32566e-20)
(0.337204 0.329696 -6.81064e-20)
(0.320691 0.324536 1.47355e-19)
(0.305846 0.319379 -1.50489e-19)
(0.0532772 0.0669476 1.28492e-21)
(0.177256 0.185619 5.30519e-22)
(0.280287 0.26797 1.97557e-20)
(0.33643 0.317079 -4.86785e-20)
(0.356949 0.34134 3.85193e-20)
(0.356346 0.350276 4.97385e-20)
(0.345185 0.350955 -3.54622e-20)
(0.329782 0.347692 1.38338e-19)
(0.313806 0.342589 3.68942e-21)
(0.299242 0.33707 -6.93552e-20)
(0.0393089 0.0564342 2.80812e-22)
(0.145174 0.171408 -2.66707e-22)
(0.245981 0.259873 0)
(0.308106 0.317747 3.79875e-20)
(0.336112 0.349522 -8.11086e-21)
(0.341468 0.363535 3.96748e-21)
(0.334141 0.36706 -2.57533e-20)
(0.320828 0.365093 -9.66822e-20)
(0.30577 0.360466 -5.60541e-21)
(0.291751 0.354887 1.05381e-19)
(0.0278624 0.0455209 0)
(0.115365 0.153633 -5.7273e-21)
(0.210731 0.246152 2.36519e-21)
(0.276774 0.312625 -1.9934e-20)
(0.311753 0.352971 7.33649e-21)
(0.323468 0.3735 -1.76871e-21)
(0.320679 0.381179 -1.64267e-21)
(0.310129 0.38147 6.14591e-20)
(0.296465 0.37792 -9.50836e-20)
(0.28327 0.372603 9.6775e-20)
(0.0189286 0.0347541 -1.51678e-22)
(0.0888705 0.133297 3.16162e-21)
(0.175848 0.227188 0)
(0.243202 0.301281 1.92222e-20)
(0.284029 0.350776 -2.21396e-20)
(0.302122 0.379153 -1.16506e-20)
(0.304434 0.392416 3.61794e-20)
(0.297328 0.396138 0)
(0.285601 0.394463 0)
(0.273574 0.389899 0)
(0.0123535 0.0245669 -3.33953e-22)
(0.0664328 0.111538 -2.34098e-21)
(0.142754 0.20379 3.80822e-21)
(0.208482 0.283651 8.61408e-21)
(0.25338 0.342154 1.23841e-20)
(0.277351 0.37938 8.85982e-21)
(0.28505 0.399654 0)
(0.28199 0.408158 2.70011e-20)
(0.272799 0.409388 -1.22104e-20)
(0.262382 0.406289 0)
(0.00788804 0.01526 0)
(0.0484293 0.0894892 4.27867e-21)
(0.112817 0.177155 -3.80764e-21)
(0.174001 0.260166 -5.28614e-21)
(0.220618 0.32664 -6.99533e-22)
(0.249345 0.373138 -5.20672e-21)
(0.262296 0.401659 4.76104e-21)
(0.263694 0.416385 0)
(0.25762 0.421771 -1.30784e-20)
(0.249309 0.421099 -1.40968e-20)
(0.00523373 0.00702037 6.15833e-23)
(0.0348732 0.0681684 -1.87333e-21)
(0.0871595 0.148746 -3.74068e-22)
(0.14134 0.231801 -1.77954e-22)
(0.186964 0.304224 -2.55821e-21)
(0.218671 0.359555 0)
(0.236173 0.397088 -4.75954e-21)
(0.24209 0.419396 0)
(0.239584 0.430355 0)
(0.233852 0.433357 0)
)
;

boundaryField
{
    inlet
    {
        type            uniformFixedValue;
        uniformValue    constant (1 0 0);
        value           uniform (1 0 0);
    }
    outlet
    {
        type            pressureInletOutletVelocity;
        value           nonuniform List<vector> 
40
(
(0.198412 0.340727 0)
(0.253728 0.470853 0)
(0.269604 0.539928 0)
(0.262282 0.565563 0)
(0.231937 0.569386 0)
(0.194943 0.571465 0)
(0.150238 0.579071 0)
(0.109011 0.591511 0)
(0.0635349 0.605149 0)
(0.0223692 0.618674 0)
(0.15049 0.23045 -2.13856e-22)
(0.131854 0.188072 -1.89707e-22)
(0.112975 0.146098 -1.25131e-23)
(0.0945121 0.105317 2.09113e-22)
(0.077156 0.0667311 -2.97609e-23)
(0.0612589 0.0313778 0)
(0 0.000209136 0)
(0 -0.0264 0)
(0 -0.0485841 0)
(0 -0.0670239 0)
(0 -0.0823288 0)
(0 -0.0951489 0)
(0 -0.106181 0)
(0 -0.116071 0)
(0 -0.125454 0)
(0 -0.134775 0)
(0 -0.144352 0)
(0 -0.154392 0)
(0 -0.165004 0)
(0 -0.176227 0)
(0 -0.204333 0)
(0 -0.26156 0)
(0 -0.3136 0)
(0 -0.36983 0)
(0 -0.435393 0)
(0 -0.510303 0)
(0 -0.601925 0)
(0 -0.726517 0)
(0 -0.873133 0)
(0 -0.974843 0)
)
;
    }
    cylinder
    {
        type            fixedValue;
        value           uniform (0 0 0);
    }
    top
    {
        type            symmetryPlane;
    }
    bottom
    {
        type            symmetryPlane;
    }
    defaultFaces
    {
        type            empty;
    }
}


// ************************************************************************* //
